  0.00904817395103787  0.01743221213463821  0.02659793553013172  0.03612188928393430
  0.04557448154758566  0.05651943875061646  0.06754389833385094  0.07783906963757121
  0.08744712976871921  0.09848439352027287  0.10935814541740686  0.12066871674407194
  0.13118324991200569  0.14109444073486199  0.15101409086473086  0.16020695838896884
  0.16975093904116648  0.17974053447532184  0.18941270721276332  0.20030736994203460
  0.21092108178214741  0.22188705649521986  0.23269996101957277  0.24285890291987611
  0.25319017078854827  0.26371958037008558  0.27493694505442590  0.28571238611208039
  0.29654304264650727  0.30684139311824965  0.31690239561979217  0.32675603909426681
  0.33659212526270105  0.34702149849930558  0.35729163828576121  0.36744192679465243
  0.37757595560114932  0.38789759922957240  0.39828984377449195  0.40797168677296969
  0.41793041544113441  0.42691432072224911  0.43616603019621181  0.44565731632584699
  0.45529044108424233  0.46520712641566297  0.47537366089558181  0.48565717666432773
  0.49589224631112760  0.50628369988030542  0.51703719933186165  0.52739170312578987
  0.53712659531663542  0.54664175202853038  0.55679444269681311  0.56745380435295467
  0.57786993255744235  0.58792139348628825  0.59813137393461813  0.60913739121248478
  0.62105228451892158  0.63325111223000985  0.64507568510606683  0.65632804960132818
  0.66727087131863860  0.67814202709731231  0.68895204775381280  0.69970508457210578
  0.71035304395447152  0.72085739489415313  0.73100021928459491  0.74081700273344275
  0.75093742898770888  0.76186200477914379  0.77327733185979541  0.78424403528305930
  0.79479969208089873  0.80514876384093248  0.81543948524379917  0.82589096072325441
  0.83667317480196346  0.84789531008283281  0.85879669352481236  0.86883917172332914
  0.87883136600115852  0.88929214843897464  0.89989401472507746  0.91015751387722155
  0.92031957611118376  0.93059364086443519  0.94106462002413160  0.95140201330756824
  0.96205184077588179  0.97258463446996268  0.98347627498888968  1.00000000000000000
  0.00000270974700483  0.00000280928453754  0.00000288059901077  0.00000295212505578
  0.00000301948623451  0.00000309072953224  0.00000316910528459  0.00000326069800118
  0.00000337753290358  0.00000351335202742  0.00000365492686150  0.00000381401504106
  0.00000403008522277  0.00000425276610465  0.00000447125740605  0.00000470500758811
  0.00000495571944574  0.00000523337273384  0.00000553567441649  0.00000586626772934
  0.00000620850932972  0.00000656479100407  0.00000696489344700  0.00000741037517508
  0.00000789605594776  0.00000840377138373  0.00000892287338127  0.00000947198386815
  0.00001006162643235  0.00001067354507589  0.00001132230588951  0.00001199196289363
  0.00001270051640092  0.00001344142726324  0.00001422472434084  0.00001506254458292
  0.00001596189198530  0.00001693014556740  0.00001797784485177  0.00001910575843711
  0.00002025069743318  0.00002140735041147  0.00002257307879994  0.00002375950188708
  0.00002499108486145  0.00002626924698830  0.00002762665726586  0.00002909251776959
  0.00003066114653382  0.00003230793970629  0.00003403072143131  0.00003584970694256
  0.00003779089460735  0.00003986286967977  0.00004207842374104  0.00004444107160901
  0.00004700670046813  0.00004975225196298  0.00005267544062602  0.00005579248658208
  0.00005910301037706  0.00006251169031996  0.00006608966618970  0.00007018985843238
  0.00007464938211828  0.00007961742971505  0.00008514849443280  0.00009100493908594
  0.00009717904621820  0.00010404922363219  0.00011179605418476  0.00012010217619395
  0.00012906938505498  0.00013909062344621  0.00015025260720228  0.00016291671270480
  0.00017761113039182  0.00019448262636731  0.00021486981583264  0.00023824794512722
  0.00026650845048264  0.00030115242263918  0.00034405818528784  0.00039850208718495
  0.00047348421901087  0.00057065587177246  0.00068497124711220  0.00083782185666368
  0.00104089123488024  0.00133282713996945  0.00198360952005859  0.00344351374348386
  0.00677863124928332  0.01834859340082236  0.41522542831753340  1.00000000000000000
  0.00000236754650723  0.00000260888405260  0.00000286266593023  0.00000314733025995
  0.00000348147307134  0.00000381793183520  0.00000415033894196  0.00000447831189932
  0.00000479738197953  0.00000512595798136  0.00000546036482425  0.00000582445110899
  0.00000624633206799  0.00000671907410058  0.00000720408379018  0.00000768970666533
  0.00000819779005872  0.00000874314117747  0.00000932773691347  0.00000994279627204
  0.00001059992398556  0.00001131810096913  0.00001205086504537  0.00001275975964221
  0.00001351854689362  0.00001426108964920  0.00001495278588786  0.00001569738527415
  0.00001649466142695  0.00001735659628064  0.00001828839118519  0.00001927444443351
  0.00002030249718890  0.00002135357030317  0.00002240708494515  0.00002347774565642
  0.00002459195852069  0.00002572452169250  0.00002691149224436  0.00002815499013608
  0.00002945402744762  0.00003087750431216  0.00003239558289356  0.00003402509806515
  0.00003572274288574  0.00003747383892289  0.00003929749471891  0.00004119919710282
  0.00004316547166786  0.00004530014146543  0.00004764577617481  0.00005015112996755
  0.00005268198180936  0.00005518667145264  0.00005777717673326  0.00006054677323699
  0.00006354240080843  0.00006679213951384  0.00007026771810215  0.00007391043034165
  0.00007776758675245  0.00008175760019078  0.00008593723217350  0.00009068163704855
  0.00009578076082884  0.00010105561339887  0.00010673069961450  0.00011303401839773
  0.00012011408677751  0.00012805574925768  0.00013671358535691  0.00014589741847675
  0.00015554657267121  0.00016643355769354  0.00017868300184696  0.00019295081985311
  0.00020965088298609  0.00023039048047255  0.00025439092394229  0.00027982608155079
  0.00030924515260057  0.00034403322145638  0.00038453006323858  0.00043673373792267
  0.00050373581336282  0.00059845853076555  0.00072617436165235  0.00090326905994875
  0.00115062403534949  0.00154928512151636  0.00228757446239149  0.00369952640682895
  0.00737068586716674  0.01961275294233045  0.08627967551849632  1.00000000000000000
 -0.00254063976946422  0.00963887058467599  0.02058608344451607  0.03120901230973523
  0.04180344686774001  0.05265206235661678  0.06422665029157135  0.07565854139618321
  0.08725227379420072  0.09708614232064722  0.10664234155115779  0.11645036087187270
  0.12683361199899243  0.13804924096845772  0.14928104466719655  0.16035345228578698
  0.17124735838561436  0.18211664962503635  0.19301977452137903  0.20434969758401642
  0.21592149833816271  0.22719341365901502  0.23754473439396781  0.24779324571863878
  0.25850866999033645  0.26960637716864927  0.28071218896827749  0.29165483981172535
  0.30254921440281674  0.31366209749350366  0.32490306593967172  0.33589278461368122
  0.34651944432541465  0.35683955695176611  0.36702076138136269  0.37733616598081310
  0.38745229523393082  0.39728520620251373  0.40637950896646363  0.41608193682778233
  0.42573618157445137  0.43526944450886723  0.44479205207283867  0.45417921273445749
  0.46498901977874346  0.47582680720824744  0.48692914737776527  0.49799299788469309
  0.50907403782298644  0.52026550858116549  0.53123155472005557  0.54254128794029977
  0.55396956650192819  0.56636120037352744  0.57742724031521131  0.58791892615035257
  0.59802344561295284  0.60833669252126943  0.61769304013993154  0.62681343260997813
  0.63640830084740707  0.64694413488545210  0.65771605967249380  0.66806371401116371
  0.67810557874919530  0.68817701084618532  0.69838638795331454  0.70838959097166865
  0.71892752270247295  0.72958298510862640  0.74037897867119784  0.75121589968319880
  0.76163872127472920  0.77166246826251172  0.78147269759404581  0.79145075231517370
  0.80123452716161070  0.81050552758096317  0.82038657528762593  0.82978719951537716
  0.84000633766974475  0.85002633757270829  0.86083925433604003  0.87144473796889854
  0.88172750343106854  0.89185387383764203  0.90215598229633587  0.91344478324103417
  0.92500753379126477  0.93705403491066430  0.94837839160834514  0.95996185804588108
  0.97033080350004153  0.98033395880202234  0.99013013148225315  1.00000000000000000
 -0.00240688665546550  0.00940170072644683  0.01997363388657570  0.03031061593852307
  0.04077945396970845  0.05136913627819267  0.06291817030508452  0.07381406807862943
  0.08390455429003568  0.09417442663209938  0.10443315319550577  0.11567722641886652
  0.12668666624168856  0.13743796108146122  0.14797851383411650  0.15897175761460122
  0.16987927154739535  0.18091758466909263  0.19180186300657284  0.20186792610323748
  0.21189368523420718  0.22210444352427658  0.23287921920965962  0.24393215665513232
  0.25532547650135612  0.26683977393819835  0.27851745704010789  0.28966125026148087
  0.30076066919393479  0.31168520268630345  0.32260060954576875  0.33353200355370383
  0.34351565162417608  0.35330712685576093  0.36300545288909219  0.37308675679335407
  0.38346152061379624  0.39372766075037868  0.40368038097139980  0.41325586037901640
  0.42277928624658384  0.43277592868376008  0.44323841885910947  0.45399055857724085
  0.46475794830322559  0.47568485158198620  0.48654451156779693  0.49761273321110150
  0.50873392281283092  0.52019838706530763  0.53153612425854480  0.54263881237663514
  0.55360312516456922  0.56420395244660626  0.57406845434756149  0.58363281239134079
  0.59357252982214637  0.60366112519023596  0.61398965950841378  0.62406803718601311
  0.63325877735199854  0.64226853704292075  0.65074223481500948  0.66102020971109665
  0.67202597588093971  0.68392647365207293  0.69538751585903413  0.70691727834569618
  0.71751522639977550  0.72894292390173399  0.74062023419244816  0.75242066610459546
  0.76354323752074671  0.77445686527130397  0.78524994819550142  0.79545607655261219
  0.80524221716913091  0.81480384246021553  0.82508896415780308  0.83515742959662975
  0.84508955161774213  0.85517364437238619  0.86625340772790704  0.87721137267812643
  0.88742877576412160  0.89714587648741861  0.90732601866038098  0.91736013192888421
  0.92769942999158772  0.93787649801179873  0.94864675458454351  0.95897945260195905
  0.96810394698221869  0.97774681864615631  0.98752830060909202  1.00000000000000000
 -0.00289578408854949  0.01105524310053656  0.02272077631620357  0.03375227395902127
  0.04453638188740918  0.05528729052765698  0.06575688851798352  0.07622420945969986
  0.08492779169296974  0.09463171787112780  0.10384995019433704  0.11465110386240170
  0.12532504890501936  0.13595248732500922  0.14600064378221778  0.15496375576235105
  0.16477857126931886  0.17443200586324778  0.18426333988623853  0.19381603176546006
  0.20310697095651417  0.21277167128492849  0.22220719211375869  0.23188961557081381
  0.24245305402490058  0.25361249904517991  0.26501163487620327  0.27599575225628975
  0.28661594016928599  0.29697095254938621  0.30719883533222719  0.31733335057505235
  0.32724004469674478  0.33708554820374753  0.34697953380730362  0.35691800661589468
  0.36694084707938895  0.37756352742162907  0.38901382879239932  0.40079489204538177
  0.41243914856759406  0.42365006238718794  0.43479432309092103  0.44597465758863808
  0.45685137875511123  0.46750134303473606  0.47802012084326995  0.48864227796247706
  0.49935665205918961  0.51001460302707402  0.52035828840341836  0.53046021545401256
  0.54035931833718343  0.55009355365915691  0.56011739407411842  0.57059150889209997
  0.58133376451017438  0.59127958761629518  0.60061689857238898  0.61009939469176322
  0.62043710206310887  0.63154971823203665  0.64248304659095157  0.65359418109743395
  0.66505510394191925  0.67709229507176805  0.68895089079398886  0.70031559409607791
  0.71135246788252182  0.72235775946832481  0.73377074869468994  0.74493953131004098
  0.75633121852098173  0.76722811073727704  0.77657198563489571  0.78594305916700968
  0.79551201565495155  0.80570903318245668  0.81594697182703624  0.82633668412527927
  0.83710801428191806  0.84797867664096982  0.85891700637197110  0.86992088208338769
  0.88088069929905610  0.89211432779586342  0.90291279471411778  0.91343681851094072
  0.92394925650649495  0.93475907738506592  0.94557530930402978  0.95657616350276697
  0.96782621102614219  0.97906091087635649  0.98985535256270640  1.00000000000000000
  0.00002788655371986  0.00016267497243461  0.00047647849391227  0.00089832372168910
  0.00136330977559706  0.00174580805260619  0.00211633085415481  0.00251853384993758
  0.00293255376210861  0.00335434728630431  0.00378449576219314  0.00422010010505616
  0.00464701648902181  0.00508014748511927  0.00551619343183051  0.00595894407853871
  0.00641059040557017  0.00686993011528032  0.00733437598913865  0.00781379430831139
  0.00829593240566559  0.00878191631518642  0.00927605942528032  0.00978192973320579
  0.01028987929359854  0.01079311684093023  0.01131651625046383  0.01183176431597332
  0.01236642529245573  0.01290223539698398  0.01343282269034860  0.01395703568827785
  0.01450160714337036  0.01505413951201276  0.01559798761299402  0.01614728453006670
  0.01670002899839967  0.01726503203996189  0.01786382272049322  0.01848979590758683
  0.01912720960608358  0.01973132975948445  0.02036114448879359  0.02102283011393162
  0.02173619703879071  0.02248183478123669  0.02329901048897397  0.02407534085750297
  0.02481027124933005  0.02556078278050589  0.02631439644047007  0.02705086610654374
  0.02778020438400746  0.02852923383914871  0.02932357874315835  0.03016336948168393
  0.03103150949252875  0.03196575169270021  0.03290411585057514  0.03380642339446709
  0.03470719870715733  0.03569886666572569  0.03669304451306323  0.03768798838961564
  0.03875790214174317  0.03985052657052190  0.04098434409184994  0.04217632057482309
  0.04348042690967491  0.04495248654899657  0.04644721855751583  0.04789554001551215
  0.04910466433194209  0.05044288269669422  0.05191422197699058  0.05367324009585071
  0.05549299642670565  0.05726779245115343  0.05900182798238298  0.06057454841872081
  0.06233777108295415  0.06525798781090196  0.06901431681576890  0.07245080255443984
  0.07590063561959128  0.08005395537812832  0.08540441058053930  0.09199635358350616
  0.09968545721883929  0.10772487714889632  0.11671520661775997  0.13120640729756186
  0.14976442879086835  0.16936024832026775  0.84951370389759695  1.00000000000000000
 -0.00249606248271396  0.01051534914165273  0.02155778443828095  0.03322832836614550
  0.04492767638945646  0.05677996814506250  0.06867938858192327  0.07985998206748210
  0.09090579908818715  0.10155377166102610  0.11199650341677579  0.12297087481769454
  0.13454720149380037  0.14646538197635101  0.15771638194053281  0.16873032602848620
  0.17910602077428001  0.18903997898495617  0.19882931662758427  0.20919405246564479
  0.22017214325851114  0.23117745393760111  0.24197229153651489  0.25227730019313288
  0.26233088845557534  0.27243776431259181  0.28233102331599680  0.29173784175982631
  0.30110549798023650  0.31109599636778562  0.32180666479129094  0.33219186092719699
  0.34178199330754178  0.35112660642197069  0.36052399574028909  0.37011127247020892
  0.37948163595592982  0.38857703684525413  0.39769569702692253  0.40659081991537088
  0.41540793586805108  0.42452300001936272  0.43414757651177005  0.44423266305761988
  0.45424660780343851  0.46408536363803837  0.47373897207168025  0.48296703667869095
  0.49167506524109439  0.50049700839555811  0.50982536826101998  0.51964451927551003
  0.52977713039735697  0.53995893761793523  0.55049525579783820  0.56084424004503386
  0.57096650884314515  0.58118333123348997  0.59161797938772409  0.60203549581700144
  0.61191428197895004  0.62162085175071946  0.63152658023809194  0.64160193659888343
  0.65135888100118255  0.66105778674894256  0.67097247222067025  0.68107415673432137
  0.69157268339977440  0.70263845152670223  0.71440563287827841  0.72631921542918998
  0.73709343773226943  0.74690044998043081  0.75620550912994899  0.76579442009612020
  0.77561496085451687  0.78582968914697482  0.79622461037358849  0.80691916190777924
  0.81866354338095770  0.83014399826829610  0.84195687290561372  0.85389088101449151
  0.86615708592771679  0.87800591379886439  0.88963621240602331  0.90149175837201001
  0.91411825744457942  0.92639387571522847  0.93827472263605904  0.95087962449352947
  0.96360877007522772  0.97608898868241967  0.98791168648256877  1.00000000000000000
  0.05294343283383725  0.22142950731571637  0.32857640342671807  0.40899173029685487
  0.47140497555061583  0.52144902844355767  0.56340428776747564  0.59956244706223316
  0.63067238608252196  0.65722936203116333  0.68077558818157713  0.70202017754502632
  0.72143536288580978  0.73889792528431708  0.75485621635734157  0.76945271248355052
  0.78277535667486409  0.79498520971368392  0.80637166197681309  0.81705184178220858
  0.82701774573729503  0.83637279415486887  0.84499909543320073  0.85305593525031731
  0.86046658959538114  0.86732802589096591  0.87372731954574123  0.87964293980101549
  0.88518332031268088  0.89055349444784315  0.89571605474780669  0.90050689147350038
  0.90505634435373261  0.90931411116159278  0.91341347137860118  0.91725284726550815
  0.92084466937393916  0.92434110544927373  0.92769443231945503  0.93088350359734706
  0.93393114433308733  0.93687439215871438  0.93965084543056687  0.94225858891025160
  0.94482152996764668  0.94731176202742506  0.94968623570172495  0.95195028058174136
  0.95413559120007041  0.95625726583927795  0.95826440611070018  0.96011315725225232
  0.96186304636480369  0.96352775603192531  0.96516054690650188  0.96674461908003173
  0.96824184091268573  0.96963075595369019  0.97097340240615393  0.97226939840609872
  0.97350184835056852  0.97470221414558056  0.97587705739689579  0.97701239369144388
  0.97810504288919664  0.97916846885820752  0.98020828623106127  0.98117442899897067
  0.98210031994662728  0.98299410177579705  0.98386407035714851  0.98471001770720490
  0.98553447680764772  0.98634350213745681  0.98710097783038098  0.98783778389815446
  0.98855311822197200  0.98925369618052628  0.98993683264347876  0.99059151320649219
  0.99123667841980390  0.99185574825190936  0.99246697897028890  0.99306790650881871
  0.99364763788501187  0.99419262264031194  0.99473701734662245  0.99527545229391601
  0.99580295291560306  0.99631021830072430  0.99682915213222223  0.99736326427161215
  0.99791690099916075  0.99850476828626011  0.99918895812909947  1.00000000000000000
 -0.02227901263192121  0.10950662147453852  0.14880612084210867  0.17438877886569609
  0.19438975732162220  0.21100113748864985  0.22618892781191918  0.24012067592759079
  0.25281015821519126  0.26444233080695156  0.27528226763854063  0.28499229394091108
  0.29436384105935864  0.30364891279980483  0.31343345187482252  0.32322833326263839
  0.33275116880248717  0.34145933954912483  0.34955273821997168  0.35744407832433062
  0.36511227309506805  0.37269493832270112  0.37965424210138055  0.38627706833786168
  0.39315295179292342  0.39991188062918420  0.40681615125860049  0.41356809358523550
  0.42034057094265220  0.42682594822666886  0.43326093007657462  0.43981155328210281
  0.44651629404126847  0.45318159888117732  0.45957599737759613  0.46567554075651407
  0.47155659339627970  0.47684217927415612  0.48250192324335783  0.48836130774089370
  0.49430719538025775  0.50108768813304017  0.50756700064465154  0.51408971503382850
  0.52027463102430449  0.52601472295855223  0.53128890319287791  0.53678596386507449
  0.54201217506053567  0.54734554126822899  0.55283636487782228  0.55862050696163357
  0.56455584450748897  0.57075349670308517  0.57720206037342570  0.58370457754687632
  0.59016830412313215  0.59663624999110321  0.60307243382335274  0.60933105880142702
  0.61526900236757798  0.62095175346467335  0.62696214038763465  0.63320629645212811
  0.63940185464746613  0.64540932462667533  0.65126537252054528  0.65734718800607372
  0.66401366270820272  0.67088009380725433  0.67758958377523482  0.68405454448339564
  0.69062203358604302  0.69750256548745715  0.70462928291589677  0.71185523431862119
  0.71914822829074077  0.72643186112599956  0.73352122927576646  0.74052070355550115
  0.74766600943360206  0.75479991191502005  0.76167533112916008  0.76859276848541425
  0.77601710900795806  0.78417048594454319  0.79315680528253207  0.80292348503905753
  0.81354694449541243  0.82515484208965995  0.83773262952746308  0.85143791578637751
  0.86685009597706075  0.88658814400760244  0.91968481807463254  1.00000000000000000
   1.2136069794547702E-009  -1.0000000000000000     
 F F F F F F F F F F F F F F F F F F F F F F F F F F F F F F F F F F F F F F F F F F F F F F F F F F F F F F F F F F F F F F F F F F F F F F F F F F F F F F F F F F F F F F F F F F F F F F F F F F F F F F F F F F F F F F F F F F F F F F F F F F F F F F F F
  <DiscreteSampler_grid>
  grouped_processes
  1 # 1 for a reference and 2 for a running grid.
  10 # Attribute 'min_bin_probing_points' of the grid.
  1 # Attribute 'grid_mode' of the grid. 1=='default',2=='initialization'
  0.0000000000000000 # Attribute 'small_contrib_threshold' of the grid.
  0.5000000000000000 # Attribute 'damping_power' of the grid.
 # binID   n_entries weight   weight_sqr   abs_weight
    10   10   1.517346287673053E+004   2.212878087096192E+009   1.517346287673053E+004
  </DiscreteSampler_grid>
