  0.00892411492133889  0.01693128442612133  0.02917577964283657  0.04261822096210601
  0.05526402678200659  0.06761584058399014  0.07939712851287360  0.09108377338459073
  0.10268475094176911  0.11282675790141262  0.12172665486056693  0.13018773646825674
  0.13860760679753706  0.14717686166169788  0.15513693313450547  0.16315398163842013
  0.17239665165580262  0.18243931067733299  0.19244301798399163  0.20249920106902891
  0.21344546302449521  0.22535317524463760  0.23717440761452169  0.24771625076718115
  0.25840879496051078  0.26901268757623886  0.27939694838303364  0.28960073071517606
  0.29934297013877836  0.30957865374008031  0.31967500025028478  0.32997399389737175
  0.34014771539344812  0.34992053293269826  0.36021267965389836  0.37049086086462235
  0.38069433588766061  0.39147849208357027  0.40233024875261886  0.41269742613196314
  0.42228499296936278  0.43194090720060552  0.44150751697556756  0.45310632654429234
  0.46579702960202002  0.47701122687006831  0.48784040717949911  0.49830595672041728
  0.50824971742223513  0.51858994185303287  0.52934792756020699  0.54026359626445830
  0.55047575208031074  0.56004118072587306  0.56899873853431748  0.57782455400170452
  0.58689861079057104  0.59668820655692456  0.60730831094611093  0.61821476817721843
  0.62946591229380011  0.64158092040563208  0.65433089843896775  0.66664980611595059
  0.67800360389161363  0.68894892787577211  0.69961471257347907  0.71077207903764439
  0.72190212205684756  0.73278411779441421  0.74366889252567492  0.75373043078431157
  0.76324728718050061  0.77293359882982449  0.78254207661616892  0.79221165334695764
  0.80165691079663848  0.81093013801255520  0.82010607054950180  0.82937119753084787
  0.83968864254836795  0.85106553525262718  0.86296691314332541  0.87472292065015222
  0.88471547380817195  0.89381654244114983  0.90285644517970476  0.91244639853595555
  0.92255802762596373  0.93269296278803737  0.94286935909781244  0.95407439224030111
  0.96522342817772100  0.97624416934919700  0.98797481331275261  1.00000000000000000
  0.00000233680818516  0.00000335779579181  0.00000423970621292  0.00000568792249082
  0.00000758995109116  0.00000994940215524  0.00001291083170290  0.00001668493895202
  0.00002201084882009  0.00002774537247750  0.00003428951480540  0.00004249458564779
  0.00005330118122500  0.00006694572506534  0.00008324208933811  0.00010314838338207
  0.00012933461954450  0.00016350858721916  0.00020677796377365  0.00026024918751945
  0.00032104115576242  0.00039312040685253  0.00047950931012951  0.00057751410201808
  0.00066853487201653  0.00075493726284614  0.00085059198962756  0.00095575161441500
  0.00107033396982600  0.00119428485935706  0.00132796021883627  0.00147425880878700
  0.00164523318825622  0.00184203050013120  0.00204041790733674  0.00223289355604490
  0.00243217817686109  0.00264626149872678  0.00288159463972695  0.00313687327811945
  0.00341131735214734  0.00368786206245070  0.00394319183372151  0.00418174542667016
  0.00441482029397385  0.00465656514418825  0.00489165963491889  0.00513097055210446
  0.00538527782371196  0.00568101860495287  0.00595895730978349  0.00622918191214227
  0.00649585673237679  0.00681640797023332  0.00720291987517790  0.00759028230236366
  0.00795585321875185  0.00832061851743116  0.00870186276242868  0.00910319837183559
  0.00948218019872629  0.00993981505867708  0.01045076219258294  0.01103046622537630
  0.01171959465243532  0.01246477921483000  0.01320719988048051  0.01393631787269897
  0.01469844873605752  0.01552061337282327  0.01648840833754963  0.01757690259755401
  0.01883923060770559  0.02015852045198455  0.02162639914790030  0.02315577150912775
  0.02476293162566858  0.02610534838832572  0.02719628952391967  0.02817440417637363
  0.02929842826556195  0.03056980124034281  0.03222807961774318  0.03398754701197406
  0.03502882617158687  0.03980460072131355  0.04535176167405840  0.05065360652862280
  0.05610833926973099  0.06252365810004606  0.07018445065455441  0.08672494500455770
  0.12902153037684114  0.20822168827735926  0.47597746624204390  1.00000000000000000
  0.00000213210353541  0.00000381888055213  0.00000558080160513  0.00000750301028504
  0.00000946313093207  0.00001175078907914  0.00001469181544770  0.00001814016029994
  0.00002203034037049  0.00002662190540278  0.00003223027399815  0.00003848645076624
  0.00004581405116823  0.00005476597012876  0.00006619039299241  0.00007864799567912
  0.00009285558849375  0.00010930154255408  0.00012971193318762  0.00015450516180365
  0.00018407643812666  0.00021718370990529  0.00025189246398434  0.00028945072316834
  0.00033313849370106  0.00038416382005983  0.00044245736280452  0.00050592616852590
  0.00057760523968108  0.00065660012523794  0.00074154851008804  0.00083537152131288
  0.00093443282397738  0.00103696911132185  0.00114193794329678  0.00125463878443006
  0.00136935907705183  0.00148896790362360  0.00161390344399300  0.00176007486101858
  0.00190579027520318  0.00205097285708548  0.00220346796205528  0.00237319022408897
  0.00256451829111069  0.00274848660284957  0.00293304113931711  0.00311605979067047
  0.00331262191249318  0.00353019687196448  0.00375266848051660  0.00398515915988439
  0.00420648269918092  0.00442509332379848  0.00467561634478248  0.00497209278366690
  0.00530019918895199  0.00561729009575855  0.00586920991297269  0.00623324074299616
  0.00670359683834880  0.00721758320735661  0.00774346694754561  0.00826218190682377
  0.00875836794808404  0.00926055116523064  0.00975590441795637  0.01028197503351686
  0.01080908127602646  0.01137807112501970  0.01198910946425681  0.01263819846238998
  0.01332673085866183  0.01406174766458844  0.01482816563597958  0.01564192308026890
  0.01646584185490583  0.01734930244315028  0.01836699911033915  0.01957302918150759
  0.02093320558620013  0.02249972037907118  0.02417764660335640  0.02563713338860887
  0.02844742438360043  0.03195703943129893  0.03707701783639214  0.04169169241458129
  0.04582573317920595  0.05018593099959304  0.05301179548318394  0.05603696328733733
  0.06194613598969621  0.07490945152880621  0.09994297491561203  1.00000000000000000
 -0.00230129909481656  0.00913514728019537  0.01995302420946011  0.03028857303210716
  0.04025386021957193  0.05008954787210747  0.06044705110705256  0.07222144399993242
  0.08440364859278719  0.09659628597133103  0.10802659948545601  0.11852793731670466
  0.12948878645763473  0.14082648805825851  0.15197644041781314  0.16255639682544751
  0.17324069459938760  0.18440552557105394  0.19539893042836576  0.20732048238497344
  0.21926708971283287  0.23151622516383402  0.24319725566609107  0.25376897488100525
  0.26386461785980458  0.27394847812423506  0.28374512919211486  0.29342415955790874
  0.30337087391644446  0.31393874984485981  0.32458060141908135  0.33484281843521374
  0.34490942807189795  0.35487188569570122  0.36482173515220306  0.37472281495550175
  0.38511795796508663  0.39604106954022944  0.40720937205244889  0.41832582515581801
  0.42909172069596468  0.43935222043204081  0.44928061790691903  0.45949744352052507
  0.47005972605894047  0.48042668501825103  0.49115273785918789  0.50234857048014914
  0.51413213545827419  0.52590291011135049  0.53715761838918508  0.54748957569394752
  0.55721314631382934  0.56723327976517324  0.57713408701463098  0.58672467491608404
  0.59587202473483858  0.60581366160793992  0.61692176234958029  0.62811391847605436
  0.63881567126258221  0.64929375278089274  0.65956227926362443  0.66925246111801795
  0.67863496303388515  0.68850129543390892  0.69941982899816135  0.71111475690954851
  0.72324278926314456  0.73555973797417806  0.74748884712740904  0.75902153602841804
  0.76999613980080028  0.77990250677870132  0.78944004173175153  0.79922402379538160
  0.80919617742184735  0.81910782049672881  0.82897592867315439  0.83941456838875206
  0.85030240415378489  0.86003385761759155  0.86847392641293020  0.87726462893190460
  0.88633089327820824  0.89604585939501746  0.90522576720634962  0.91466372603588242
  0.92522013168108030  0.93660458854810957  0.94709972507185725  0.95733975851543662
  0.96756177772703134  0.97795838191360906  0.98864860161635937  1.00000000000000000
 -0.00266063113019060  0.00994906209483286  0.02214270365180320  0.03377460891521298
  0.04504187523351187  0.05592551769731226  0.06696084744705022  0.07878041011966508
  0.09076430724377037  0.10256101418600390  0.11396767675349065  0.12489997423357167
  0.13593586862028292  0.14657092878358674  0.15674412205082347  0.16686062556507200
  0.17687437221065525  0.18680559998942650  0.19667143502820478  0.20724231495067896
  0.21939123051934858  0.23145187153717856  0.24267781988728218  0.25323556857018914
  0.26340822490921340  0.27281926711721344  0.28237709215258427  0.29240453753494494
  0.30305621568269714  0.31383978776048166  0.32489600018546183  0.33586513036531174
  0.34632389951113318  0.35627949778031720  0.36584648077890963  0.37548647303805671
  0.38537038915147198  0.39556028008524624  0.40554747071206781  0.41536398084414394
  0.42588935263831856  0.43700907533099609  0.44674978579049718  0.45599910810547711
  0.46518048947351964  0.47441820803988666  0.48380530324064175  0.49314894734601200
  0.50285099407286205  0.51365063909547803  0.52440456488944598  0.53497466031560892
  0.54568915984801536  0.55692299856449667  0.56772414049052111  0.57883977716048041
  0.58999391310078797  0.60073662200434041  0.61157772231468066  0.62277075891284350
  0.63462263534472374  0.64613739960987093  0.65713620110288729  0.66772332038289650
  0.67845819744511660  0.68919021630788968  0.70041635789174583  0.71113641014175222
  0.72273546857154103  0.73411028162387681  0.74574376636999595  0.75639891942701454
  0.76620786379171635  0.77597144883266922  0.78612821138910749  0.79635130309151803
  0.80622930641295887  0.81581450347586848  0.82540684856120217  0.83475382949959342
  0.84425096509089559  0.85464240957877602  0.86540965849991636  0.87619286533383667
  0.88681847704987582  0.89749540057847166  0.90853391979430775  0.91859608784206481
  0.92768598828836701  0.93691977314599140  0.94608583458569373  0.95628111756118372
  0.96665747202634700  0.97733921329639328  0.98835176899316934  1.00000000000000000
 -0.00211536596437282  0.00857081959718341  0.01900018152076018  0.02920396162798225
  0.04003003292219589  0.05085138273657860  0.06111394708741636  0.07134208369623248
  0.08194570875212678  0.09290126517793476  0.10330203861195854  0.11333828780701302
  0.12375395590583832  0.13400398546125758  0.14479758519700039  0.15603631810004082
  0.16723424715558455  0.17756048550152406  0.18745261923756112  0.19711866901953881
  0.20667442076389494  0.21616566207923327  0.22615982257154585  0.23724370522462615
  0.24942843575730186  0.26138654221210206  0.27400804873273255  0.28645266565690097
  0.29823620519249033  0.30909118289929205  0.31923245564210290  0.32951732558352614
  0.34054943982002345  0.35217319669171993  0.36373866764049256  0.37556199381682209
  0.38719300949613683  0.39874540203791708  0.40977886643254413  0.42049307846306810
  0.43120180000854685  0.44212059489931305  0.45313026324310246  0.46436907772657099
  0.47541928354532370  0.48527627339747870  0.49432166318645526  0.50352327742762315
  0.51327584927745040  0.52248748473113094  0.53124636421369831  0.54000179019635408
  0.54934612769197144  0.55869998902351670  0.56812932235012981  0.57810639924238416
  0.58843740702020608  0.59873196114111282  0.60873462039017734  0.61896427922054287
  0.63044118205663879  0.64246993039223510  0.65344690446118847  0.66340676042135394
  0.67343303337041460  0.68368234905818648  0.69369199016772110  0.70343608968963056
  0.71316944438628271  0.72293228399107468  0.73239407787094502  0.74148746244230501
  0.75063018839379314  0.75995525016079268  0.76934272572929641  0.77977692529785669
  0.79125445171456643  0.80320409083848099  0.81457778180412499  0.82511277363508129
  0.83536447245829393  0.84574946380835547  0.85648847963151309  0.86759123455008758
  0.87881678592781309  0.88982805207616056  0.90043955206060677  0.91081157715257399
  0.92140569773873415  0.93216475588147463  0.94303112980745851  0.95395883018629601
  0.96483084840309019  0.97618002989510277  0.98781470784720593  1.00000000000000000
 -0.00055374463641459  0.00253246202393102  0.00467262725394204  0.00641807083142888
  0.00797210632898524  0.00941363728355490  0.01076913864354159  0.01206099462421635
  0.01326587823005644  0.01438064131875136  0.01548748495510096  0.01656572727036845
  0.01762476874018435  0.01867808776989089  0.01976261038548168  0.02088472756991792
  0.02202304782745897  0.02311704242777225  0.02416709481127599  0.02511862118323609
  0.02609021894847699  0.02706795734203277  0.02807315038080736  0.02907509609427672
  0.03009124061945870  0.03111835201569256  0.03216573844695567  0.03320965707619950
  0.03424286874612354  0.03530859479676034  0.03637131803399882  0.03746996583164517
  0.03861731628734978  0.03973912072347937  0.04087310911095579  0.04205723123196967
  0.04329059798607519  0.04443809981961635  0.04541694439430710  0.04652278433012117
  0.04771850443374296  0.04878582155098951  0.04987396306519498  0.05098008660909548
  0.05208651365351655  0.05325126531686996  0.05453932754733449  0.05598845530647926
  0.05748011306259185  0.05887170392570107  0.06010168631298955  0.06128637101575152
  0.06250928634740774  0.06393252387272896  0.06567292030886999  0.06763368283126983
  0.06914571440743407  0.07068697596300143  0.07203068719818070  0.07336817697036327
  0.07476168006196264  0.07686548418471305  0.07894827928457691  0.08066618544311394
  0.08226815274782540  0.08418407546353034  0.08653424724702906  0.08948708439173793
  0.09239003863861454  0.09491896813129808  0.09772266599943501  0.10058276812160014
  0.10334907509138298  0.10516372765287192  0.10735750823450363  0.10976290647092371
  0.11231031605983581  0.11437422217588823  0.11642531418377799  0.11892048799597070
  0.12228311784441546  0.12457477083664821  0.12787994993145507  0.13211190863989219
  0.13594610151927736  0.13987553022083701  0.14277514971891472  0.14591130612928943
  0.14970710622951258  0.15419405432938926  0.15918060791564359  0.16939141163552646
  0.19734252357240822  0.29523949969705882  0.85957053907240222  1.00000000000000000
 -0.00173514553154778  0.00567613838318509  0.01372427058670492  0.02141720753532300
  0.02922232225969899  0.03737828731086675  0.04570743000706268  0.05396883651951782
  0.06280345115042282  0.07061671046421110  0.07848574563532985  0.08609526670057022
  0.09377500193361667  0.10184873934025382  0.11065866577801386  0.12002575320683419
  0.13006410977811692  0.14050474192732298  0.15011112961542550  0.15879438381231673
  0.16768052039102355  0.17671587094507149  0.18576247259028561  0.19450333302818004
  0.20286104464280930  0.21231409633068574  0.22331064129508205  0.23533257743155400
  0.24890056457053961  0.26317369395708745  0.27829777534829603  0.29284844699388446
  0.30595989399866580  0.31816619344728964  0.33068718486487858  0.34339032600593633
  0.35668007600915003  0.36994398133012818  0.38307831426879135  0.39648436739310566
  0.41003236456697206  0.42383824241072793  0.43942768995597714  0.45639681164090395
  0.47412025983417005  0.49214991300811783  0.51080563325945749  0.52966247575737624
  0.54780264302711801  0.56557611917951289  0.58307091025995739  0.59995443886105682
  0.61627572749282389  0.63137579243895769  0.64486340855323054  0.65840022713855129
  0.67209610583528023  0.68556220757153130  0.69899230228478126  0.71233917838301763
  0.72491836276777100  0.73731919684488956  0.74891558632967026  0.75891191406531811
  0.76851383943417961  0.77758377111532229  0.78598839218600003  0.79419806841978691
  0.80262922347959864  0.81096314389988089  0.81984284815644226  0.82942801160353019
  0.83805352249945908  0.84629635750957388  0.85419359313465171  0.86177173524726858
  0.86920023191275320  0.87639123274312802  0.88333782534857541  0.89005527270500351
  0.89671725378806877  0.90350658029442499  0.91039069835456043  0.91737194169044622
  0.92446958963585268  0.93151406079432175  0.93842227371861142  0.94538202863698462
  0.95252737229029316  0.95965006395112884  0.96668266262750613  0.97362151830602195
  0.98029137351012596  0.98678444685625111  0.99337545264478599  1.00000000000000000
  0.05830173775297406  0.26207593977334975  0.39125902256716116  0.48807094463035672
  0.56390925764162081  0.62561235467368970  0.67665433189335833  0.71973271112201687
  0.75641353643112652  0.78762063813556193  0.81458233677733405  0.83722148450655032
  0.85686850884924348  0.87396693149423743  0.88829244624336046  0.90050709763528969
  0.91078606193897327  0.91972503751233070  0.92745007105986677  0.93441274596846091
  0.94018498886453505  0.94491609376977093  0.94929646028846637  0.95333785842307239
  0.95683149437619797  0.95947989717331228  0.96157201865895803  0.96358474136515571
  0.96551807891708830  0.96730414460261027  0.96894027756280865  0.97048808533839315
  0.97198215711070712  0.97341614880983085  0.97476047023915113  0.97602707580944004
  0.97723473989642606  0.97838452849139623  0.97942071208048764  0.98033101925703447
  0.98119388739973823  0.98202044650243148  0.98282765467865418  0.98360766783472731
  0.98435304100542986  0.98505134601938493  0.98572812297289381  0.98638168095186018
  0.98700471168739901  0.98758405746884304  0.98811203012612969  0.98860084480596244
  0.98907397314891876  0.98953541464513872  0.98998457721630606  0.99042179304619549
  0.99084194463895026  0.99124350447346343  0.99163080175574136  0.99200582843549623
  0.99235024148179041  0.99268922665206039  0.99302477588308469  0.99335010779420729
  0.99365502580712917  0.99393578481854938  0.99419758415812465  0.99445296968837615
  0.99470224045753020  0.99494668701230182  0.99518855218514390  0.99540412537687106
  0.99561608674912572  0.99582595160650167  0.99603244076409070  0.99622884788303390
  0.99641899470977890  0.99660452284645151  0.99678509473361110  0.99696059855957531
  0.99712629962996224  0.99728824662725135  0.99744682998835943  0.99760144300817744
  0.99776269080858238  0.99792533985930842  0.99808792654773815  0.99824879122478249
  0.99840241269554719  0.99855490841392225  0.99871706293614415  0.99888836643732470
  0.99907580620534298  0.99930268845671133  0.99960082763513514  1.00000000000000000
 -0.02295489423402302  0.11778220182628840  0.16058590696010466  0.18903535763033924
  0.21080280305942536  0.22749381592202222  0.24202262460288348  0.25552864704592465
  0.26772215894233398  0.27849234205097617  0.28847642014263741  0.29784034653066521
  0.30703545815941635  0.31649057042990536  0.32576236933536951  0.33433913018049655
  0.34211355082702083  0.34956102316463694  0.35699463192150777  0.36452521228500279
  0.37214777247863912  0.37970287851003520  0.38728136077213010  0.39454267777521584
  0.40126505178186517  0.40795607796056599  0.41446245095703721  0.42093615998114592
  0.42735824407348488  0.43368299329555121  0.43972188156715036  0.44553799535914856
  0.45155835773910485  0.45759684382021698  0.46309907753115798  0.46842811039451482
  0.47373498551957482  0.47916434767407640  0.48445640000232582  0.48967163431190475
  0.49489522020293220  0.50002426557182367  0.50515060682609025  0.51019558778442009
  0.51510393444845082  0.52025646946390958  0.52587471361083216  0.53169840945853675
  0.53737734995460151  0.54273899057476660  0.54789696407155120  0.55291780448381078
  0.55809505030153517  0.56365090695221087  0.56913538944500430  0.57468823597142737
  0.58059877957570194  0.58693321387748776  0.59321507990880307  0.59925598271863822
  0.60506634105287205  0.61080289200870896  0.61652647763251089  0.62222299551795246
  0.62789995938566912  0.63362550432140818  0.63936761318841651  0.64498734395617208
  0.65054402117694532  0.65619799913638577  0.66225934629872762  0.66821833157849631
  0.67383674317001518  0.67956759192581229  0.68507518559840874  0.69113498536280193
  0.69702488833000220  0.70283607449553109  0.70907283714596103  0.71577300728371018
  0.72338851322675268  0.73146803061880139  0.73965372620796377  0.74798742488982761
  0.75626494634719865  0.76536761456766500  0.77478659877715084  0.78421016617251027
  0.79420763836345953  0.80569956915483776  0.81799036247838075  0.83211574946982503
  0.84940408599577610  0.87127261433866643  0.90627973624483527  1.00000000000000000
   6.1857328176738304E-009  -1.0000000000000000     
 F F F F F F F F F F F F F F F F F F F F F F F F F F F F F F F F F F F F F F F F F F F F F F F F F F F F F F F F F F F F F F F F F F F F F F F F F F F F F F F F F F F F F F F F F F F F F F F F F F F F F F F F F F F F F F F F F F F F F F F F F F F F F F F F
  <DiscreteSampler_grid>
  grouped_processes
  1 # 1 for a reference and 2 for a running grid.
  10 # Attribute 'min_bin_probing_points' of the grid.
  1 # Attribute 'grid_mode' of the grid. 1=='default',2=='initialization'
  0.0000000000000000 # Attribute 'small_contrib_threshold' of the grid.
  0.5000000000000000 # Attribute 'damping_power' of the grid.
 # binID   n_entries weight   weight_sqr   abs_weight
    10   10   1.064663032764788E+004   1.060834664358849E+009   1.064663032764788E+004
  </DiscreteSampler_grid>
