  0.00942325002650453  0.01628612963227139  0.02658639462911498  0.03823002881288916
  0.04991868835130633  0.06165201259302638  0.07295198877995408  0.08387848778802755
  0.09426181116223005  0.10496540398871004  0.11574712386195760  0.12652114927756580
  0.13788320809409466  0.14835250848672912  0.15813681401622295  0.16733493600864460
  0.17677290033810930  0.18597845492890985  0.19506188700358493  0.20425513151780450
  0.21306270327431404  0.22169456771984580  0.23071303067061188  0.24050595827623289
  0.25076216234575094  0.26091957323217047  0.27076831474241114  0.28042896433111619
  0.29039853058716547  0.30087661731560306  0.31151319276448175  0.32218252113834206
  0.33283414318983068  0.34342006535704450  0.35400932454414014  0.36486893084706806
  0.37609188896184198  0.38728932874151395  0.39826492701656835  0.40886948171881138
  0.41908517849056587  0.42918929555624286  0.43901375019657196  0.44868886136307734
  0.45843603990187859  0.46837371195955935  0.47893575328228971  0.48967530455222802
  0.50067349855597210  0.51152137675953280  0.52230161759838234  0.53265361905474573
  0.54261259388677918  0.55304870702297537  0.56373687914062165  0.57459598412172164
  0.58537926738845547  0.59586922494550643  0.60607378700687264  0.61630023409316481
  0.62674891130689914  0.63740436185052707  0.64825192588569225  0.65915614190326122
  0.66995946792599881  0.68064965148914736  0.69117633719516391  0.70169818871516088
  0.71240722799080036  0.72330026239732970  0.73457817260289837  0.74611767307436427
  0.75760059795657697  0.76905526223731935  0.78005638469058713  0.79017654487097788
  0.80010569513257823  0.80914722824714791  0.81758850383727788  0.82621049023421167
  0.83595273920968838  0.84652776114324846  0.85693978708447083  0.86745507096909125
  0.87820254517008334  0.88924810597597070  0.90061967618816285  0.91196422995469917
  0.92305754733586709  0.93405324793107836  0.94504684707213227  0.95615524404330454
  0.96721981673636803  0.97849092120621395  0.98930497670018158  1.00000000000000000
  0.00000265986761908  0.00000281635224049  0.00000292744104336  0.00000303603346914
  0.00000314899791384  0.00000327504964125  0.00000341133129990  0.00000354993031784
  0.00000369703494513  0.00000385593207315  0.00000403484430991  0.00000423199714075
  0.00000445542630050  0.00000470585213189  0.00000497772929536  0.00000527716779658
  0.00000559704960329  0.00000590423580323  0.00000626495297092  0.00000660987383279
  0.00000700561680264  0.00000741558602001  0.00000784551874151  0.00000830710122178
  0.00000878949239895  0.00000928289926045  0.00000978980919363  0.00001030978914588
  0.00001084868310715  0.00001143331559664  0.00001203654259528  0.00001268517131477
  0.00001333792138072  0.00001402972850576  0.00001476484712736  0.00001555853041176
  0.00001642687305531  0.00001737693359215  0.00001837519661101  0.00001940351949242
  0.00002046891312667  0.00002158475444506  0.00002275862273713  0.00002399147527531
  0.00002540034977113  0.00002677586854927  0.00002816243474023  0.00002958481329693
  0.00003105857571632  0.00003261549744917  0.00003425589821127  0.00003603168019526
  0.00003793229315532  0.00003991802468204  0.00004201633580303  0.00004424993490917
  0.00004661143107219  0.00004905219630373  0.00005156315091553  0.00005421001846997
  0.00005704380601523  0.00006004099703555  0.00006316445897676  0.00006646551046033
  0.00007000528252930  0.00007375667843790  0.00007786016792704  0.00008238031977708
  0.00008703317225905  0.00009205815906112  0.00009799528063543  0.00010434824273891
  0.00011154024354036  0.00011985699595516  0.00012914976475214  0.00013944507196439
  0.00015116738597424  0.00016391194034483  0.00017884109795201  0.00019552034000579
  0.00021452604768475  0.00023577063602897  0.00026062107408041  0.00029025118700532
  0.00032790120737899  0.00037604140888968  0.00043844391840059  0.00052230360816217
  0.00063722892499816  0.00079324724952403  0.00103047333911353  0.00156406719850131
  0.00295965835158882  0.01118104063032677  0.40615015060230863  1.00000000000000000
  0.00000235224595213  0.00000262370113494  0.00000287619584555  0.00000313825665268
  0.00000341333889223  0.00000369571214465  0.00000401220499942  0.00000434227225512
  0.00000468609026928  0.00000506591115936  0.00000547179555238  0.00000589020445130
  0.00000631842089236  0.00000675141255945  0.00000721620639576  0.00000769927588809
  0.00000818893496878  0.00000868607011578  0.00000920092205690  0.00000974452294131
  0.00001031541161075  0.00001091790179581  0.00001147718765414  0.00001208546751735
  0.00001272035604977  0.00001337608126189  0.00001409777239563  0.00001485378129888
  0.00001563266108418  0.00001642027474440  0.00001721240243093  0.00001800056606806
  0.00001879096725778  0.00001960714504959  0.00002044965016409  0.00002134184685678
  0.00002231753871043  0.00002336684263301  0.00002448353572281  0.00002563210827417
  0.00002686145828192  0.00002819008125958  0.00002959306461691  0.00003104281271571
  0.00003254570717156  0.00003409666523285  0.00003572957713536  0.00003740345390577
  0.00003919293710113  0.00004114279453839  0.00004324380161265  0.00004542868211196
  0.00004765152638473  0.00004993567998504  0.00005234461992391  0.00005490203971684
  0.00005762128725530  0.00006039381990387  0.00006331621543107  0.00006644009912416
  0.00006976630740711  0.00007328069520890  0.00007698505909437  0.00008085217991039
  0.00008486839640321  0.00008923649123666  0.00009407724153254  0.00009917928738848
  0.00010488807854496  0.00011088922319200  0.00011678872298202  0.00012329188909596
  0.00013035524218568  0.00013849528325867  0.00014864129952430  0.00016031280140274
  0.00017297784461939  0.00018742180741866  0.00020455505161319  0.00022328093650476
  0.00024374186456312  0.00026639862978365  0.00029232632444160  0.00032373618415064
  0.00036367400070970  0.00041377090644103  0.00047654529346559  0.00055619441966054
  0.00065344708257378  0.00080002540305348  0.00104349686002608  0.00148520510038903
  0.00261181465866166  0.00782509278797628  0.11391790023829018  1.00000000000000000
 -0.00274271626527585  0.00979866890778437  0.02053897408601488  0.03154218409100709
  0.04274661122389498  0.05369784441832044  0.06423108592662570  0.07443737989633636
  0.08476768726041584  0.09551777940720013  0.10645999621801883  0.11745311839236303
  0.12833576428018972  0.13861425061292043  0.14833573626748384  0.15790907360751108
  0.16774221883974497  0.17791808986703553  0.18804596744591331  0.19815575904483096
  0.20828433489133558  0.21838582072570803  0.22869583805501442  0.23954650917738343
  0.25066609936041562  0.26191240978648977  0.27334149669206664  0.28398239531936342
  0.29326696104406763  0.30187663277694282  0.31101654868881523  0.32033203842921226
  0.32907005280052382  0.33806479979581650  0.34796951539227494  0.35892133126612907
  0.37028315809160467  0.38104450023155217  0.39132279839705414  0.40186168907649489
  0.41309777822106170  0.42428022621188827  0.43571257281681142  0.44719671650407855
  0.45870244828436241  0.46977508363745818  0.48023908961989564  0.49047327726577211
  0.50097710843043497  0.51199700203392529  0.52222344766834106  0.53207341602975644
  0.54192011928099360  0.55188215425171405  0.56253065096592680  0.57327765659043095
  0.58307993221335219  0.59282392903481940  0.60262623904648216  0.61340192699977225
  0.62365904859949683  0.63321645797836101  0.64292392263668763  0.65368467528088658
  0.66531774324208404  0.67697466412947982  0.68861191143883194  0.70025396347652669
  0.71175204562546146  0.72288451938960663  0.73381785763161900  0.74437024375342342
  0.75478989062929147  0.76542810103481540  0.77619345526803107  0.78681191116339877
  0.79727522515294902  0.80782047622790953  0.81852655390507745  0.82905414646236997
  0.83915571623606866  0.84856135125380694  0.85833717190230918  0.86853441837633061
  0.87938379030817582  0.89058562204627856  0.90172775079734702  0.91306587404146122
  0.92460205486400471  0.93575607492501345  0.94675046803802898  0.95748302488712356
  0.96819263602400663  0.97863982761617074  0.98944618038659815  1.00000000000000000
 -0.00178236028433050  0.00744165739442549  0.01710894049708292  0.02677071792350270
  0.03741754358147384  0.04820050356706395  0.05866296661266822  0.06935787487818107
  0.07972707714400377  0.08993792523933491  0.09959494913544620  0.10956261769959559
  0.11992840522693583  0.13034402530870054  0.14106166185374905  0.15195172822685205
  0.16295670880194454  0.17294764332438373  0.18299761807897197  0.19328670995580363
  0.20382802761162733  0.21423497442686906  0.22479678243991699  0.23591110882590063
  0.24781807610102297  0.26006117574338089  0.27208158046617359  0.28354425548297074
  0.29516404105474786  0.30681414726596412  0.31856979337824892  0.32881422006831068
  0.33922473688501042  0.34935651700537040  0.35901959473009820  0.36905543488050063
  0.37932582299528134  0.39007852272556798  0.40094505187380441  0.41217857864430379
  0.42303898351718949  0.43310557234638014  0.44258538271005315  0.45230099130182178
  0.46331515259547795  0.47458885881926988  0.48555047252902117  0.49576302331902461
  0.50531337501378204  0.51510630088366838  0.52528279955858570  0.53595574069156204
  0.54689419070253409  0.55735735219919769  0.56766663664488159  0.57807960458228158
  0.58850824667366519  0.59884450298315273  0.60925744164662665  0.61932482695322655
  0.62873940199914879  0.63783883349809101  0.64736157789870652  0.65726851815913390
  0.66709409373414552  0.67706592445127844  0.68812817708874952  0.69876664806724975
  0.70879351116737377  0.71852851002222407  0.72820402346939095  0.73791937505915828
  0.74753606842248332  0.75734849832335815  0.76775735371560749  0.77868344801550682
  0.78954169713648981  0.80006310999782082  0.81073158577206117  0.82201999019172622
  0.83322618697631612  0.84416697518715178  0.85465645556798053  0.86472944222708736
  0.87485904339163245  0.88556187552891530  0.89704142364463835  0.90867754708009651
  0.92007962821835043  0.93129544014594945  0.94243469154428217  0.95366771300497200
  0.96577777721052926  0.97753701929057624  0.98897808530159304  1.00000000000000000
 -0.00307872547929231  0.01101786070763381  0.02151156786828296  0.03067020865324786
  0.04000208186827610  0.05016625139259822  0.06034027945333728  0.07035299335361545
  0.07985941491184029  0.09052992884484617  0.10180272616409630  0.11143282033146953
  0.12166028212425008  0.13179559194601065  0.14256468101355815  0.15354847703203181
  0.16365377386050239  0.17339137558883450  0.18334787654255658  0.19369950846641690
  0.20496621262321590  0.21608078475421602  0.22752549274263151  0.23861653442972652
  0.24925344203534888  0.25940345999814673  0.26953696894347795  0.27981319925518727
  0.29054472681454796  0.30169187655947927  0.31318104502759242  0.32408139761504801
  0.33458447589823098  0.34486027827091748  0.35528412540891741  0.36577552784347028
  0.37536098584457905  0.38491957911211333  0.39423916524755442  0.40438990734856750
  0.41531456204595912  0.42614212938386214  0.43610771521195446  0.44640448547200828
  0.45728287205249812  0.46796889982159035  0.47881219104209882  0.48936832740801300
  0.50032134328092914  0.51015529404613791  0.52051793706268812  0.52984826144425090
  0.53947150161925927  0.54886592737807016  0.55890333656490920  0.56936403860391249
  0.58019796054444928  0.59150087275306251  0.60306221930903936  0.61438404871977748
  0.62553129173091293  0.63680892862649219  0.64776838437427864  0.65724992144672634
  0.66651784481091925  0.67570169326962937  0.68621953233027033  0.69741683938197441
  0.70855009345408837  0.71958663234134768  0.73051260163579579  0.74140077229941703
  0.75218195910768604  0.76310156362971115  0.77367700045863042  0.78481364912246698
  0.79586962627984636  0.80666299556110954  0.81708541196521234  0.82774027103683856
  0.83900343874390748  0.85070730489644164  0.86190928343698792  0.87281358172200785
  0.88323747540343645  0.89385934598631700  0.90435452424278073  0.91513576258596618
  0.92573852076470919  0.93662777775388351  0.94709996981231770  0.95728046042699544
  0.96771892641827728  0.97839193988945306  0.98933969015305256  1.00000000000000000
  0.00001391824229115  0.00018890171592558  0.00049638029941873  0.00090863835356759
  0.00141524454095878  0.00184428174798444  0.00222933955279460  0.00264421150234868
  0.00307619155396629  0.00351453415197258  0.00395670377263924  0.00440170931047502
  0.00485493997927927  0.00530999613642112  0.00577233751437187  0.00623906584847574
  0.00670424595657049  0.00716952665280872  0.00764334500310364  0.00813264804916677
  0.00863155700073399  0.00914271923425869  0.00965534535271604  0.01017458978652862
  0.01072632360700980  0.01128371391150372  0.01184979867115262  0.01243358869557280
  0.01300288721446395  0.01358033705297310  0.01415937083914754  0.01474245885088694
  0.01533108013317077  0.01592541346906474  0.01654117271185641  0.01719149450314241
  0.01786635937437340  0.01856438300504598  0.01929414101792932  0.02004687282917603
  0.02081985473032036  0.02161572381671741  0.02246059769601783  0.02330016750729843
  0.02411488771735492  0.02491015728182392  0.02570539903952808  0.02657728837070937
  0.02744352106190884  0.02826989352241475  0.02903808078944415  0.02989435589433463
  0.03080225118823976  0.03173691582484243  0.03264502104486626  0.03358196365603429
  0.03455892133073648  0.03555649672756973  0.03656494927781033  0.03765245187191456
  0.03881663677026901  0.04004936631435409  0.04138134839011712  0.04289491251549271
  0.04450851981627107  0.04605613782554636  0.04747609686780801  0.04896699216037678
  0.05059856872636139  0.05228708515724672  0.05407107006072416  0.05624586100375832
  0.05861326247342135  0.06069515668302044  0.06284753034923334  0.06505079122472472
  0.06747747648352563  0.06983960613621287  0.07215670997542090  0.07432361784036803
  0.07674948654655621  0.07950050740761069  0.08250845858483993  0.08569177766588197
  0.08853406418361420  0.09182967861035871  0.09551606750427932  0.10061761160875080
  0.10488737705316784  0.10938111321670888  0.11492970353094226  0.12171982162146751
  0.13203920042640052  0.16937242868803215  0.90053544296328181  1.00000000000000000
 -0.00202764020035514  0.00881975293374063  0.01938130403186376  0.02994387439559209
  0.04126209521998723  0.05336659709854659  0.06558611397798032  0.07809697934561993
  0.09047821061540252  0.10287464238722438  0.11471401056970308  0.12616941197364731
  0.13722358208995877  0.14815546620027964  0.15894756829447546  0.16934411107611075
  0.18000745010100067  0.19158708139724853  0.20392335925359587  0.21589436374946541
  0.22713696291227639  0.23832072121819503  0.24961820190982334  0.26075708803987102
  0.27219071779326703  0.28293229436446382  0.29332440553775097  0.30341940501406478
  0.31356633352860164  0.32401167838276396  0.33385747721938269  0.34291763616253468
  0.35168261735724543  0.36004886742956943  0.36941868403527722  0.37827939898374413
  0.38742148709857993  0.39653406088398624  0.40590826155016824  0.41550247394942857
  0.42519450803601005  0.43528038983555767  0.44460243738728933  0.45325834838760248
  0.46172572529359557  0.46991037404327951  0.47902645807542327  0.48890412742741007
  0.49862238940409864  0.50775801712869584  0.51665986768737227  0.52554178323266643
  0.53441727541481987  0.54336536855489626  0.55263491100036088  0.56251881492305389
  0.57285482618969386  0.58302254123385400  0.59250449122899518  0.60145364549919689
  0.61045828249777156  0.62005525493758229  0.63054514593774535  0.64155685377973348
  0.65276297364567926  0.66409909741886164  0.67525641999673325  0.68618810165610988
  0.69679023662420092  0.70722097135113104  0.71790345868928596  0.72885732099353484
  0.74062927922682986  0.75186980068669451  0.76321872171653016  0.77433741334655282
  0.78553100136663612  0.79651735422664782  0.80767031422374191  0.81966220960902747
  0.83143499901578366  0.84249369110046146  0.85326758064748953  0.86472035103657974
  0.87685436893864666  0.88930616508089022  0.90142805087755828  0.91285879750554166
  0.92354275089352744  0.93380484833816568  0.94439905840046268  0.95521798097394295
  0.96641410108966674  0.97767781557721634  0.98889562116667418  1.00000000000000000
  0.03397886108289155  0.20927566911734263  0.32142488640608752  0.40264693563767323
  0.46363969849749126  0.51605174878637217  0.55831941355714154  0.59393746959161275
  0.62555384250784052  0.65327247489052975  0.67738598578353726  0.69912012754422836
  0.71885249436004128  0.73663954901220996  0.75267361679211908  0.76719969123135567
  0.78053818600903002  0.79289013118427998  0.80436230527823094  0.81518873988367546
  0.82540544339801669  0.83507160619264265  0.84392749775728015  0.85202209182201183
  0.85944595993406447  0.86636655761591441  0.87292951869844160  0.87906896731503226
  0.88480004630621234  0.89028686075697028  0.89536832193373372  0.90001262069298760
  0.90445881451878718  0.90874458681294601  0.91291100110785772  0.91679151179521901
  0.92031687846920918  0.92368382324548559  0.92694615486387277  0.93013230300636696
  0.93324623613683932  0.93628611070974332  0.93900153831549704  0.94150829924155022
  0.94394010743149603  0.94630344300720903  0.94856415571815234  0.95072197363382771
  0.95281985859087703  0.95486737241174613  0.95687498908387603  0.95882406938901443
  0.96064196066694008  0.96232970901649639  0.96396371675853854  0.96554273146732450
  0.96705354814544919  0.96848669745207550  0.96984319751232750  0.97115469293319279
  0.97243293953389520  0.97372056534124196  0.97499400200154906  0.97622005036494164
  0.97739431818809408  0.97852347291853070  0.97960917708751116  0.98064360827454400
  0.98160290348470758  0.98249751417059283  0.98336697768769810  0.98423290740905789
  0.98509413507929389  0.98592723681964778  0.98670641340417020  0.98746238741444026
  0.98821799442882696  0.98896922688996169  0.98972284078800965  0.99045273898477038
  0.99110766729899780  0.99175094444999390  0.99238719385037377  0.99299423216281080
  0.99357423860979999  0.99413946657294583  0.99469139436142129  0.99522423992780240
  0.99574585936064575  0.99625819040758135  0.99676111372626164  0.99727056577212936
  0.99782086297333539  0.99843815147284687  0.99917088012344402  1.00000000000000000
 -0.02244141096890412  0.10797198754289246  0.14614299629097244  0.17136708299736808
  0.19216433546489228  0.20901799870924123  0.22244720181888347  0.23427616923286801
  0.24530309963689242  0.25774087900525439  0.26942882901607373  0.28011240731074266
  0.29007494846203619  0.29970994611743917  0.30925944054175858  0.31866238320479146
  0.32804326925036181  0.33715196422447852  0.34628065398178898  0.35470671447484431
  0.36254887833819899  0.37012110094701639  0.37763263847931061  0.38508525760857198
  0.39234980704254435  0.39933294338129954  0.40597238558942977  0.41233280904913922
  0.41879109641289158  0.42519458140161398  0.43145478928902892  0.43789938666707900
  0.44387876398753656  0.45070485510119079  0.45739251241684276  0.46415048905369649
  0.47060636116012899  0.47719403392948123  0.48361913226711456  0.49010316442162388
  0.49646161070917627  0.50291998812196126  0.50956178550784603  0.51614988793081695
  0.52253600243508591  0.52872287427424003  0.53471059805641696  0.54064539339726969
  0.54674533648623502  0.55323921117363717  0.55967145205849900  0.56619967991229936
  0.57223406399716392  0.57808370156072619  0.58393767897818916  0.58997672619093688
  0.59605083862818220  0.60213383158861489  0.60827500309464722  0.61445887082782691
  0.62061009370441345  0.62668214862822458  0.63277031263862182  0.63888895628619680
  0.64504236264447312  0.65122412664756713  0.65737281748393250  0.66354269083075101
  0.66980995676512112  0.67585649925358859  0.68158454830816217  0.68725920471367608
  0.69309474896735634  0.69931509108136447  0.70588162637019569  0.71273187351999756
  0.71975742472230964  0.72680646438533958  0.73362202864076664  0.74037729609100367
  0.74711154784025235  0.75421785904553695  0.76196243087798465  0.77026499734149267
  0.77914891765410565  0.78862513880908391  0.79852675932900996  0.80858325409321319
  0.81874372418043884  0.82945741438501708  0.84181382958087614  0.85584517890464007
  0.87145614273724892  0.89058403175217193  0.92168449508133277  1.00000000000000000
   1.1588379528904622E-009  -1.0000000000000000     
 F F F F F F F F F F F F F F F F F F F F F F F F F F F F F F F F F F F F F F F F F F F F F F F F F F F F F F F F F F F F F F F F F F F F F F F F F F F F F F F F F F F F F F F F F F F F F F F F F F F F F F F F F F F F F F F F F F F F F F F F F F F F F F F F
  <DiscreteSampler_grid>
  grouped_processes
  1 # 1 for a reference and 2 for a running grid.
  10 # Attribute 'min_bin_probing_points' of the grid.
  1 # Attribute 'grid_mode' of the grid. 1=='default',2=='initialization'
  0.0000000000000000 # Attribute 'small_contrib_threshold' of the grid.
  0.5000000000000000 # Attribute 'damping_power' of the grid.
 # binID   n_entries weight   weight_sqr   abs_weight
    10   10   6.901908160640658E+002   1.508003506578961E+006   6.901908160640658E+002
  </DiscreteSampler_grid>
