  0.00897661229564743  0.01814498246342624  0.02902571251691615  0.03974416407946835
  0.04985958528595850  0.06034023205522279  0.07125908602131256  0.08222493120069373
  0.09303963168889813  0.10400131116110471  0.11545552086863674  0.12712362102011332
  0.13792911197125030  0.14748397287544504  0.15742055480058262  0.16740401825412543
  0.17770485802648497  0.18894543823084470  0.19975713764109931  0.21098979249517161
  0.22185344729660292  0.23310251069436333  0.24386837356161870  0.25443094057052607
  0.26544598613494180  0.27536827726775093  0.28432925768393563  0.29340116040510716
  0.30229011586561993  0.31229875844506122  0.32228541477402467  0.33186586520351263
  0.34113768280868412  0.35052157537141754  0.36045246836469186  0.37117923095314254
  0.38157393947056539  0.39151677637917132  0.40160944255063774  0.41220100433583523
  0.42331898136783425  0.43432257092907978  0.44516934312847717  0.45587397859047485
  0.46637138430614056  0.47687669959245876  0.48746675462427602  0.49842012090375271
  0.50883708994419408  0.51952172126365126  0.52999693565308292  0.54015900312070864
  0.54993101350242923  0.55928382677629018  0.56918305887920695  0.57911699042415499
  0.58950098177675536  0.59981220505806554  0.61022081771859793  0.62046115168040983
  0.63063682603540572  0.64138736332518864  0.65269420116543286  0.66492614205602263
  0.67656191223813522  0.68787933589832417  0.69875115059254755  0.70961575230109597
  0.72061296987203893  0.73166115172318380  0.74244962546506577  0.75314102230161384
  0.76366357962760301  0.77393902233901712  0.78411997462686100  0.79439567699286973
  0.80502601342076885  0.81596959772358990  0.82697291239034043  0.83792351916035723
  0.84867349309637941  0.85935108728697385  0.86967500729211733  0.87977440034245313
  0.88987025219375782  0.90030517183348524  0.91070092765022703  0.92094688578544504
  0.93118095781811216  0.94177015113952289  0.95200677025216729  0.96306982451281831
  0.97272390220455929  0.98264591052429207  0.99107472520681772  1.00000000000000000
  0.00000263419936149  0.00000269531423872  0.00000276269233424  0.00000284173582005
  0.00000292820767168  0.00000302777050526  0.00000314466404709  0.00000328815113189
  0.00000343583924027  0.00000357532600930  0.00000371868191348  0.00000388094781595
  0.00000406310840544  0.00000426645475894  0.00000448858875132  0.00000473032178543
  0.00000496350742257  0.00000522175957124  0.00000549714272023  0.00000577966623067
  0.00000610124704057  0.00000645614541199  0.00000682488558388  0.00000721590075589
  0.00000761440849764  0.00000801530586538  0.00000844162732921  0.00000891218247292
  0.00000941991197653  0.00000996266989421  0.00001058111270105  0.00001122486295368
  0.00001188459112581  0.00001256233066782  0.00001327965063692  0.00001404223652774
  0.00001484239204252  0.00001566803616797  0.00001650675207383  0.00001735626610357
  0.00001824399369328  0.00001913235633713  0.00002009085968667  0.00002108981317059
  0.00002216507445470  0.00002334008796317  0.00002458191975234  0.00002585240795734
  0.00002714938028639  0.00002850238386868  0.00002990998666956  0.00003147764045093
  0.00003314255109982  0.00003488072875072  0.00003679338761786  0.00003887877537513
  0.00004107311381392  0.00004331776105024  0.00004560680784966  0.00004802913490016
  0.00005067205747303  0.00005346181910969  0.00005652020521584  0.00005980356392679
  0.00006326603801403  0.00006699037247365  0.00007106384246162  0.00007544411650689
  0.00008002188702265  0.00008503460054154  0.00009050475274865  0.00009657439625181
  0.00010339522887007  0.00011090514410570  0.00011927879954609  0.00012864755378509
  0.00013847939686777  0.00014897235291347  0.00016032725902888  0.00017288966439513
  0.00018689919771617  0.00020371842129492  0.00022484839313407  0.00025074914603196
  0.00028160799926050  0.00031912052460650  0.00036498796033783  0.00042150153052213
  0.00049446164928804  0.00060929490704809  0.00081022556848469  0.00113889007172979
  0.00187249803168447  0.00729057745209417  0.25102440766294742  1.00000000000000000
  0.00000234666612241  0.00000266228995267  0.00000293231511140  0.00000319848263672
  0.00000345937347776  0.00000372363422498  0.00000401656387117  0.00000433955712044
  0.00000470664739473  0.00000510750693042  0.00000553799327251  0.00000599288034882
  0.00000646489070394  0.00000694989833464  0.00000744584846771  0.00000794691307209
  0.00000844228134852  0.00000895555208514  0.00000948588432740  0.00001003989469645
  0.00001058010658724  0.00001114686278405  0.00001171673721125  0.00001231064394223
  0.00001294733516011  0.00001361054689572  0.00001427979073656  0.00001496644012632
  0.00001569617133855  0.00001647256033956  0.00001730499147185  0.00001818638126630
  0.00001907871661764  0.00001997726324025  0.00002089255878886  0.00002181039565057
  0.00002278764070752  0.00002378886078997  0.00002482942370033  0.00002591551848646
  0.00002704234372411  0.00002815756787929  0.00002929145161172  0.00003050225331216
  0.00003178231838525  0.00003312957768834  0.00003459207166415  0.00003618007147279
  0.00003788353653358  0.00003959953989818  0.00004135258205858  0.00004319980523079
  0.00004520132722453  0.00004732743044414  0.00004958341834023  0.00005204326258925
  0.00005456209154521  0.00005718218133534  0.00006013711044495  0.00006306723061642
  0.00006619838516553  0.00006957231401654  0.00007323156835825  0.00007697149219306
  0.00008106146203176  0.00008532995300432  0.00008996130722209  0.00009468087377885
  0.00009936257281944  0.00010428785983884  0.00010972393541602  0.00011511987722268
  0.00012142947867768  0.00012879777323206  0.00013640557044035  0.00014492743421750
  0.00015457950041116  0.00016536423348580  0.00017809932238016  0.00019291927042283
  0.00021090995275860  0.00023202607106073  0.00025521542754120  0.00028133143238733
  0.00031352951636197  0.00035354146363188  0.00039948629047369  0.00045720131564572
  0.00052998996676621  0.00062560332143891  0.00075703635101660  0.00098268768468535
  0.00141019029030774  0.00317086350753414  0.55750276526135079  1.00000000000000000
 -0.00260621533089062  0.00990130550736592  0.02088999099024601  0.03184584173957711
  0.04350776388804135  0.05502456187002025  0.06653341917986408  0.07808789326701705
  0.08990104381698995  0.10146008896532917  0.11243609516601306  0.12310542645255214
  0.13383530308964442  0.14460776491415450  0.15545100903597639  0.16635629068091584
  0.17764034140006638  0.18901167270227565  0.20030861419158458  0.21134722607896075
  0.22195915197007249  0.23208087452413209  0.24186811316012552  0.25147688329805234
  0.26086239164813990  0.27047718651554392  0.28056679885178554  0.29097911115178465
  0.30148470150573536  0.31162747565367288  0.32157151253938304  0.33145203786252386
  0.34201445275049114  0.35225704079962189  0.36230764954924921  0.37187573325835377
  0.38092483503873914  0.39026262287214769  0.39947623122641840  0.40970446557381607
  0.42065447740162526  0.43133287204725601  0.44204147604584998  0.45293757964534942
  0.46377438656784148  0.47439895253197800  0.48468926882571156  0.49460936614424711
  0.50418877486630642  0.51287534332818896  0.52168957616787681  0.53110047424446793
  0.54098076456179278  0.55184435151035527  0.56311742993325387  0.57427407066869196
  0.58530460613360369  0.59611429028120622  0.60718246143880172  0.61843809816143880
  0.62963020614873400  0.64099227433938288  0.65221787076628279  0.66312908371129242
  0.67325573364425739  0.68343099399658758  0.69347972415306314  0.70317067840757275
  0.71237570258579463  0.72114756937396129  0.73012545646986704  0.73948447612817636
  0.74987874127607768  0.76137727638524855  0.77224127185296887  0.78254316104263999
  0.79234251729359040  0.80231995308432857  0.81260253977682473  0.82317069058267900
  0.83381278809634796  0.84540763607685476  0.85709254207771657  0.86832849460716410
  0.87940053137888308  0.89050464498646409  0.90205872122892183  0.91379468568455402
  0.92538673895285317  0.93657260965042755  0.94750117888467356  0.95806871652016934
  0.96818347696769980  0.97889444391611535  0.98931995137939710  1.00000000000000000
 -0.00258541453040638  0.00965509570244598  0.02072629298594341  0.03120002240827346
  0.04190078844420050  0.05234587267828634  0.06244686278283614  0.07295134200819013
  0.08310991021047226  0.09375341398681256  0.10411152001167773  0.11471819986621580
  0.12510830606522422  0.13527290261516109  0.14518775399605213  0.15493174085827227
  0.16502306304032144  0.17533617681572120  0.18542433743192019  0.19557705744638512
  0.20592158681952952  0.21732139246575621  0.22879203033587572  0.23982923820415911
  0.25059320530977275  0.26154460648299266  0.27265011708653775  0.28349980724582702
  0.29417794753330190  0.30494061161293018  0.31548428947260115  0.32572114873790720
  0.33574076328945118  0.34574829029385545  0.35623304242667553  0.36658206906936119
  0.37728740475424544  0.38867054440545717  0.40026920022269241  0.41138881139304478
  0.42252524370977135  0.43375223611554203  0.44448970159078199  0.45519633808366911
  0.46560295673104968  0.47557140840291545  0.48514978211833293  0.49497931506960419
  0.50523764969947438  0.51582972624933598  0.52682785313415126  0.53801026930134499
  0.54939608620460578  0.56066521081768372  0.57177841430207399  0.58133793994229810
  0.59074360271355164  0.60036091298591732  0.61066429363730812  0.62135665770960491
  0.63190976749117422  0.64311117893194902  0.65475588469371304  0.66643035273534856
  0.67827254636394230  0.68995494797932877  0.70141021449795105  0.71223097366685195
  0.72297585328078473  0.73328834705640134  0.74218462242135652  0.75118373222727819
  0.76064908060146263  0.77184228547667044  0.78393988552015959  0.79447594407710009
  0.80363350718255511  0.81265005032380322  0.82164703646276771  0.83195440279228794
  0.84267462191465103  0.85397467824640061  0.86528899593125430  0.87734233116056881
  0.88879587142782512  0.90000948896037236  0.91067712520012711  0.92100612636551105
  0.93131955461984905  0.94205628513120354  0.95258660654704141  0.96303653086967922
  0.97205464992018131  0.98120941824694119  0.99051834742632427  1.00000000000000000
 -0.00243774792109920  0.00936429061947828  0.01933821680425987  0.03023346253004133
  0.04011537463203997  0.04893963207378910  0.05783350808768239  0.06744140348696134
  0.07858456495398819  0.08874955250748100  0.09797029200233795  0.10731725746862186
  0.11684263952022687  0.12574914294101569  0.13437961625794459  0.14310854921664717
  0.15285727047875344  0.16319417813834056  0.17384362312736762  0.18470877031279798
  0.19531210970166835  0.20594517562901063  0.21711150120221070  0.22822726043143943
  0.23889584338854927  0.24933440482949917  0.26026261947181129  0.27168784357892006
  0.28300509804834040  0.29411606408827345  0.30501089833020445  0.31599024620557398
  0.32722111024615802  0.33839372141773483  0.34940824076204363  0.36024618725661334
  0.37101698575075354  0.38193232243991893  0.39280163406999874  0.40355815664097794
  0.41405177772292223  0.42463331299276119  0.43543968308084791  0.44684653157261023
  0.45812979082326549  0.46916572661499140  0.47969112244857876  0.48999684376953639
  0.50042219947533140  0.51064060545067291  0.52062053225794624  0.53046456527265906
  0.54042671734574876  0.55065697407828895  0.56076777956776958  0.57103635995040303
  0.58178289567623143  0.59290627079401170  0.60398452614890519  0.61495555393622892
  0.62563941718135740  0.63629227685609768  0.64716385140866917  0.65828889085991216
  0.66948980725110130  0.68062309247660446  0.69183094963922231  0.70307322952048024
  0.71416443739285251  0.72495582533061731  0.73590654628094565  0.74684821228283060
  0.75724970851580764  0.76769062066888483  0.77805086607840035  0.78855166034674384
  0.79869570658463884  0.80871947416322698  0.81860375130583851  0.82889183534543986
  0.83916985616447981  0.84933243605802700  0.85964991675949787  0.87024272853166695
  0.88181375140632468  0.89320852508384485  0.90303445283116157  0.91261883747233186
  0.92239470693446968  0.93257253238930371  0.94439917424446307  0.95599006410173892
  0.96692127578574039  0.97829001128146120  0.98896593574138125  1.00000000000000000
 -0.00000425869688011  0.00020955948247817  0.00053539668465506  0.00097272971123719
  0.00153955815726103  0.00207957690105240  0.00256113197801583  0.00305313050009304
  0.00356315120159509  0.00409285399613592  0.00463818269904439  0.00519140618743603
  0.00574400551512817  0.00630161146183119  0.00687327874540791  0.00744628919850569
  0.00801865438119559  0.00859206805088725  0.00917436715702550  0.00977441352593934
  0.01039421559706223  0.01103487347986011  0.01169249750144159  0.01235647191835207
  0.01302299388633808  0.01369544581250170  0.01437484374514884  0.01505927602256395
  0.01575093495388117  0.01644418349393433  0.01713702655722191  0.01782393289502921
  0.01851870018384470  0.01923214822003228  0.01995907182282419  0.02066587186592401
  0.02134162684394747  0.02195012569196920  0.02252235643270296  0.02312722129626999
  0.02375362887614841  0.02442327328431521  0.02515569223738839  0.02596217593332724
  0.02678204804921777  0.02760084503915671  0.02844358221510773  0.02925187232801535
  0.03003183804865576  0.03081021081856620  0.03159809447755183  0.03240520973804403
  0.03326849346790222  0.03418001116181026  0.03507590473720922  0.03592417896401727
  0.03680036089454446  0.03774716935063315  0.03875990330362827  0.03980454816668708
  0.04088555318652711  0.04198219346947229  0.04308960432209072  0.04419292432909969
  0.04533470885837026  0.04646854366533719  0.04754989595050766  0.04858959902619892
  0.04965272592228120  0.05077646491492121  0.05201967924857477  0.05343056348747086
  0.05507586429280771  0.05674929068106897  0.05822365324778974  0.05989276985699658
  0.06204739476112035  0.06433392281954949  0.06670336581502373  0.06872235159880771
  0.07033309401779989  0.07206285268746508  0.07412532923499787  0.07645028212054301
  0.07854093259608973  0.08096193039232653  0.08502273131518853  0.09215300494873421
  0.09719588860925711  0.10131400738771587  0.10617716330887159  0.11330312049139241
  0.12454717307302354  0.16076655185994707  0.58309932139535259  1.00000000000000000
 -0.00182682323535669  0.00848736245251038  0.01927904004636607  0.02969860410618870
  0.04129725014287226  0.05403339630867539  0.06703316839134080  0.07967875816132812
  0.09234306664950223  0.10479173186677276  0.11671065611619402  0.12899180168506538
  0.14192924873454976  0.15415930121127761  0.16516611450640170  0.17532006223479316
  0.18513729517128089  0.19517320341752761  0.20614121949664579  0.21790327331008949
  0.22982737862279023  0.24148173776851473  0.25272477180830916  0.26347896513014363
  0.27376015285870059  0.28367462853636105  0.29338832764609796  0.30323026752327520
  0.31316785920372647  0.32328074633406123  0.33353617719193934  0.34385895852293691
  0.35411426395417755  0.36370532520248278  0.37286861048426584  0.38255478902604761
  0.39271661903130217  0.40280963133163694  0.41235923813922587  0.42217773959644483
  0.43210388379702391  0.44179126701671301  0.45094399116992662  0.46062873351514494
  0.47099970604158603  0.48098011937963125  0.49017055069933518  0.49911883272634922
  0.50830701067884732  0.51763314227457646  0.52674308903752209  0.53572262782273172
  0.54507707259727500  0.55477055343940085  0.56408194964914660  0.57294331424665679
  0.58218206998873490  0.59226557257042034  0.60331623111923727  0.61441253022436626
  0.62474686610451402  0.63420103778695514  0.64341631934025811  0.65310701938688465
  0.66324258142924786  0.67333592690338195  0.68309326303633811  0.69320322255100830
  0.70367203813231782  0.71398741030398871  0.72267123967706626  0.73173766634883308
  0.74115029563972856  0.75169171073159624  0.76245525830349870  0.77287406595300501
  0.78302540207961635  0.79313013278132027  0.80361765283565023  0.81505470510753053
  0.82721088053420333  0.83875387810631896  0.84959169156807113  0.86030481865470276
  0.87123546406305075  0.88291488653212891  0.89426166214820979  0.90594784771766701
  0.91761622909551332  0.92975094786138257  0.94196331570041902  0.95471603881346556
  0.96707607661328965  0.97845318749316523  0.98936933800964988  1.00000000000000000
  0.00878688251023785  0.20768864451164304  0.31527396491846449  0.39570478838305501
  0.45895240246718699  0.50992733354421671  0.55217496552749479  0.58790099398684281
  0.61984038898267069  0.64802916925153176  0.67261112122002897  0.69462111129672943
  0.71445678094665643  0.73237201328418788  0.74864658515849714  0.76353026056736173
  0.77715643691666014  0.78964522644981183  0.80103711067523453  0.81191038166080287
  0.82201796162792284  0.83141630633898878  0.84012897721233604  0.84833861994539095
  0.85601233551354194  0.86316364189713035  0.86995165540877617  0.87633302373984978
  0.88229758123996715  0.88793502826828352  0.89330639463744677  0.89832392740603639
  0.90306316129904007  0.90756340011288972  0.91192267402147209  0.91605571397213037
  0.91987877029727438  0.92345978163343823  0.92689212881523786  0.93015052378019725
  0.93327314994001009  0.93621903440463028  0.93894198666571971  0.94142894002979627
  0.94379943178310943  0.94615737977063530  0.94848888480429405  0.95073669202235001
  0.95291875057711228  0.95506348954932752  0.95709690111603962  0.95898077464993003
  0.96076012993077720  0.96244425560643709  0.96410633593765482  0.96571978715657825
  0.96729879794698459  0.96882267201015437  0.97027885008850856  0.97167276207779518
  0.97302015276201614  0.97432113799669418  0.97557493264120887  0.97678438220606789
  0.97795035407816988  0.97903512676175364  0.98011254008164139  0.98113781886323315
  0.98208715091168763  0.98300049377468524  0.98389311121864365  0.98475417339343008
  0.98560005546401264  0.98641555112510981  0.98720949401145297  0.98797074466420132
  0.98871253191121111  0.98944873262517707  0.99018334985578460  0.99078753555683596
  0.99138059448013083  0.99196450175229567  0.99252408299426675  0.99304829110040227
  0.99356838604474496  0.99407872665489960  0.99458197474598309  0.99508303041489909
  0.99559343818205637  0.99611917974975728  0.99664003017346192  0.99717144342967123
  0.99777592278610316  0.99845674556356789  0.99920093259903398  1.00000000000000000
 -0.02188406663239845  0.10788274899911762  0.14913200659137377  0.17408448763362905
  0.19325937358224049  0.20958550090626701  0.22440855522747130  0.23857486896336710
  0.25234000774906329  0.26527001558371766  0.27695091279452133  0.28726241737834318
  0.29683474146312128  0.30611410410721929  0.31533713581361911  0.32482229301987081
  0.33419823031211499  0.34379736367101071  0.35297112959056687  0.36124981968712494
  0.36897118172410920  0.37647241747573146  0.38382220511380472  0.39112593357695169
  0.39838405099546681  0.40553183140023158  0.41268597830888487  0.41944087868769281
  0.42604248679814516  0.43247182127966932  0.43878467858110753  0.44516824228878266
  0.45123976168370150  0.45718480619682716  0.46288096341398383  0.46822602037346767
  0.47350125300269347  0.47869133403029662  0.48411193215729648  0.48995999360300169
  0.49630080821205180  0.50312608610578913  0.50992913526895045  0.51664722724438805
  0.52306047332029226  0.52881208835012938  0.53477346739514142  0.54072622977911078
  0.54686161759546970  0.55318438901843359  0.55943792253209135  0.56551458414424038
  0.57147871205270007  0.57744749351527458  0.58336438829263437  0.58913277035903644
  0.59500907367205191  0.60074461457014872  0.60655699045990430  0.61240599174982158
  0.61844783995673180  0.62476340739395819  0.63157752787522004  0.63864441226814628
  0.64536709418122107  0.65155845955013192  0.65739117764018418  0.66319311742604548
  0.66922326993880998  0.67559797896602325  0.68219615228563057  0.68859981961593952
  0.69475281145912227  0.70106913331965148  0.70774258436178417  0.71487291715830770
  0.72204824039292825  0.72878258834966869  0.73529667313170477  0.74183062579989434
  0.74866521836867639  0.75617828302104528  0.76430875217502503  0.77283356936350134
  0.78173614265162472  0.79106575765479303  0.80083607060481077  0.81062162216909583
  0.82045211049775313  0.83069768636338936  0.84186751436571927  0.85437136569852246
  0.86911694989539456  0.88855095000427919  0.92050613563670214  1.00000000000000000
   1.1480748860534365E-009  -1.0000000000000000     
 F F F F F F F F F F F F F F F F F F F F F F F F F F F F F F F F F F F F F F F F F F F F F F F F F F F F F F F F F F F F F F F F F F F F F F F F F F F F F F F F F F F F F F F F F F F F F F F F F F F F F F F F F F F F F F F F F F F F F F F F F F F F F F F F
  <DiscreteSampler_grid>
  grouped_processes
  1 # 1 for a reference and 2 for a running grid.
  10 # Attribute 'min_bin_probing_points' of the grid.
  1 # Attribute 'grid_mode' of the grid. 1=='default',2=='initialization'
  0.0000000000000000 # Attribute 'small_contrib_threshold' of the grid.
  0.5000000000000000 # Attribute 'damping_power' of the grid.
 # binID   n_entries weight   weight_sqr   abs_weight
    10   10   2.041206237751541E+005   4.035495719590963E+011   2.041206237751541E+005
  </DiscreteSampler_grid>
