  0.00901804334411005  0.01786066026841389  0.02756382704732297  0.03735545225359398
  0.04691487019476311  0.05809660180061279  0.06905674386903178  0.07962227070878292
  0.08972669341621659  0.10104891800547057  0.11195790080631807  0.12309180084140187
  0.13336748485708258  0.14342308173877336  0.15365835854951404  0.16337793488567479
  0.17339381428387346  0.18371876510005933  0.19431892479647855  0.20547517893625245
  0.21621036398325238  0.22739918731046432  0.23839950786137651  0.24905272739590695
  0.25974320342769469  0.27066341238785963  0.28157651120885774  0.29246806754590698
  0.30304754995315408  0.31342462395672233  0.32374569906074829  0.33397018971484504
  0.34442781191452843  0.35504138698957899  0.36539819963068138  0.37568139977200105
  0.38601931794277183  0.39620868412794519  0.40600364276593320  0.41548324392448521
  0.42454999460347304  0.43382925782029480  0.44369332327115757  0.45365007841454386
  0.46340913939989059  0.47299305620716803  0.48253848416563899  0.49220727464314817
  0.50214600246413110  0.51307872226779627  0.52420667988444147  0.53457258224500193
  0.54464358646931776  0.55482858320806416  0.56562367619899978  0.57605634003832507
  0.58624448506124260  0.59623633420034861  0.60675619166757311  0.61806337538701006
  0.63015053992659542  0.64212083597155456  0.65357616440767075  0.66447866126783683
  0.67558572348534340  0.68643331404988606  0.69703568867383980  0.70729305789473351
  0.71761020067751158  0.72784476206377569  0.73778918093018320  0.74772701826367027
  0.75846354773236468  0.76979053420990784  0.78098808497015815  0.79195722101774180
  0.80284598166635990  0.81358457052991329  0.82409922185984164  0.83474246092235049
  0.84568157998013505  0.85674052227446140  0.86685490727821357  0.87708320647893534
  0.88758277800496566  0.89857709249203277  0.90937626985956721  0.92038936099427016
  0.93128169810384920  0.94164259523823735  0.95154050446739413  0.96184214603659568
  0.97242939792664917  0.98212838529900848  0.99150917201862687  1.00000000000000000
  0.00000266435027352  0.00000278159376432  0.00000285807975157  0.00000293415241372
  0.00000299526436538  0.00000305997527063  0.00000312817689610  0.00000320298347903
  0.00000329313111415  0.00000342008489544  0.00000354347816491  0.00000367164548173
  0.00000383394484491  0.00000402768632411  0.00000423259371526  0.00000445684665849
  0.00000469455237209  0.00000494400451513  0.00000521601134582  0.00000550279616730
  0.00000580946324545  0.00000613485083020  0.00000648881515429  0.00000687771349568
  0.00000730436235268  0.00000774769398176  0.00000820606690666  0.00000867495243091
  0.00000918671075547  0.00000971071495643  0.00001024782241774  0.00001081507982286
  0.00001142224972499  0.00001205635847717  0.00001273334246518  0.00001353297635434
  0.00001436506710061  0.00001521827384190  0.00001609967635062  0.00001700512637341
  0.00001794640836462  0.00001891806558654  0.00001989121614663  0.00002093144068954
  0.00002204374559324  0.00002321165379499  0.00002442921680803  0.00002569710195429
  0.00002702616421590  0.00002844484191960  0.00003000831253396  0.00003167665632945
  0.00003337602527509  0.00003516718850344  0.00003705231703258  0.00003903952961912
  0.00004115030647943  0.00004339723511515  0.00004576934125054  0.00004823891373037
  0.00005104674424846  0.00005395516486352  0.00005701331364140  0.00006025502304896
  0.00006365889064177  0.00006740527699085  0.00007156281448074  0.00007607924850127
  0.00008075159095159  0.00008545392532076  0.00009068344553389  0.00009650791759966
  0.00010322028513357  0.00011087831406728  0.00011923429281462  0.00012835644807695
  0.00013852428202877  0.00014973414226786  0.00016212786302181  0.00017618413704176
  0.00019245337783230  0.00021197189984653  0.00023579621764376  0.00026550532068178
  0.00030250082367857  0.00034999498098854  0.00040847483746902  0.00048336246943428
  0.00058724562397773  0.00071892112302621  0.00089488076345009  0.00115046695112029
  0.00173170696049671  0.00377174288269498  0.04054993798211121  1.00000000000000000
  0.00000236034285268  0.00000261105462378  0.00000285384861070  0.00000312456646939
  0.00000344286871493  0.00000377063504933  0.00000408095480267  0.00000438607718341
  0.00000470390981030  0.00000501611484670  0.00000534021980262  0.00000567889795084
  0.00000603810149694  0.00000644352427915  0.00000687061044382  0.00000730834037828
  0.00000776449622247  0.00000825961809675  0.00000878103394422  0.00000933173612413
  0.00000990702305151  0.00001050544390262  0.00001112414072687  0.00001175871922478
  0.00001240685136684  0.00001306873664359  0.00001376929621234  0.00001449843901656
  0.00001524188676969  0.00001602487140696  0.00001685443753586  0.00001773735748690
  0.00001865561246135  0.00001957137650670  0.00002053560423144  0.00002152592341436
  0.00002253687422372  0.00002356949155892  0.00002463008378622  0.00002572655946609
  0.00002684949966288  0.00002807925265351  0.00002948802174069  0.00003091067224670
  0.00003240922449561  0.00003394887742940  0.00003553216624364  0.00003717520472145
  0.00003887588067618  0.00004066699102192  0.00004266199881128  0.00004469992912760
  0.00004684817348875  0.00004913605616798  0.00005157407664527  0.00005407612166895
  0.00005669695009846  0.00005951699160034  0.00006251813443996  0.00006568316199398
  0.00006898518358874  0.00007253709101687  0.00007623257534130  0.00008029199560545
  0.00008439021870271  0.00008884283608584  0.00009358023837774  0.00009856934277028
  0.00010395658432064  0.00010987820301872  0.00011657119774573  0.00012415135069062
  0.00013252069996991  0.00014134473896811  0.00015045214771217  0.00016049266401385
  0.00017210176717656  0.00018535651072688  0.00019990758685173  0.00021658943124933
  0.00023702195565571  0.00026155430180202  0.00028896439602745  0.00032089256343115
  0.00035748112636046  0.00040155373541396  0.00046070357369965  0.00054129270161464
  0.00066337992805472  0.00083126441372702  0.00106505938636091  0.00152747095267279
  0.00258747235873047  0.00765259040068824  0.08720716284047761  1.00000000000000000
 -0.00250701204444621  0.00932312792941757  0.02028488791896941  0.03091234714674040
  0.04153912776928179  0.05219093149837770  0.06343783225400164  0.07455158564064711
  0.08596398366704275  0.09580056164752314  0.10515144390769290  0.11481011624885447
  0.12508300946120721  0.13616757017816639  0.14725677507593704  0.15813568537510442
  0.16896769567323563  0.17976942947856731  0.19060500291829327  0.20166054969026326
  0.21309537794873051  0.22458788790548867  0.23519522940281426  0.24538494109795003
  0.25599556867616174  0.26702794298785010  0.27824324347361545  0.28930794773121227
  0.30017419655935834  0.31100544991631407  0.32190270416133443  0.33272532154634527
  0.34329279028845278  0.35354029122885627  0.36368458574468837  0.37415773895515608
  0.38516333751399962  0.39604796748799331  0.40613446511462659  0.41571166762384248
  0.42481712429229529  0.43340466270355071  0.44219567544279759  0.45090405031641312
  0.46133507689577458  0.47213370607711797  0.48320881800632026  0.49450532262381403
  0.50565706534192834  0.51670903273721247  0.52800064000624403  0.53977541360456816
  0.55184534416658759  0.56417874201364593  0.57530518297980482  0.58588480321399461
  0.59588702865879239  0.60655100188643740  0.61606308318244152  0.62535712968303192
  0.63487465533428566  0.64507421263672726  0.65570069629303285  0.66601343836737226
  0.67612894266871482  0.68634882351390769  0.69670824572723922  0.70721002143814338
  0.71828062063453191  0.72954279613968354  0.74054871793557298  0.75130528687584597
  0.76155109052772996  0.77126272379879268  0.78118872072597245  0.79158354008767950
  0.80175156849215923  0.81125440308524333  0.82091830690708323  0.83062436313842680
  0.84110497000846829  0.85138335434984391  0.86214553170806574  0.87301277733375404
  0.88379239072401361  0.89424548450419117  0.90468457387834178  0.91560843241985457
  0.92683711124861634  0.93822956017874648  0.94904093836827252  0.96031196373199790
  0.97047156405366286  0.98033173262240991  0.99005407905556120  1.00000000000000000
 -0.00249832071566722  0.00976620192179769  0.02087866506498053  0.03144530006899682
  0.04220574735662023  0.05256147651353887  0.06404252057538433  0.07443097143425265
  0.08422284747984728  0.09426917652217393  0.10429861998336085  0.11518209796882167
  0.12593734732135745  0.13673145945049775  0.14743585331431339  0.15869168121506325
  0.16977679090843253  0.18093076347776543  0.19180249953966091  0.20195748258707005
  0.21181982174523076  0.22189093028147189  0.23288174899282318  0.24437954010399007
  0.25615051287880564  0.26755141255672416  0.27891792963812229  0.29003940631442771
  0.30108464215519254  0.31201525010969505  0.32265589932929450  0.33315980381531174
  0.34310856309009602  0.35302586645058287  0.36306387306427423  0.37295360992086757
  0.38305475266446937  0.39305980796612316  0.40302428895096926  0.41281657414390360
  0.42252348133250806  0.43287084870783182  0.44375267952137476  0.45473063051425971
  0.46589977554535844  0.47711007695637236  0.48850994049635993  0.49967092621572995
  0.51091435287883546  0.52223188713227564  0.53332829071131993  0.54444563621256881
  0.55555383689397297  0.56602833949567544  0.57532427838132771  0.58439451660775721
  0.59394101876303462  0.60403696762902803  0.61453205260498944  0.62501025257826848
  0.63524152021428892  0.64459447178271367  0.65407073960687023  0.66381429012856785
  0.67495210464854527  0.68645770092317493  0.69794272963518078  0.70930059366417753
  0.72026335824944343  0.73155583919823186  0.74294759342624495  0.75427831685406610
  0.76530909783309731  0.77627193721809351  0.78707052482013573  0.79716246264907664
  0.80683140315049662  0.81673206099067608  0.82761667583178655  0.83807550712825818
  0.84819995129492609  0.85808804534338989  0.86896837063248389  0.87927950232265595
  0.88923666916344057  0.89899299333558258  0.90894835089072679  0.91864591621907232
  0.92850230797230282  0.93868957669791409  0.94971744332420793  0.95984116290142485
  0.96905881311265329  0.97876550977085841  0.98833623587495900  1.00000000000000000
 -0.00282928181939334  0.01102852090147066  0.02270852930304246  0.03367536161412320
  0.04420654691220553  0.05454848721206022  0.06489575598283906  0.07557299953595065
  0.08394480542835416  0.09337489002285794  0.10262356842291701  0.11331757763519189
  0.12395342032194309  0.13472215645581759  0.14506086402569410  0.15410771193213951
  0.16376885415965073  0.17318453967342581  0.18274796086478493  0.19229200982130248
  0.20164336566778512  0.21122542276212641  0.22078297480561265  0.23065831163814940
  0.24130624825269797  0.25245617362045553  0.26352588571378499  0.27427939705475557
  0.28494536035735590  0.29564296209820440  0.30619151216366425  0.31643239568691700
  0.32639375286677624  0.33643457345198996  0.34665856886428847  0.35665716706918171
  0.36661231585043830  0.37717052320870986  0.38902120504708437  0.40173597447577919
  0.41413906085863966  0.42572582111532142  0.43668652500063898  0.44709149909628504
  0.45728010964612081  0.46744106430466109  0.47790756865912237  0.48859168369288247
  0.49937695349931538  0.51002113303658558  0.52036901151797288  0.53065343661431907
  0.54053975110607588  0.55016749069616977  0.55996469912823166  0.57028065936121575
  0.58086573652948492  0.59065130532162591  0.59985368206627077  0.60939883039930687
  0.61983284363370494  0.63088568102407894  0.64195337815496178  0.65313078337153219
  0.66481958676118291  0.67696648516996516  0.68891568675273129  0.70027444946073236
  0.71135331476244890  0.72256874750585365  0.73377525877432492  0.74506957264470808
  0.75611590044325483  0.76673309414847390  0.77634701724727373  0.78548889600275806
  0.79478578841686542  0.80472437818526754  0.81497149088028864  0.82545583432952385
  0.83600093532598974  0.84656233077499365  0.85737371143706642  0.86858516587636514
  0.87990211749214808  0.89084831884129356  0.90156798614071521  0.91221074270135716
  0.92319193932167876  0.93426630530830423  0.94505795555649907  0.95586394656334672
  0.96688634278120289  0.97817317672277282  0.98938232594901609  1.00000000000000000
  0.00004069430893310  0.00014629070630747  0.00047763072810506  0.00090723613705073
  0.00136285512583241  0.00170778613314344  0.00206638530248214  0.00244594454675665
  0.00283265826309063  0.00322999523079787  0.00364085795438564  0.00405484745685219
  0.00447214775216798  0.00490060412402814  0.00533203986636969  0.00576823443398619
  0.00620861968300446  0.00665264781668368  0.00710157150866873  0.00755719669232095
  0.00802117714623599  0.00849534973097157  0.00897777971831295  0.00947178017384977
  0.00997392430443267  0.01047241520508067  0.01097100246316498  0.01148217003485831
  0.01200570484420854  0.01253888698090895  0.01307369572629387  0.01359267602032358
  0.01411876164947491  0.01466850028690779  0.01523096169223332  0.01579196388922379
  0.01634254657907780  0.01690261305976094  0.01747413157360080  0.01805884482578073
  0.01867625936393646  0.01929444561166350  0.01990636003581621  0.02056247418353979
  0.02128366441281726  0.02204278264659330  0.02284825839241727  0.02367778968469789
  0.02447361542448425  0.02518744510914500  0.02588101946601101  0.02658555583986305
  0.02729223607888753  0.02797568221676723  0.02873331033358948  0.02955237332738865
  0.03038153150212277  0.03124901310551566  0.03214591371693741  0.03307804214980895
  0.03401197819231389  0.03498596942928248  0.03593439107524730  0.03691928280976565
  0.03794914134914541  0.03901274620835443  0.04012143403018882  0.04127039247713030
  0.04251122711140963  0.04393418960523522  0.04548079508670932  0.04707386483781596
  0.04887144524493717  0.05108376926807250  0.05277955443791639  0.05437049094511687
  0.05602192698373861  0.05767665456951590  0.05927886073173890  0.06096301092985611
  0.06330545472454660  0.06666693863054134  0.07006685206953929  0.07320634257036389
  0.07637523975220485  0.07962966457235864  0.08440052906126079  0.09114585299716813
  0.09899998201361668  0.10736860331023160  0.11884537876883212  0.13786741487889870
  0.15431733350658902  0.18713693921529093  0.84206667926745737  1.00000000000000000
 -0.00253505643733759  0.01037008816845786  0.02164464435954708  0.03417350104090006
  0.04648832907406485  0.05893655134900795  0.07058524253644656  0.08174818837343360
  0.09292204782314101  0.10404254406692744  0.11553892452227843  0.12801347961929327
  0.14088955505046333  0.15327273137336198  0.16453912308133178  0.17539251409509779
  0.18581728261131733  0.19536131378545069  0.20492511569789873  0.21530602042415228
  0.22579019066947653  0.23654652860383693  0.24717597713049244  0.25654704461013994
  0.26598985657008450  0.27600381981437339  0.28602535054759320  0.29528479533266350
  0.30450950911482122  0.31436199080751293  0.32570900553692234  0.33615814523883680
  0.34512728275878707  0.35467719123371316  0.36359401734443614  0.37312949153050712
  0.38149744337811109  0.38965918171600994  0.39829693806813271  0.40702714446110771
  0.41579169972491575  0.42472444396841269  0.43374264935514051  0.44356086358392788
  0.45368635753855507  0.46379370647850088  0.47362338804454357  0.48280741154884960
  0.49161647536688596  0.50046790703000554  0.50981361977716211  0.51949168456874184
  0.52917722247861276  0.53892015671662319  0.54911223742614901  0.55926968800250332
  0.56923091610837462  0.57929288060935780  0.58934462233488172  0.59933552526092093
  0.60887547085954663  0.61841572247568399  0.62840679405928701  0.63834437448731318
  0.64789576553887762  0.65747157156043057  0.66727295675487641  0.67726682150968709
  0.68742993289042664  0.69813353651227172  0.70965483619152203  0.72153248599756559
  0.73266783506267508  0.74269856196586048  0.75210886693003276  0.76167510235954061
  0.77168955429591757  0.78207919034542706  0.79259081956045074  0.80288030314136316
  0.81426022863032299  0.82542434985093993  0.83751618260387750  0.84950169497580230
  0.86201937916484317  0.87377028091678988  0.88594081196502117  0.89836067386443774
  0.91154190145333602  0.92413561054410576  0.93639257215295846  0.94945224662511984
  0.96252288175644518  0.97512745679175894  0.98728401426173962  1.00000000000000000
  0.05372910574915976  0.21894811654947233  0.32797159177435786  0.40774184784555234
  0.46733920044243982  0.51581947764074920  0.55661294292514596  0.59208180619000350
  0.62312619715490547  0.64989645237645344  0.67364976078933725  0.69528562956549500
  0.71510537638246185  0.73304029536043325  0.74926869147259212  0.76400727354566655
  0.77754975539472870  0.79005593245007322  0.80177897421349364  0.81267921256382980
  0.82274919720605411  0.83225953080234683  0.84099781545456753  0.84905921929945893
  0.85658971787674520  0.86353088393541688  0.86999770065260185  0.87601508737158040
  0.88160832373166331  0.88699161852155073  0.89230346620857193  0.89732461770434313
  0.90202323026426456  0.90639288432604859  0.91053871381938800  0.91453517475779655
  0.91828213888300114  0.92188650196941124  0.92534528138556682  0.92864583217716890
  0.93174072839713451  0.93478442274220597  0.93768965559384232  0.94034504105781513
  0.94291783564135701  0.94543600746338452  0.94785986085764173  0.95018142861235688
  0.95240616069517747  0.95454864254862282  0.95660801213938695  0.95854896840436477
  0.96037188814809338  0.96211133438539786  0.96380661639915388  0.96544017835674201
  0.96703016956525967  0.96843812670258378  0.96981297961461688  0.97114927644407734
  0.97245015686712377  0.97372797106399167  0.97498314115035223  0.97620961187343502
  0.97739989690688933  0.97854538902806953  0.97965681695333129  0.98066569030311657
  0.98162826588419505  0.98254469267787914  0.98342878271475798  0.98428827308429401
  0.98512811678151047  0.98594983347109055  0.98673921156079891  0.98749546251814679
  0.98822893353630570  0.98894867229171157  0.98965639877117539  0.99034559914302123
  0.99101489761971873  0.99165213782227835  0.99226853239643042  0.99287099012688163
  0.99346087325215149  0.99399231866290949  0.99453967579836677  0.99509650938468808
  0.99565074097809569  0.99618779469878016  0.99671037293651210  0.99726377350542106
  0.99783388659596362  0.99843366211989160  0.99912442115553590  1.00000000000000000
 -0.02208393201673061  0.10901664520215507  0.14840168723466754  0.17358467667888303
  0.19337617600578133  0.21000160312963873  0.22515786357481282  0.23880373739834657
  0.25103192087881565  0.26248392702917228  0.27329694491577189  0.28343808796259312
  0.29312146820749674  0.30253353198835248  0.31185337700436333  0.32105020576868759
  0.33019655932766889  0.33890924155070812  0.34691309830343731  0.35479693490041830
  0.36257275753343704  0.37039701296884120  0.37755283949168877  0.38434399793707258
  0.39140111091116975  0.39850502316801079  0.40557516000921967  0.41258175243741002
  0.41949982817812431  0.42614280751596034  0.43257837176942898  0.43907875401782998
  0.44575093293855367  0.45233276293505181  0.45856199619034332  0.46454057217270417
  0.47043617871737042  0.47644930804935970  0.48277674445874424  0.48919607077181670
  0.49581334672033789  0.50253091582119203  0.50892889035581401  0.51550244567509762
  0.52153013733748999  0.52706470829719343  0.53241588927191164  0.53783791559324479
  0.54319443464597916  0.54860474442739149  0.55426642717542907  0.56031153211433249
  0.56626558313626019  0.57233804625477647  0.57847587914605647  0.58457087878118230
  0.59071613831729830  0.59694498159115672  0.60331222824947739  0.60960193369617044
  0.61563978912548323  0.62142206218924023  0.62751455800791833  0.63380514123628695
  0.64006483032617167  0.64604400114158045  0.65193668991726239  0.65809426724503639
  0.66460977469165827  0.67121361030906135  0.67783597245787219  0.68438524520364385
  0.69109061766531521  0.69802303855887460  0.70510642505418564  0.71220631228788867
  0.71929116941668303  0.72644880483570906  0.73367259814989783  0.74099734083362268
  0.74853967542107092  0.75588022847139014  0.76264661220406860  0.76944749555393666
  0.77685491086591851  0.78519036540364184  0.79442608370248635  0.80419538135021973
  0.81459886375636958  0.82571297710932534  0.83773809866719762  0.85116569922828089
  0.86674871119904939  0.88706433253448835  0.92031093657630259  1.00000000000000000
   1.1711909961871549E-009  -1.0000000000000000     
 F F F F F F F F F F F F F F F F F F F F F F F F F F F F F F F F F F F F F F F F F F F F F F F F F F F F F F F F F F F F F F F F F F F F F F F F F F F F F F F F F F F F F F F F F F F F F F F F F F F F F F F F F F F F F F F F F F F F F F F F F F F F F F F F
  <DiscreteSampler_grid>
  grouped_processes
  1 # 1 for a reference and 2 for a running grid.
  10 # Attribute 'min_bin_probing_points' of the grid.
  1 # Attribute 'grid_mode' of the grid. 1=='default',2=='initialization'
  0.0000000000000000 # Attribute 'small_contrib_threshold' of the grid.
  0.5000000000000000 # Attribute 'damping_power' of the grid.
 # binID   n_entries weight   weight_sqr   abs_weight
    10   10   1.508232887531423E+004   2.186292926133281E+009   1.508232887531423E+004
  </DiscreteSampler_grid>
