  0.00893961857205374  0.01769937118725679  0.02895965345024706  0.04077603431085220
  0.05219463629721901  0.06330362414359758  0.07409910357339705  0.08536348171836868
  0.09709532824401354  0.10848509588277588  0.11932688814282526  0.12951440857573931
  0.13992287243201959  0.15076723259796765  0.16212532094619969  0.17356358566768504
  0.18447896088639953  0.19499188323813155  0.20510407024220470  0.21508720501885664
  0.22551966463586701  0.23656368666978350  0.24830953517740817  0.26061475626791708
  0.27308184570391408  0.28535309422417976  0.29698907991410273  0.30763140990618021
  0.31840088449537768  0.32970353221327248  0.34047095885170786  0.35080064518123882
  0.36037696428705446  0.36988322782551797  0.37958395495702624  0.38951667159487369
  0.39932410802802032  0.40896124030762582  0.41867252389188481  0.42874029275856351
  0.43848070689117807  0.44784262448741097  0.45728046161467484  0.46742989589479150
  0.47782433237122929  0.48791228236216910  0.49784801716071364  0.50790393682478152
  0.51801208374439700  0.52803769439494530  0.53811688719990947  0.54799920430910432
  0.55780657471405259  0.56811514787472339  0.57899455136867295  0.59005459015094930
  0.60093782714744681  0.61199373912594424  0.62329372719965515  0.63442147596206044
  0.64528887547528790  0.65549400316732742  0.66594143631450520  0.67674038279381610
  0.68791667638798437  0.69891680936713152  0.70929762351469960  0.71952790408393030
  0.72993154126497328  0.74069418208015769  0.75148743826115505  0.76183588515491063
  0.77186916134300232  0.78156116565539413  0.79128867407763126  0.80163784148210482
  0.81208174647900833  0.82216634089126039  0.83213476830306976  0.84245971067755965
  0.85286227316213081  0.86251055354343031  0.87157558766161369  0.88092910523388845
  0.89085156791394871  0.90130259761147546  0.91180982785403286  0.92248050459585784
  0.93300098028821510  0.94428242025028308  0.95583901220445322  0.96609467556584616
  0.97541157583916571  0.98444563406318786  0.99049277141715808  1.00000000000000000
  0.00000226499463836  0.00000373759391440  0.00000517466640733  0.00000742909813061
  0.00001052656454001  0.00001459672416690  0.00001962750184736  0.00002629280713898
  0.00003414354855828  0.00004337994418389  0.00005392202223050  0.00006595788758540
  0.00008055412926723  0.00009700460052829  0.00011543356100500  0.00013735328821809
  0.00016276303126535  0.00019039489311080  0.00022018043935821  0.00025344094342755
  0.00029241536247881  0.00033691987316214  0.00038581448866586  0.00043842529563804
  0.00049561540044272  0.00055976455811147  0.00063027942389976  0.00070773412828824
  0.00079356371186759  0.00088850190369423  0.00098975559484040  0.00109435677070757
  0.00120196173271298  0.00131320428158064  0.00142914750331095  0.00155062316688859
  0.00168087810291600  0.00182211029783490  0.00197517130661017  0.00213870472314085
  0.00231135945400796  0.00249683452191037  0.00268160971020882  0.00288047320514906
  0.00311310390866900  0.00333110230458063  0.00354622201448171  0.00379188931806824
  0.00404770220961940  0.00431137639211716  0.00458813598075267  0.00488035062011032
  0.00518617777987639  0.00549635336561468  0.00581369087892811  0.00614175199443131
  0.00651094195879534  0.00691963373656440  0.00733193858017597  0.00772947594556463
  0.00810904089693193  0.00851445986901282  0.00894873440310157  0.00943069504318838
  0.00995648137775707  0.01049645472331201  0.01106069519845016  0.01166489903166065
  0.01233286293688862  0.01306548183448086  0.01383900849430702  0.01459130251623527
  0.01537627516811044  0.01619141057530409  0.01704154592922809  0.01785713390174850
  0.01881499273048573  0.02003417292631119  0.02124264716563305  0.02219379862619204
  0.02306891855997553  0.02405943720534251  0.02541573126075444  0.02694377119902744
  0.02876181814574427  0.03077527704551317  0.03297140552722283  0.03522835374003058
  0.03778574044028615  0.04239645949428429  0.04953370136587442  0.06055317961102200
  0.07424503283176986  0.12903779544024940  0.49533628634312271  1.00000000000000000
  0.00000206976285899  0.00000423960255879  0.00000656275127481  0.00000942351943920
  0.00001282299660203  0.00001688147205795  0.00002178033440863  0.00002796498566752
  0.00003526994551514  0.00004329316962790  0.00005218254696259  0.00006232937424176
  0.00007380602911059  0.00008657104879937  0.00010076625957479  0.00011685100495045
  0.00013571673406929  0.00015723489939456  0.00018076635949457  0.00020663244591865
  0.00023535158883274  0.00026761133757974  0.00030163605017484  0.00033594917847652
  0.00037226594041750  0.00041202099201123  0.00045771633348583  0.00050894133400299
  0.00056448708117547  0.00062319085031063  0.00068474166974350  0.00074859481022950
  0.00081595934134992  0.00088938840703487  0.00096301601478573  0.00103861262916829
  0.00112053128999517  0.00121313726415567  0.00131384840819717  0.00142212296572640
  0.00154191368106519  0.00167591210001504  0.00181403451894882  0.00195360170326609
  0.00210824313428022  0.00228497170257477  0.00247672890406410  0.00266715547726877
  0.00285485367975728  0.00306709457395000  0.00326888056270175  0.00348310928580993
  0.00372228147282395  0.00398588400835739  0.00423504102800927  0.00447484057846435
  0.00472492547413212  0.00500057128508500  0.00536271153098362  0.00580684439293277
  0.00635101727996280  0.00683694718363936  0.00724600386809880  0.00761469287569773
  0.00801087394281745  0.00844828106896937  0.00889820108065644  0.00934246268837602
  0.00978029126973268  0.01025119308002524  0.01077032036615867  0.01141983762112639
  0.01218128575942498  0.01292026362591288  0.01363367126742023  0.01434294653593946
  0.01507318362481101  0.01581568232589185  0.01673230111986803  0.01783001328716112
  0.01883408963657477  0.01985907547978221  0.02098261521218464  0.02219311453659047
  0.02467738919039724  0.03003713567540184  0.03711108970793607  0.04208661818903263
  0.04613122653337024  0.05010274543457817  0.05503487147748268  0.05906795342949123
  0.06360542629739005  0.08244746344192969  0.21835723693455431  1.00000000000000000
 -0.00290142454561401  0.01087630225614503  0.02220403051056364  0.03331250120904301
  0.04357687105020888  0.05379980058619378  0.06384257712359864  0.07426892515620789
  0.08468510879298337  0.09517211707792175  0.10547869974131012  0.11582724486688042
  0.12584138046717058  0.13519996118586261  0.14481115616085599  0.15467108260936099
  0.16439930122162072  0.17387536861375211  0.18379140356485299  0.19512248366445378
  0.20695993586234060  0.21816524885009239  0.22860599085127051  0.23886704869281686
  0.24919575203572936  0.25938894489030945  0.26929927431874884  0.27921321177189878
  0.28962631550524570  0.30085842974006910  0.31171118326032077  0.32201877472677493
  0.33265177786541261  0.34382276832882902  0.35453606019812328  0.36399331690801545
  0.37297971223566723  0.38233238471911379  0.39210105153457581  0.40189762789403211
  0.41156174646325655  0.42086141381213699  0.43054643000044479  0.44052387677189864
  0.45123385181593956  0.46244792797936435  0.47322442795802627  0.48392844260602719
  0.49487124402961991  0.50540487989517835  0.51589260574726292  0.52661573780230608
  0.53784729100638384  0.54910752883888969  0.56017248649519413  0.57054840769758575
  0.58134327993316148  0.59188291651065272  0.60222110832271447  0.61206550379516378
  0.62206200959132685  0.63275197489233526  0.64350998531154369  0.65472114702857809
  0.66576184841404173  0.67720345495232181  0.68838812186935139  0.69901209037279843
  0.70947899423208416  0.71921045238629810  0.72994921735726437  0.74011605938613734
  0.75060055617353294  0.76107313835160051  0.77175793582685071  0.78225132198603031
  0.79246665192967336  0.80378283390801908  0.81462964874576749  0.82581144974201925
  0.83675256861520186  0.84824278017355759  0.85984137146235473  0.87205267832716382
  0.88339281626274146  0.89454544768078892  0.90464870241157103  0.91510915263541148
  0.92601334448423689  0.93663219433286182  0.94710634905703073  0.95734670892314766
  0.96806402847098005  0.97849569821469040  0.98915845884798392  1.00000000000000000
 -0.00271520605362672  0.00958340686711177  0.01991955031529013  0.03067172291150897
  0.04167012302083770  0.05322077456676850  0.06466771833856221  0.07579308304755092
  0.08704714258223908  0.09862569690175929  0.11015074267872281  0.12145636634229770
  0.13261643696753239  0.14396701058609532  0.15531082575260272  0.16638539170801461
  0.17716083572908267  0.18804460291795788  0.19919141796990811  0.20976136011321989
  0.21937180344536564  0.22889753506705304  0.23915731359365325  0.24999817891026072
  0.26087660873650237  0.27164950182692799  0.28286114111961647  0.29375353068731469
  0.30435340329649258  0.31479326121621942  0.32421884518503413  0.33424095523298325
  0.34454907806039026  0.35503795541654415  0.36556414207674759  0.37550604721141678
  0.38466409043750543  0.39374292568602143  0.40326958074289798  0.41321698072887320
  0.42338790135780902  0.43380262829018779  0.44444342273929799  0.45498335299677928
  0.46511133935137722  0.47537428685509281  0.48613801050636257  0.49710728387215980
  0.50787683600187217  0.51828506894488757  0.52856080926347748  0.53916598115998349
  0.55003531819319806  0.56100141612168375  0.57112106718957101  0.58078279405496380
  0.59051281392291544  0.60077746952322530  0.61133479892776854  0.62191198011265247
  0.63237335682384466  0.64283867108324255  0.65331464797830940  0.66408922624260014
  0.67452232076231200  0.68508323329258558  0.69607892117889614  0.70723491405778049
  0.71839871429014279  0.72954672607974869  0.74110421349193356  0.75271597056147976
  0.76374917843858470  0.77442656354692407  0.78511735285659046  0.79544231105131158
  0.80502727329355384  0.81427886314291498  0.82377090299484068  0.83343369635866538
  0.84268675100006230  0.85204614301614168  0.86150311370558963  0.87117953257282488
  0.88123267680676676  0.89130827096510068  0.90158173543706632  0.91185120924943819
  0.92243294734876669  0.93298998587237592  0.94336862128039045  0.95417928231905924
  0.96525195699907840  0.97654709756870850  0.98863145949130526  1.00000000000000000
 -0.00204482095524050  0.00865211977660594  0.01795074376173122  0.02722155019982479
  0.03710482263059082  0.04720373362873022  0.05789178041449046  0.06838632883902067
  0.07920602904617736  0.09010222385689254  0.10102646927556498  0.11187525508762271
  0.12237201986517875  0.13315429286424899  0.14339964805036490  0.15359718699347896
  0.16396348839136718  0.17456523371316005  0.18520694514853550  0.19511829701235323
  0.20445279327189883  0.21393383414002995  0.22357738812204900  0.23376820816690727
  0.24431787938193814  0.25478425880959865  0.26596043061536279  0.27682412501717951
  0.28714258989344554  0.29804202321319645  0.30896714658722763  0.31994557764982784
  0.33029573183062361  0.34167946786205350  0.35294322794088684  0.36456830482700564
  0.37629278755636963  0.38778167993841733  0.39845529565450521  0.40881126370336457
  0.41945466065593773  0.43055048600181012  0.44185687449829913  0.45308927216169304
  0.46396421476331978  0.47458918258384775  0.48476444662101770  0.49450680399002306
  0.50461592154477730  0.51503804770872397  0.52521502080650340  0.53466514197124060
  0.54424457574404461  0.55429798521610640  0.56502506259573615  0.57609106653607167
  0.58699255577100928  0.59758139429702473  0.60824846840151503  0.61902218748715032
  0.62985684936577802  0.64017756836224649  0.65092354546203113  0.66171763459357502
  0.67206846362449701  0.68191953904799074  0.69166112672550306  0.70168923349543166
  0.71220339915090591  0.72312504211152984  0.73452012046462412  0.74568131141277849
  0.75632661587003758  0.76663009755293010  0.77738900396539279  0.78864032448621924
  0.79954289366396181  0.80996931515638371  0.82039424504574876  0.83095509556516856
  0.84192986846837803  0.85302427782190771  0.86382215803856033  0.87453659664130845
  0.88454862073317087  0.89515262946025054  0.90473201153096383  0.91454073571895822
  0.92481037465380855  0.93527188917693682  0.94557417525824328  0.95637566207477420
  0.96749998661800007  0.97905320059090828  0.98964452956407045  1.00000000000000000
 -0.00041273514048122  0.00188247157856397  0.00375330567594180  0.00533392286394285
  0.00674646124290704  0.00804362433066947  0.00924925751389680  0.01038215353629209
  0.01146059017891041  0.01251171097240988  0.01355780961977798  0.01453523222060564
  0.01554065221800193  0.01654846269648403  0.01753163983572140  0.01851488917290665
  0.01950850104245483  0.02052667050308948  0.02160626202537790  0.02270581957140571
  0.02378860680433511  0.02485980271160548  0.02592151469523216  0.02698583276330856
  0.02811396835991639  0.02925906382427437  0.03042401670272157  0.03152959716633245
  0.03258350924083434  0.03360880190812904  0.03462643328258237  0.03566581648514565
  0.03672266094820326  0.03773928301935124  0.03872409690272400  0.03967931729598267
  0.04065173104884149  0.04171956197913722  0.04285476501820308  0.04405477373027890
  0.04522059147471359  0.04638229858815013  0.04752869655971668  0.04866529503285483
  0.04969934040250867  0.05068304691873403  0.05170217780077542  0.05281861816557547
  0.05398024275847465  0.05515469004230818  0.05629588979078592  0.05744035434139218
  0.05863220191337836  0.05999622431166771  0.06134307362886863  0.06267487286214289
  0.06403586682065858  0.06539264629441321  0.06682702898996132  0.06807074717065370
  0.06936298135025251  0.07066896627799663  0.07202862890688565  0.07363551343132134
  0.07520860272716050  0.07679965426110531  0.07826594689784229  0.07976848385965794
  0.08128371817436383  0.08304539088455994  0.08484597257144101  0.08662147420757280
  0.08841435935824797  0.08959582188953816  0.09093200624898481  0.09244028300362246
  0.09427564575703405  0.09634896722475532  0.09881046188434946  0.10135154677533728
  0.10395563289647447  0.10651155086136951  0.10957377659378439  0.11274573234495784
  0.11644730253583908  0.12052230660503471  0.12651837445897998  0.13220709207169334
  0.13663470140320477  0.14217130452201371  0.15019390647258668  0.16013046075565990
  0.16926648164957844  0.18334260915786238  0.76763735489322393  1.00000000000000000
 -0.00165899968020227  0.00658233849338248  0.01403597148849640  0.02264721328090306
  0.03037619730308348  0.03763886508985903  0.04456080428450722  0.05120204803598290
  0.05815264095693862  0.06466728216007105  0.07116229547804646  0.07771780937824846
  0.08415316950505256  0.09024327524080603  0.09624138338257415  0.10219001649816417
  0.10804346903007583  0.11377522379470928  0.11939017188230128  0.12484519044018116
  0.13053445658872051  0.13645299402865735  0.14238931044888534  0.14837536130638368
  0.15431462725625306  0.16028233264958594  0.16634574551129763  0.17244367625833953
  0.17868077793639703  0.18480232687164913  0.19125186337170638  0.19796818880209996
  0.20496482950866537  0.21196054401525410  0.21908881243052683  0.22588239724904963
  0.23259014117110371  0.23923335872797519  0.24596960868516432  0.25297928209048759
  0.26015234604365972  0.26730332759746772  0.27432344350128202  0.28119259399433982
  0.28830280735661640  0.29599453633263367  0.30402037874836313  0.31262473712562133
  0.32150435977336911  0.33013340868705554  0.33965274401298334  0.34950066062028684
  0.36032816677359186  0.37156096145988549  0.38406764115019260  0.39703734406080182
  0.41075575136598752  0.42655277833616961  0.44366810998277062  0.46121379591476497
  0.48075056979192599  0.50065758197587162  0.51952453144237243  0.53734794691254284
  0.55465563661016226  0.57149453704681596  0.58811745774653246  0.60491905136990820
  0.62242144773925312  0.63987111988712986  0.65617322219368412  0.67125409829123617
  0.68562048365147510  0.69922408756536947  0.71322390174846173  0.72878476523929026
  0.74435518618347707  0.75949666347509648  0.77418203064011037  0.78811838234511367
  0.80322763448098111  0.81962100750773348  0.83693655352548701  0.85393850521426806
  0.87005770589103892  0.88520151655822987  0.89956386957825196  0.91327518120223572
  0.92587934673112526  0.93786881555989943  0.94954359213153761  0.96043223475774908
  0.97073148573524637  0.98019237254755109  0.99028671093193121  1.00000000000000000
  0.01547772114640445  0.22726559706734800  0.35948903785561453  0.45714953611449244
  0.52949243631769582  0.58679068355942265  0.63442957110966314  0.67358970422145392
  0.70652469304239796  0.73517096190547315  0.75977864061516209  0.78166823445728351
  0.80098230493586975  0.81831106174545509  0.83368878984072370  0.84728656346091724
  0.85944473014454148  0.87054358734917314  0.88039930097140828  0.88927670245832413
  0.89745661278844502  0.90482363982354075  0.91158102141834951  0.91763556536684510
  0.92295922338465575  0.92785250198611757  0.93249467055327961  0.93674172207503315
  0.94045643674875745  0.94387925946614026  0.94712583306508802  0.95023789032338835
  0.95323460075820288  0.95611113236729062  0.95860249509648709  0.96064406101515099
  0.96240219785764247  0.96416222593541756  0.96584503574425828  0.96748402038787062
  0.96904178237031147  0.97050804230233645  0.97190173944644576  0.97323235808003794
  0.97448238949381638  0.97568238440216792  0.97682937546131987  0.97792988019952598
  0.97895771558184974  0.97991892779318268  0.98081388802445335  0.98167985109227385
  0.98251508209639604  0.98331222610854829  0.98407355244881445  0.98480095615401353
  0.98550880985721834  0.98620581477323666  0.98688168786715624  0.98751881703433630
  0.98811518428817091  0.98868513317366880  0.98922877610910576  0.98976568579787050
  0.99026770873099346  0.99074532224811640  0.99120774599909811  0.99165468385852529
  0.99207387632935806  0.99248760561701843  0.99289295329590743  0.99328454454297688
  0.99365348790202057  0.99399472994307803  0.99431876506405159  0.99462285755801860
  0.99491313296937844  0.99518922250397779  0.99544961279300126  0.99570749463046415
  0.99596371557267172  0.99621746277242462  0.99646805104180591  0.99671397535426942
  0.99696117166236753  0.99720350967093363  0.99743797490888342  0.99767350567523450
  0.99790485438314014  0.99813569333428975  0.99837125893550993  0.99861618606724878
  0.99888362810085252  0.99918494064942665  0.99955104412291096  1.00000000000000000
 -0.02359927295698448  0.11710996296599431  0.15833907491288318  0.18481596766833427
  0.20542929122529968  0.22250327671826389  0.23807035103204000  0.25223527440765003
  0.26418959672983283  0.27527617076154365  0.28525924194543689  0.29463738411076784
  0.30380576327098713  0.31298050506575747  0.32217763277905376  0.33125779271177003
  0.34004548914015476  0.34871062985750939  0.35692548129965612  0.36443535289008738
  0.37187720258051404  0.37927182864121772  0.38671262020794961  0.39403440403061946
  0.40119813899331513  0.40782946688676541  0.41413830829950693  0.42047159068102241
  0.42693404354769959  0.43370562071016089  0.44060371812607685  0.44716725750950320
  0.45353412172976149  0.45951493387575654  0.46531448751169036  0.47096763257389535
  0.47665596325648563  0.48246834337146544  0.48857050239599581  0.49480180916301147
  0.50100219094864840  0.50704785648827033  0.51289203413634232  0.51841737490091366
  0.52368579677823046  0.52888252069281183  0.53398980019497266  0.53916370784676881
  0.54459459254232567  0.55005530079900544  0.55540405135003090  0.56113903311838742
  0.56686678988077677  0.57254439238922628  0.57845485825625098  0.58418215048402533
  0.58984834895384386  0.59557529372289253  0.60139725661287380  0.60716440667295613
  0.61287551055831702  0.61874249762197697  0.62467977295601318  0.63054284446924069
  0.63616167887979080  0.64168818056830323  0.64747283862724214  0.65354325384833700
  0.65966054634520621  0.66552284348982516  0.67121388672641624  0.67694769889459805
  0.68290503907515498  0.68933238942821551  0.69587654486407557  0.70242891293220178
  0.70885320179867728  0.71516041977027911  0.72194047714684517  0.72868181383686359
  0.73553132480693739  0.74257711682241423  0.74996893320141067  0.75796893356448336
  0.76655130319014098  0.77520239795769619  0.78425533211926368  0.79388430193755410
  0.80439919076141930  0.81617071029217658  0.82878341249429410  0.84262216778200216
  0.85887466484118069  0.88035876428066573  0.91504848610397715  1.00000000000000000
   6.7484119478092925E-009  -1.0000000000000000     
 F F F F F F F F F F F F F F F F F F F F F F F F F F F F F F F F F F F F F F F F F F F F F F F F F F F F F F F F F F F F F F F F F F F F F F F F F F F F F F F F F F F F F F F F F F F F F F F F F F F F F F F F F F F F F F F F F F F F F F F F F F F F F F F F
  <DiscreteSampler_grid>
  grouped_processes
  1 # 1 for a reference and 2 for a running grid.
  10 # Attribute 'min_bin_probing_points' of the grid.
  1 # Attribute 'grid_mode' of the grid. 1=='default',2=='initialization'
  0.0000000000000000 # Attribute 'small_contrib_threshold' of the grid.
  0.5000000000000000 # Attribute 'damping_power' of the grid.
 # binID   n_entries weight   weight_sqr   abs_weight
    10   10   7.281952096644621E+002   2.189831222795857E+006   7.281952096644621E+002
  </DiscreteSampler_grid>
