  0.00938946423766956  0.01646290123646969  0.02562075420595249  0.03570303543393549
  0.04632646419609476  0.05786552278647943  0.06916661127093518  0.08002555428551690
  0.09136785825060875  0.10303283205757863  0.11440500917231421  0.12510052812002295
  0.13510680292951394  0.14494838634617391  0.15501268331514284  0.16570596504347163
  0.17702096694246497  0.18864403456542553  0.19971755780205092  0.21098468104891455
  0.22083960495191701  0.23176607691517867  0.24232228264360273  0.25352786445191255
  0.26436039777093034  0.27537227739283193  0.28650553596841283  0.29784858977491163
  0.30906818169516154  0.32017693275297215  0.33132277034026986  0.34249914723251162
  0.35304112729101739  0.36307563271590115  0.37307948683542663  0.38392825191472463
  0.39547783119414121  0.40739185713580145  0.41899150613318215  0.42997060189485353
  0.44063223974380877  0.45118539814011810  0.46155110516616543  0.47146934367300414
  0.48116926123658643  0.49116167752123585  0.50096108873027045  0.51042552099015759
  0.51956559166617300  0.52915416787874270  0.53945918855632780  0.55010064916767176
  0.56064499773166609  0.57076816824357191  0.58021815847043823  0.58951834112411261
  0.59925320736367671  0.60971614366967830  0.62016996233685751  0.63028287546034623
  0.64060906575119581  0.65125547464014544  0.66204166690380817  0.67264938338127178
  0.68289861874738977  0.69322610154549213  0.70383187625427079  0.71447289205219433
  0.72507000854761949  0.73525141755282597  0.74511139287577222  0.75483881182289680
  0.76489868477044165  0.77612842468828891  0.78740562314429652  0.79777194106717475
  0.80786086112268574  0.81817510460759624  0.82895006446556652  0.83976784185124698
  0.85035512178180461  0.86122012180746521  0.87210678635096517  0.88271703674874036
  0.89342371482838023  0.90405068703566949  0.91471189893963278  0.92497834475867557
  0.93543352743836450  0.94589402840916970  0.95628941607536744  0.96556442360072625
  0.97434451322937521  0.98313463559859648  0.99093349801885289  1.00000000000000000
  0.00000248931619278  0.00000252026513249  0.00000254942992839  0.00000259037583554
  0.00000263882791941  0.00000269020562597  0.00000273872545686  0.00000280777521420
  0.00000288607446646  0.00000297233569808  0.00000306520947685  0.00000315926696725
  0.00000325699690881  0.00000336260926805  0.00000347342971505  0.00000359297368384
  0.00000372421261547  0.00000390344073453  0.00000411273023425  0.00000432825341933
  0.00000456435017465  0.00000483088917245  0.00000511771359623  0.00000542514913006
  0.00000575863698822  0.00000613265538630  0.00000654611191513  0.00000698083391271
  0.00000744418276747  0.00000791922004740  0.00000842524164400  0.00000896338402133
  0.00000953238690448  0.00001013788422213  0.00001079006642637  0.00001147740412896
  0.00001220715919026  0.00001299583882137  0.00001380660896767  0.00001463724254321
  0.00001549230881833  0.00001638541399826  0.00001734254549802  0.00001836850984238
  0.00001946010197357  0.00002066444829517  0.00002189129643429  0.00002314297266460
  0.00002444124776646  0.00002580113758131  0.00002723571389079  0.00002890019172016
  0.00003072331954698  0.00003264757274043  0.00003465676307441  0.00003676643509130
  0.00003902002689884  0.00004149962787542  0.00004397667511975  0.00004653543208511
  0.00004921091800786  0.00005207401909698  0.00005515618344325  0.00005844586368333
  0.00006196657846018  0.00006576157328669  0.00006987157330688  0.00007432002762149
  0.00007918310263186  0.00008443174070489  0.00009022583623196  0.00009648518630898
  0.00010321023419498  0.00011010511219418  0.00011759964821549  0.00012618923445120
  0.00013633723533277  0.00014825861358081  0.00016203125006624  0.00017786811240586
  0.00019632169318827  0.00021781749670707  0.00024329490988881  0.00027472330939581
  0.00031349732273858  0.00036207240344402  0.00042391728207705  0.00050515738841219
  0.00061941528260715  0.00079815132321036  0.00107261989789127  0.00156245275936557
  0.00281981965463392  0.01162839456696331  0.33173945599180860  1.00000000000000000
  0.00000235037928884  0.00000264353568935  0.00000289731305719  0.00000313919201869
  0.00000338554303110  0.00000365187834474  0.00000394284293080  0.00000424307416339
  0.00000454599444845  0.00000485799853597  0.00000518974745018  0.00000555036511847
  0.00000594115085686  0.00000633373018801  0.00000675492727117  0.00000721614011415
  0.00000770095368645  0.00000819217704740  0.00000870344902396  0.00000924084805120
  0.00000979461511450  0.00001036300915113  0.00001095973005053  0.00001159941692409
  0.00001228611342733  0.00001300886263592  0.00001374549182557  0.00001448680095606
  0.00001525598874534  0.00001609316446290  0.00001695629170927  0.00001784720019295
  0.00001878301318316  0.00001977468808602  0.00002080263671869  0.00002182890735132
  0.00002288326524865  0.00002405509406912  0.00002527947952386  0.00002655040115530
  0.00002785374760897  0.00002921072481722  0.00003060710845322  0.00003204006518585
  0.00003355832313752  0.00003514339430052  0.00003682342945973  0.00003860271303137
  0.00004048915850198  0.00004245409321422  0.00004449093132508  0.00004661244776701
  0.00004883004493336  0.00005116180750861  0.00005366097442801  0.00005636963538665
  0.00005938666630661  0.00006254564890189  0.00006583402244444  0.00006924079830778
  0.00007275325503223  0.00007650746748801  0.00008050193216499  0.00008467579956967
  0.00008919205830612  0.00009416280776472  0.00009944734410533  0.00010498992179936
  0.00011083959455704  0.00011731382409743  0.00012465848067488  0.00013274251341382
  0.00014145357772943  0.00015043072018452  0.00016011092121451  0.00017081847839060
  0.00018197987041175  0.00019341962744063  0.00020639090979453  0.00022073476719847
  0.00024161732925358  0.00026668816404722  0.00029638330911228  0.00033288321734701
  0.00037692661871510  0.00042973628471244  0.00049717702413672  0.00058747667834427
  0.00070971720472113  0.00090081069120277  0.00122669236450298  0.00179200384936114
  0.00332138356363363  0.01049119867219770  0.08750988728965953  1.00000000000000000
 -0.00242847449899232  0.00918278446399125  0.01923479162068357  0.02989571628310930
  0.04073953026732806  0.05197999136361516  0.06348825076968985  0.07418618460225915
  0.08403919309420557  0.09376246736171825  0.10356421969942092  0.11345729128770637
  0.12362875605819676  0.13391359250463386  0.14493908395739477  0.15586555340408040
  0.16649054801873184  0.17641048831103942  0.18643916824144768  0.19652975481997140
  0.20668598467745380  0.21666180764444951  0.22618356484206084  0.23559781761868695
  0.24471911316416026  0.25460828648005396  0.26464394926661411  0.27487084579667997
  0.28446825224516487  0.29434334994533495  0.30505960356667960  0.31575039201742983
  0.32630170331504676  0.33689284223453170  0.34701453018355355  0.35667463021666274
  0.36659894056262382  0.37738031718089760  0.38855645769504465  0.39932170217966906
  0.40989983211625064  0.42024804220774548  0.43070672548934036  0.44134263240945354
  0.45234931319811850  0.46335355215066026  0.47430263930127237  0.48521885680192872
  0.49629185903217388  0.50734539901127695  0.51810166691751369  0.52860210017604081
  0.53923414072080200  0.55034684442150006  0.56105579743192735  0.57160105285641083
  0.58195293269343817  0.59278715959393535  0.60309752845297027  0.61320575544959455
  0.62401857707959041  0.63519600431445145  0.64659172450765567  0.65778792933133612
  0.66934373736875197  0.68104457467223178  0.69270215813596470  0.70392682616862101
  0.71479601465237708  0.72492841881563097  0.73547526153788123  0.74530367027017930
  0.75477192563530471  0.76392947128346955  0.77369693931348094  0.78458219209554259
  0.79517530513014623  0.80581192228957310  0.81624911648020582  0.82714784847277756
  0.83780191894459743  0.84872746561405643  0.85969504491599902  0.87029324695775190
  0.88121082879559187  0.89153810363113684  0.90206202510540934  0.91164448620199801
  0.92191860153595795  0.93278495544901718  0.94462843391459594  0.95664789206033962
  0.96753192052751535  0.97851480920635348  0.98891103631140453  1.00000000000000000
 -0.00267972323277960  0.00992757878512928  0.01979575676087819  0.02985738222649515
  0.03979563862003007  0.04959268707297264  0.05987965457397738  0.07047680652300271
  0.08181443920127177  0.09348281683165585  0.10473569921969332  0.11526524814559919
  0.12548012392054123  0.13581293175568745  0.14611209168025382  0.15640618700659556
  0.16648541275852086  0.17586407082285224  0.18537318558516089  0.19588960424110191
  0.20700553327804322  0.21753239154665868  0.22777384649299473  0.23838525223753443
  0.24952469920869322  0.26044787307487982  0.27132186847175094  0.28253740507590186
  0.29335881353389037  0.30330080423046052  0.31253402623996485  0.32209041344980255
  0.33172478354998974  0.34168647199938884  0.35175568044915234  0.36212830590387213
  0.37277672240109133  0.38344116521931459  0.39437882945864638  0.40566449737798088
  0.41671780339363174  0.42824379194651990  0.43925744458040178  0.45020887507912905
  0.46094778665300778  0.47176344980473484  0.48290481591372464  0.49377259554625635
  0.50433735067921115  0.51479772582146588  0.52522773277102741  0.53572043252979429
  0.54599078975660154  0.55593543140810031  0.56606470549084842  0.57662698737751117
  0.58791112443906834  0.59941042209187423  0.60971346091536394  0.61999551646612994
  0.62948072554781853  0.63973590700200866  0.65029037481623753  0.66123773605087188
  0.67168173792277497  0.68140606082469213  0.69117930875626221  0.70153981615321104
  0.71213258529176526  0.72257911186520007  0.73318801512044363  0.74372579752897006
  0.75366049738570373  0.76375092407352452  0.77400120057222599  0.78421968473084691
  0.79404894141459303  0.80402704997904961  0.81396248587526110  0.82401090902867202
  0.83473794805637447  0.84569214618694721  0.85668152906356054  0.86742979634428996
  0.87815842970146618  0.88889736205605629  0.89946198568415514  0.91021783230991449
  0.92133686325933262  0.93298994063665464  0.94510076534392962  0.95661677604697837
  0.96747001829408874  0.97826790326402224  0.98871203067081137  1.00000000000000000
 -0.00221618590019173  0.00859803710735262  0.01811091086347438  0.02888062207208327
  0.03954061311509350  0.05009293380259740  0.06070720875178855  0.07145827934917187
  0.08150560847245680  0.09113346629538280  0.10107860668551162  0.11167959702763788
  0.12296889107233422  0.13413702193141785  0.14473889475896379  0.15506963810859531
  0.16526071101253398  0.17540798852067183  0.18573398487539272  0.19628553922061892
  0.20678181415176419  0.21689566988325343  0.22721711961869001  0.23813933295551540
  0.24952026120718523  0.26097574274318919  0.27237431053194694  0.28383197261990128
  0.29492980452473189  0.30565649811541534  0.31650505686667108  0.32731202051988251
  0.33769821989075055  0.34755619091625833  0.35688133237259079  0.36609363322500105
  0.37527403946923948  0.38480125279088168  0.39447876076696492  0.40441582360257328
  0.41482473951161980  0.42491716994926021  0.43526589200615062  0.44580676512515738
  0.45707469181805516  0.46704391487203767  0.47652924683198372  0.48610221836779099
  0.49630865373444000  0.50702525758353811  0.51780238746285834  0.52909941146652006
  0.54028735560304197  0.55065649366558078  0.56101693323375623  0.57165024507359896
  0.58255410436734678  0.59303620411283897  0.60375182393679760  0.61467624630804307
  0.62632036537615121  0.63820236478017722  0.64996411271654975  0.66172022729556135
  0.67250898403707438  0.68318843202838087  0.69304290386260514  0.70299183891743877
  0.71315197684683407  0.72347295975873749  0.73380244892501112  0.74447258365695523
  0.75563806866413652  0.76734935208276722  0.77856557249671954  0.78954609337793225
  0.80057720763987450  0.81189863499835835  0.82310713445875860  0.83393154752648357
  0.84409836987408715  0.85404908643776656  0.86388315457344000  0.87359923051920851
  0.88411936801503987  0.89528749099257676  0.90668568096658453  0.91759905577423639
  0.92808290424829110  0.93844182291428346  0.94884938636344474  0.95946652349009554
  0.97004561405691248  0.98016046876680052  0.98990051862413275  1.00000000000000000
  0.00001799054857450  0.00019000457428148  0.00053403121829445  0.00099045648305210
  0.00149938611141855  0.00191557010989645  0.00230312457203470  0.00271631267524246
  0.00313782671504288  0.00356677839721408  0.00399390927904543  0.00441817400761223
  0.00485057573030920  0.00528598736523646  0.00573096200320790  0.00618929989687264
  0.00666716226882393  0.00716509468734193  0.00767190901411266  0.00818079019577064
  0.00868299303233984  0.00918714374368439  0.00970288578206650  0.01023905163301121
  0.01078810882778949  0.01133895919133299  0.01189341318703286  0.01244351641078485
  0.01299280124379498  0.01353723476083397  0.01408791534344637  0.01462651635130272
  0.01517110524633426  0.01572567174494834  0.01631405577532514  0.01693060352601364
  0.01757936711139204  0.01820344755818920  0.01886315003815607  0.01955177230767709
  0.02023675757308822  0.02091499519326952  0.02163269517564202  0.02238654201541429
  0.02313708217792550  0.02387421942307195  0.02464659794616908  0.02546269740840068
  0.02634708288776830  0.02728598647088212  0.02824764469010885  0.02921337548038014
  0.03011669813266726  0.03098277075359511  0.03184680630479474  0.03276493876971281
  0.03371919834469971  0.03472314416392892  0.03580957728855971  0.03696870020242715
  0.03818547170130371  0.03937481433257195  0.04055802431312914  0.04180062942669812
  0.04307721579291534  0.04438381469667506  0.04569621299622680  0.04694819689452949
  0.04811148617885858  0.04925988642170306  0.05044293147479303  0.05162722609305041
  0.05296493029299726  0.05448817587170246  0.05674934599490920  0.05911236754265738
  0.06112821649507249  0.06286106944051667  0.06507073393452174  0.06768364133371205
  0.07037560303607297  0.07300119295882787  0.07542704644191456  0.07829913100971422
  0.08145681183061432  0.08526741778512598  0.08924231313057349  0.09329132570828505
  0.09771734195220048  0.10257675691837012  0.10865365516487489  0.12452539439732795
  0.15318457491696835  0.17484429998675244  0.50115401147292515  1.00000000000000000
 -0.00242169513969422  0.01028728673999882  0.02120387343607442  0.03316147832562440
  0.04542818785177472  0.05758857526198503  0.06913706690621607  0.08075750677204177
  0.09160154621296158  0.10229307137370215  0.11286977691200445  0.12355830463677539
  0.13421734650850087  0.14483557346853054  0.15595624896661212  0.16746543707949099
  0.17879549817846196  0.19029868881013215  0.20209302518131583  0.21378920009401442
  0.22501292643661924  0.23603820064893988  0.24699954115982817  0.25737841321044186
  0.26764952550334270  0.27807676431861783  0.28846351171938572  0.29824089217508465
  0.30773715512208549  0.31707485335675117  0.32670628394104645  0.33657552202841184
  0.34634239045081433  0.35611579894170792  0.36569867150239382  0.37542911583766875
  0.38551535580533669  0.39573827295971814  0.40619429509202215  0.41673380267889654
  0.42694751717761559  0.43647139875873520  0.44505340842606994  0.45288964089069372
  0.46083298190407562  0.46930521140459808  0.47836606389484848  0.48776210717006835
  0.49678354000213371  0.50565847392864760  0.51445442232008198  0.52351814532351637
  0.53264967913947492  0.54195949686563216  0.55134436100407258  0.56055590867655181
  0.57015503384545319  0.58047135131439831  0.59041493904361841  0.59940636191767138
  0.60843497161090654  0.61793771441973622  0.62798872733351341  0.63810371579106195
  0.64802529784412555  0.65803306937530548  0.66829305855641674  0.67897670271453991
  0.69009133901057329  0.70123703242731883  0.71201089194127298  0.72251603947808152
  0.73318665840449060  0.74385836558717344  0.75424190492023790  0.76440876951379322
  0.77491994410908871  0.78582764825270623  0.79677372679727299  0.80827957664604277
  0.82017531769253493  0.83200030055621232  0.84401622162771539  0.85613918700457126
  0.86799221110187230  0.87939769254194389  0.89097882020492891  0.90332119537018252
  0.91602096465733851  0.92860457798756724  0.94062278065845195  0.95214175402664480
  0.96392038726925100  0.97550506943842219  0.98756602387929371  1.00000000000000000
  0.04321629655795779  0.21505788384825014  0.31638604684082022  0.39259281843929145
  0.45291512078641433  0.50319925730527526  0.54620981867399454  0.58234018562600409
  0.61399432235974727  0.64145956051506658  0.66578536794163379  0.68797208774527174
  0.70805498155935120  0.72632661004825216  0.74303050002148996  0.75821019748692497
  0.77205494267550923  0.78496337213393719  0.79674626660230452  0.80767306494466540
  0.81782024241944484  0.82746615142881175  0.83641903087725944  0.84460415563477453
  0.85232426847730625  0.85949787350048690  0.86620830163408313  0.87260477630438482
  0.87864228887410112  0.88429030105099959  0.88959359404383354  0.89464285402331789
  0.89920958569718334  0.90357003903673350  0.90770691115654778  0.91165026205784205
  0.91547042432986081  0.91904175798084897  0.92252614491529639  0.92586974900669905
  0.92909754686656698  0.93219822451538648  0.93519849602465865  0.93801382083743867
  0.94060370919641123  0.94305627911113454  0.94552126428276184  0.94780552674743979
  0.95003968618388368  0.95216300660476627  0.95428138098535986  0.95632772097198093
  0.95829890049936195  0.96017739970299198  0.96195189458279551  0.96368895509630015
  0.96537712970517520  0.96699582198674194  0.96855779528136610  0.97006779157212919
  0.97153935613434539  0.97294855739538688  0.97425738291444752  0.97551617016123493
  0.97673567715166354  0.97790662988898125  0.97900616897834614  0.98002347073901996
  0.98106819811061863  0.98208562372760433  0.98304584326631150  0.98395310814162507
  0.98481489924200716  0.98563911946954486  0.98643119871356510  0.98719414895209223
  0.98795052990678922  0.98864241013124698  0.98932483264454807  0.99000431623881757
  0.99067291764262033  0.99133319810660381  0.99195600557012320  0.99257529941710532
  0.99318271458555396  0.99377732241427230  0.99436068172025438  0.99490559055388528
  0.99546520705320507  0.99602158495907867  0.99656732245530866  0.99712676462575711
  0.99773272064577700  0.99839913144109171  0.99915483606339472  1.00000000000000000
 -0.02133441897832341  0.10490591883463224  0.14396109574892707  0.16879507099784999
  0.18889245063523497  0.20575274025739737  0.22005488642133189  0.23299558746087179
  0.24493320457858661  0.25614735486108647  0.26669922898442178  0.27726554828470373
  0.28764924968427741  0.29786125443832823  0.30771465575565732  0.31721996088109466
  0.32581017137233087  0.33407244491721860  0.34177539966272358  0.34950578672080002
  0.35751918402060961  0.36567780009909706  0.37382934515938160  0.38165413436640971
  0.38933834700236863  0.39658604197698499  0.40458347158672808  0.41210231993241342
  0.41997731372527081  0.42704835344866393  0.43391148696232840  0.44071222544019695
  0.44736790328973031  0.45372255343938128  0.46007618077512363  0.46641177228099739
  0.47293333021060441  0.47964031916426020  0.48636435382212445  0.49302264914353033
  0.49958306346792708  0.50602248100322755  0.51258907870797532  0.51912306774858452
  0.52534175991905896  0.53137898302054265  0.53721093901499350  0.54294013958983733
  0.54881296136179836  0.55484512470342107  0.56103687125400070  0.56739175320173674
  0.57363927531850767  0.57986926829170682  0.58634767702159030  0.59206681121054716
  0.59784040996083787  0.60339383938152835  0.60905724243817860  0.61503122170850666
  0.62133428769095678  0.62767623680248541  0.63374881069537869  0.63947166824308588
  0.64495992327407248  0.65039940538007590  0.65582766370125234  0.66124746741893936
  0.66687008672750736  0.67282699511078004  0.67908257492796953  0.68565836129640967
  0.69238850264718654  0.69919289756216285  0.70532201486968449  0.71180334340382079
  0.71852759705826696  0.72562583205484255  0.73281221138946717  0.73995794589766384
  0.74727915700720238  0.75494847382148922  0.76301568076302251  0.77138006217200195
  0.78033495117832075  0.78975825287072632  0.79944850274207480  0.80926666142362436
  0.81943596082797920  0.83051567175753349  0.84314357694512532  0.85657108570344920
  0.87142522337379213  0.88952176332850774  0.91929561843690810  1.00000000000000000
   1.1703653869843957E-009  -1.0000000000000000     
 F F F F F F F F F F F F F F F F F F F F F F F F F F F F F F F F F F F F F F F F F F F F F F F F F F F F F F F F F F F F F F F F F F F F F F F F F F F F F F F F F F F F F F F F F F F F F F F F F F F F F F F F F F F F F F F F F F F F F F F F F F F F F F F F
  <DiscreteSampler_grid>
  grouped_processes
  1 # 1 for a reference and 2 for a running grid.
  10 # Attribute 'min_bin_probing_points' of the grid.
  1 # Attribute 'grid_mode' of the grid. 1=='default',2=='initialization'
  0.0000000000000000 # Attribute 'small_contrib_threshold' of the grid.
  0.5000000000000000 # Attribute 'damping_power' of the grid.
 # binID   n_entries weight   weight_sqr   abs_weight
    10   10   1.019275945211417E+003   7.125438923625876E+006   1.019275945211417E+003
  </DiscreteSampler_grid>
