  0.00871031537766331  0.01784373326153017  0.03009944556283892  0.04247448970265057
  0.05316944384714923  0.06333328118669365  0.07311698540731548  0.08296135373115369
  0.09370834416621554  0.10458533330578079  0.11598048140541849  0.12710708034641871
  0.13783595315799893  0.14811703154652617  0.15851165215235549  0.16912267138529646
  0.17990245963175958  0.19037701119837711  0.20050326389244874  0.21051774530375478
  0.22033585404181874  0.22987473427822516  0.23974443447963420  0.24997434721015088
  0.26105859788904967  0.27217101996557280  0.28319426235702061  0.29407544240765299
  0.30460350004118508  0.31550040157638842  0.32614278026944388  0.33694810124461427
  0.34775826968926565  0.35795041170095743  0.36803630435350709  0.37794435849173408
  0.38894691609004006  0.40015030953344743  0.41149466032544579  0.42240190892918328
  0.43322638203104663  0.44355441592699324  0.45406734655781172  0.46468543201501922
  0.47557234465727316  0.48637503999195753  0.49709185868543720  0.50756713119013963
  0.51791036491154885  0.52809068269523740  0.53830487801263971  0.54794863094567603
  0.55737705061187615  0.56683400933698147  0.57695800717386214  0.58744406149308881
  0.59774140726781078  0.60839190658245923  0.61930246748879925  0.63002676677350122
  0.64057613192316876  0.65129686308407209  0.66196814976799512  0.67225067955718498
  0.68217586275458608  0.69196014976486142  0.70180046726413270  0.71166463487197262
  0.72123126028160178  0.73070496484479297  0.74016502754010971  0.75003970567697908
  0.76055495008416707  0.77136312466640444  0.78248009459428247  0.79356733723242745
  0.80427812531157672  0.81428935217753173  0.82387517325555082  0.83341910579146761
  0.84301905197711069  0.85320871721597402  0.86405667286819077  0.87510023030574591
  0.88619783401671670  0.89753063460564975  0.90898896129013684  0.91978127643631380
  0.92982235663044643  0.93969047420718554  0.94894960424179953  0.95784980132286046
  0.96726697067995637  0.97643523219330752  0.98813974055894671  1.00000000000000000
  0.00000250235905786  0.00000273986947199  0.00000288362073211  0.00000299156642038
  0.00000310398654802  0.00000323006071937  0.00000335780760694  0.00000348331415576
  0.00000361519065718  0.00000376840309878  0.00000395495455146  0.00000414960614262
  0.00000435437081374  0.00000456352404450  0.00000479172219578  0.00000504182787486
  0.00000530998894045  0.00000558108007152  0.00000585036381240  0.00000614636566032
  0.00000646910039680  0.00000682732424088  0.00000721212082256  0.00000760560962190
  0.00000803550982941  0.00000850902794880  0.00000899104187198  0.00000947156005476
  0.00000997844928660  0.00001050164588154  0.00001105403952820  0.00001166185247084
  0.00001234471268880  0.00001306229249358  0.00001380581091283  0.00001458629230885
  0.00001540081186526  0.00001626102978365  0.00001718023218037  0.00001813313311708
  0.00001910660194239  0.00002013912699386  0.00002124762311719  0.00002243567839129
  0.00002368606423935  0.00002502128520831  0.00002638028507658  0.00002772617011965
  0.00002907086449373  0.00003045712871417  0.00003195804303942  0.00003361826809402
  0.00003538759464506  0.00003722585997562  0.00003908283163480  0.00004101637217340
  0.00004318887221353  0.00004562727725509  0.00004826038596508  0.00005101463800907
  0.00005387803491406  0.00005687993818475  0.00006000090298537  0.00006335324094458
  0.00006732846168737  0.00007154737753201  0.00007601171549328  0.00008065471967075
  0.00008564128068488  0.00009094259003826  0.00009680546383841  0.00010327309621353
  0.00011043461533868  0.00011856534198381  0.00012773687627868  0.00013768241421562
  0.00014819465384880  0.00016002005748846  0.00017425676261514  0.00019034617903330
  0.00020784181542023  0.00022877486283803  0.00025644749188228  0.00028859916340660
  0.00032687772456404  0.00037474278955103  0.00043498530406099  0.00051401140150143
  0.00062233115915095  0.00079969019673340  0.00107925311452951  0.00159554606624164
  0.00304893674687561  0.07341894332728333  0.46048944897874200  1.00000000000000000
  0.00000235725075997  0.00000262996104610  0.00000289654651778  0.00000317467681153
  0.00000345736541888  0.00000373421656905  0.00000401305347346  0.00000431092750527
  0.00000464165171570  0.00000499147722646  0.00000536655281529  0.00000577363431681
  0.00000621886875915  0.00000665495258615  0.00000711880115421  0.00000758332755220
  0.00000806654870742  0.00000858007537957  0.00000910908160384  0.00000966183096402
  0.00001024576480558  0.00001085802155854  0.00001148115410751  0.00001212231170647
  0.00001278885037856  0.00001345954689688  0.00001413973434901  0.00001488005158088
  0.00001567857290384  0.00001651868795362  0.00001744875491977  0.00001842930117371
  0.00001943664091100  0.00002048181588331  0.00002158502659325  0.00002273722698725
  0.00002386989432242  0.00002491828743848  0.00002595630870326  0.00002705815275412
  0.00002824021188143  0.00002944920065114  0.00003071079374377  0.00003204917791629
  0.00003341376556824  0.00003487682877246  0.00003650810371125  0.00003825128903771
  0.00004006588067584  0.00004189523570353  0.00004378805964941  0.00004585830369896
  0.00004796028922188  0.00005028848098085  0.00005272681298034  0.00005514530566145
  0.00005753720924626  0.00005996968430522  0.00006256737476143  0.00006544140218234
  0.00006883880023876  0.00007245735557745  0.00007618383137833  0.00008008840058888
  0.00008417417372751  0.00008873301037069  0.00009386317116762  0.00009950915447501
  0.00010570754527448  0.00011253552616642  0.00011981831779654  0.00012757305418738
  0.00013583255344277  0.00014469871607891  0.00015431312428143  0.00016487359445309
  0.00017576664961544  0.00018773168542062  0.00020118813904890  0.00021765401550900
  0.00023837300914753  0.00026275183108481  0.00029100929128148  0.00032228474767248
  0.00035758830882497  0.00039794869083272  0.00045214850467509  0.00052447842290140
  0.00061788813088158  0.00074677377321775  0.00097440006609309  0.00134045940512727
  0.00206636944369655  0.00468457506170759  0.24544160016446898  1.00000000000000000
 -0.00237309126808131  0.00913043028242202  0.01909435337793502  0.02778350963494025
  0.03684447511485527  0.04714622530736857  0.05798989033512331  0.06824420391953044
  0.07846851842439385  0.08938267758945893  0.10142710417371664  0.11229861625882891
  0.12244200525313048  0.13291596920435977  0.14319213541653231  0.15295919327257440
  0.16248103750261764  0.17242974480811094  0.18288981570399390  0.19322822457097569
  0.20320320019593197  0.21323568986237029  0.22342974470899116  0.23380890472274629
  0.24409777519450049  0.25420207777084525  0.26425367529750282  0.27436963004352299
  0.28455492286999090  0.29458887592635874  0.30475584128376021  0.31555569165104985
  0.32659888727039738  0.33728472297242029  0.34769829645415834  0.35842976209107502
  0.36943076530792074  0.38015705180716586  0.39059203392201114  0.40093092150989146
  0.41167455047543500  0.42295053596683380  0.43470567210313060  0.44564425572940980
  0.45582717104929127  0.46615752891058448  0.47710086971441307  0.48833273965900126
  0.49946465345039376  0.51033221997661027  0.52087022623544255  0.53095700388010503
  0.54093210406105663  0.55121135039861635  0.56233757955497088  0.57415390689101442
  0.58621609808575537  0.59744658430298336  0.60764536241607836  0.61740737107047872
  0.62711468526135272  0.63697567594480420  0.64745641309289703  0.65837160397255312
  0.66946198396743239  0.68028263404962264  0.69069207444591219  0.70064547560647961
  0.71055909581940346  0.72036363700906003  0.73036778705328198  0.74088651338262645
  0.75175177931614401  0.76288318758966567  0.77402699935686303  0.78488917327840790
  0.79552623329344452  0.80620500888358126  0.81672377642063965  0.82690546005497256
  0.83702174201589030  0.84741086796749110  0.85768175591469920  0.86787507319825852
  0.87848205469085461  0.88977473941087204  0.90095957328010556  0.91217297165244693
  0.92296970929746625  0.93366229368745057  0.94451980912985090  0.95573725629987993
  0.96660061130868369  0.97734224398486480  0.98851311963880484  1.00000000000000000
 -0.00263486337095108  0.01002152024723336  0.02082027911779516  0.03167079133911716
  0.04263449533899408  0.05343725203555560  0.06483546565689823  0.07647111135319005
  0.08784800171924999  0.09903462342325911  0.10973890347284362  0.12014089910489896
  0.13036215423200459  0.14116320436085836  0.15167979213987393  0.16279174915785588
  0.17323541793137492  0.18334430159505613  0.19322565060218580  0.20310700450991137
  0.21457347805786292  0.22623259960989797  0.23717870488464762  0.24768762784524467
  0.25794843239632748  0.26778273827811416  0.27788234010934848  0.28779828323273821
  0.29832713774991465  0.30934436303927848  0.32027970379478587  0.33100773922846416
  0.34156438761309788  0.35220173409652561  0.36222588713026377  0.37172313087188563
  0.38124272754736849  0.39146504814405841  0.40194694935515252  0.41277049979911851
  0.42409275115801176  0.43561578305938398  0.44691361464130985  0.45805184770893537
  0.46906144094685137  0.47982572532430895  0.49046514164247207  0.50131342522940703
  0.51243753307195039  0.52363764968623883  0.53463934972894323  0.54545004893916516
  0.55619597944238230  0.56695982915719312  0.57779103901653450  0.58859810322026607
  0.59904303351736610  0.60920813140936936  0.61927728090212519  0.62956826937072252
  0.64011763482288120  0.65103158124150240  0.66200481260632094  0.67216473967769996
  0.68176372313681655  0.69143642727165922  0.70093954789827473  0.71089599155250693
  0.72040840278710727  0.73062768166528358  0.74148876796475238  0.75304798807208939
  0.76495720193329175  0.77654609526303564  0.78754809049721752  0.79785187771361110
  0.80813996473586514  0.81917700731743315  0.83014541197986380  0.83945163800031397
  0.84772828599531436  0.85680572156568402  0.86660680946638224  0.87619266632938875
  0.88561137171243376  0.89528914651216507  0.90581610420475311  0.91640455990208891
  0.92682021723251362  0.93711869441712492  0.94726809647203347  0.95739041794353008
  0.96784152476274143  0.97831460276497539  0.98932610281268518  1.00000000000000000
 -0.00266406386951299  0.01007081773314424  0.02165238944860419  0.03261140454662576
  0.04401317845978879  0.05559909916727769  0.06679919400760179  0.07763468902669869
  0.08790265275703316  0.09816849122201467  0.10847177114895949  0.11883724893237246
  0.12908007270580990  0.13925568640366978  0.14955249430908968  0.15995467866654073
  0.17054931990847316  0.18133851804096007  0.19206934250022165  0.20279668841437437
  0.21345346447312960  0.22414185988961635  0.23486489454590948  0.24489026687026619
  0.25471616207100856  0.26478400864154095  0.27486652928532529  0.28523186480252483
  0.29636736522277252  0.30821247427582321  0.31973730819238499  0.33011780190089496
  0.33977495755399539  0.34965926050874990  0.36026543010037970  0.37085027931525111
  0.38187747459012494  0.39320283152534391  0.40322864235604106  0.41266964329087330
  0.42254594945583868  0.43248398473775673  0.44188573600062581  0.45089022372703280
  0.46039617694858481  0.47098320289898782  0.48180413244100651  0.49283927648157050
  0.50410164192172291  0.51504727859806387  0.52626818413459286  0.53758057585155450
  0.54846678753929701  0.55888544358703440  0.56948258800600249  0.58051936190701525
  0.59182408459641767  0.60302700535041853  0.61397653408375419  0.62464870031117370
  0.63510273325448585  0.64545295409025660  0.65594434154038417  0.66675322097242662
  0.67800511368349892  0.68914699001353719  0.69995012397985368  0.71014645250254238
  0.72002771320676451  0.73023337012590206  0.74078410325024358  0.75134399296779897
  0.76143991187844573  0.77119517544075045  0.78082698501353609  0.79054411213685538
  0.80089057143368425  0.81197493879783389  0.82314415884509629  0.83415113098760818
  0.84490613996771846  0.85478429087665753  0.86424899512217845  0.87386436546657542
  0.88384712611768712  0.89454361094292623  0.90498190714374138  0.91583617359514247
  0.92651055126708515  0.93727650116379113  0.94816489132336135  0.95870866836676127
  0.96900273200854137  0.97934242335395261  0.98973347353829444  1.00000000000000000
 -0.00000190375706512  0.00019649817121397  0.00053444147893403  0.00100851938043010
  0.00163316237663464  0.00220932739210595  0.00268535384136321  0.00321304256569721
  0.00376424683314633  0.00433385535181413  0.00491679773462750  0.00550146709205045
  0.00609314489868067  0.00669475595883703  0.00730881346696034  0.00791595493003318
  0.00853917378846618  0.00916511677546719  0.00978197209692561  0.01038975027653343
  0.01101378268766565  0.01162137669794216  0.01225128909060144  0.01289875445458115
  0.01355461057674509  0.01422205175206963  0.01490341747197819  0.01557843667448156
  0.01627152571289780  0.01697708749344228  0.01767228010205074  0.01839213913428793
  0.01912213226005899  0.01987032335917150  0.02063696466415681  0.02138242312229823
  0.02207990902902595  0.02276869690632274  0.02348814637179257  0.02423445273140038
  0.02496295686435158  0.02568604668572902  0.02640955405544104  0.02712755922535408
  0.02784179073899711  0.02856516633435243  0.02931231245053141  0.03010425111562720
  0.03092660873097678  0.03173239454178787  0.03258294266552393  0.03345685024007807
  0.03440533894744079  0.03541605046982160  0.03655206338236001  0.03768156337480830
  0.03865345267982419  0.03955053854792941  0.04046214004530815  0.04141663553063200
  0.04245350432407440  0.04367513907585979  0.04512934817361050  0.04653002605549356
  0.04777001675268146  0.04901427877251645  0.05030903544810203  0.05165115814683101
  0.05301787328406224  0.05440462504018085  0.05573238847832934  0.05701756265677015
  0.05845489321790459  0.05989646442377591  0.06153805968693763  0.06355959449966320
  0.06581295142659539  0.06789258121355432  0.06977383009773290  0.07157140608521353
  0.07338031217641475  0.07566252962581821  0.07810938366784448  0.08098218987138162
  0.08597070620141942  0.09259969468799362  0.09819600172624514  0.10233092168510369
  0.10777233349741243  0.11505818434928920  0.12342600434084225  0.13258508296616064
  0.15629295879836191  0.18051879939391813  0.23129889985356980  1.00000000000000000
 -0.00250582506715582  0.01026186821603780  0.02180299828728875  0.03436528688514708
  0.04772753620899544  0.06123028976891429  0.07430735850507783  0.08663815780080267
  0.09884313597188210  0.11026965113550433  0.12121131376123355  0.13271088406999773
  0.14490551587021960  0.15712449666621089  0.16858626905041826  0.18020933321356142
  0.19176069377187485  0.20323171209849361  0.21411360732572696  0.22469602233681471
  0.23503970356589268  0.24560106049930711  0.25638440292958570  0.26722884311319395
  0.27786366829906273  0.28801593852202201  0.29759624237070031  0.30703345153378431
  0.31692759281646643  0.32708739346555982  0.33755859679962197  0.34745531380978678
  0.35708130217941986  0.36670198900189865  0.37614512351061391  0.38550803505940312
  0.39524635060320562  0.40527326127690577  0.41584580623483808  0.42605120374723504
  0.43639999769970828  0.44683471243533840  0.45663029843431779  0.46570946100107724
  0.47461366618979600  0.48359063364652427  0.49355130864310598  0.50395328195002587
  0.51447767094417984  0.52501011628688687  0.53539363163924891  0.54558591765610165
  0.55550042407774169  0.56493794963412858  0.57403312481893798  0.58317699908753939
  0.59258110217608895  0.60231262683336817  0.61199176098503227  0.62150815180450458
  0.63090358729572671  0.64039840887735144  0.65003944887433818  0.65990058410220120
  0.66986917242780397  0.67935863899089732  0.68889714162513316  0.69902483807346549
  0.70940532559897707  0.71968183883484260  0.72928141007336589  0.73882650167148778
  0.74801956468868902  0.75735826510080217  0.76722173771636415  0.77841699372771089
  0.79009650046532187  0.80121476329131014  0.81208696387330870  0.82313556439504532
  0.83339177703977418  0.84238718072963226  0.85200772019471860  0.86227093472508265
  0.87241429357789790  0.88252390392676350  0.89248743758948257  0.90414345011175512
  0.91731863716794670  0.93010067553121956  0.94221824778878138  0.95370685006331524
  0.96545215502737869  0.97699800523108438  0.98881187278804006  1.00000000000000000
  0.01225729237842687  0.18928687637727648  0.30052296019554015  0.38541176030959046
  0.44966407184962304  0.50289426160995221  0.54885566945183240  0.58753431952772384
  0.62070019678834709  0.64902287323134977  0.67361857715204576  0.69566126775260162
  0.71561220221834276  0.73326433757117215  0.74961494848291443  0.76463370400650321
  0.77823829161686786  0.79075902824798860  0.80235553252418279  0.81315022237174550
  0.82310469782957396  0.83250937858723273  0.84131974617063165  0.84958981096320485
  0.85735162855655023  0.86457244772781527  0.87130878743533879  0.87766164260487678
  0.88377739821127976  0.88969251171890551  0.89516803552013391  0.90014949810814671
  0.90484153597150307  0.90936999546403341  0.91376824699905279  0.91774226660211489
  0.92132244811395581  0.92473937809942630  0.92801483160019727  0.93115781368466743
  0.93419198048609253  0.93704954978208310  0.93976091746460577  0.94227528060435106
  0.94473210348559566  0.94716298338954052  0.94952717350013816  0.95180600708030316
  0.95400337725523920  0.95610243843722220  0.95803412877350036  0.95980208814163492
  0.96148328511818970  0.96309274189090988  0.96465843659650563  0.96619574415287168
  0.96767791996971120  0.96908902393775787  0.97045291882704632  0.97176766372919066
  0.97304539843551163  0.97427208596235282  0.97544791078246906  0.97659996191156140
  0.97773269677422059  0.97883172626859583  0.97989036835176924  0.98091726135319146
  0.98186273159999293  0.98278874686680506  0.98369329021587992  0.98457872335930730
  0.98543645607899721  0.98625300591193044  0.98703228815910193  0.98777111174326004
  0.98848335124103481  0.98916804543865278  0.98984541334351550  0.99051899734065929
  0.99116716588881615  0.99178890147285814  0.99238206673089790  0.99296877239148640
  0.99353758244430879  0.99407965877783555  0.99462262978011773  0.99515774881457153
  0.99569031566846544  0.99622122753133113  0.99674962218449037  0.99727641624377938
  0.99783828602739699  0.99845382530967297  0.99916217135564200  1.00000000000000000
 -0.02150315605207693  0.10452968285746536  0.14394631354755258  0.16877759338320256
  0.18843982003413817  0.20635959392304126  0.22189500542761792  0.23592427705237501
  0.24904914976346282  0.26225384419859082  0.27399462499326832  0.28379033530507614
  0.29326216372861164  0.30273501213739934  0.31228492765259414  0.32131312014377317
  0.32980110511738714  0.33813360541347076  0.34619315904004350  0.35418160080788091
  0.36204808576385428  0.36989743239549200  0.37777196687509335  0.38557222002984326
  0.39302029004620653  0.40036391146260808  0.40758109089669620  0.41441746721624001
  0.42063541261412452  0.42624875298528114  0.43197016479607003  0.43744575080115056
  0.44343365646153060  0.44955407895651767  0.45620866524891729  0.46283115531187979
  0.46933706515371498  0.47595505565393564  0.48265652669265108  0.48941805687847961
  0.49602426122919263  0.50226371485714227  0.50806485081630881  0.51360105697230796
  0.51914765658399009  0.52465691363150180  0.53043083527444679  0.53634173744760238
  0.54228263542917909  0.54823890886958782  0.55408181720854155  0.55998056520520678
  0.56596031467248786  0.57215335481203611  0.57821954037539958  0.58445236879956786
  0.59072329573823790  0.59714937757221731  0.60351425275335768  0.60981485559156656
  0.61618887558716506  0.62260722352125863  0.62887834208228199  0.63496298591895928
  0.64092341570961120  0.64703030699366026  0.65335026777173011  0.65968428631731757
  0.66610590733716568  0.67277410153472250  0.67967792286532469  0.68679789488792831
  0.69400474978761728  0.70137321103451533  0.70843817230984552  0.71516763499244052
  0.72198285120511096  0.72898066437502740  0.73635706487093178  0.74397583027868641
  0.75172963934584569  0.75950028767562772  0.76722066989365867  0.77488967618787730
  0.78289883518273395  0.79141391590271248  0.80054868923816314  0.81008588638716028
  0.81984124058048291  0.83037065903709240  0.84217340422851328  0.85543411438620853
  0.87058957412174354  0.88943967015627623  0.91949692420305151  1.00000000000000000
   1.1759530710114577E-009  -1.0000000000000000     
 F F F F F F F F F F F F F F F F F F F F F F F F F F F F F F F F F F F F F F F F F F F F F F F F F F F F F F F F F F F F F F F F F F F F F F F F F F F F F F F F F F F F F F F F F F F F F F F F F F F F F F F F F F F F F F F F F F F F F F F F F F F F F F F F
  <DiscreteSampler_grid>
  grouped_processes
  1 # 1 for a reference and 2 for a running grid.
  10 # Attribute 'min_bin_probing_points' of the grid.
  1 # Attribute 'grid_mode' of the grid. 1=='default',2=='initialization'
  0.0000000000000000 # Attribute 'small_contrib_threshold' of the grid.
  0.5000000000000000 # Attribute 'damping_power' of the grid.
 # binID   n_entries weight   weight_sqr   abs_weight
    10   10   1.068440088874003E+004   9.356628112041998E+008   1.068440088874003E+004
  </DiscreteSampler_grid>
