  0.00892770563117513  0.01759443405318090  0.02827481010050997  0.03913103590529849
  0.04956549785910237  0.06006687976060106  0.06991482838436398  0.07914619545969122
  0.08850249025564845  0.09796686006735479  0.10774169290081596  0.11721684261964772
  0.12679335810061143  0.13662414389899880  0.14658177133380099  0.15694685136128111
  0.16757004969273168  0.17826409484045164  0.18853725634624149  0.19861924844876302
  0.20910418711883133  0.22022299379125168  0.23172305801070209  0.24320669264145511
  0.25461776263678498  0.26584734454177589  0.27646780371643764  0.28665567446910406
  0.29670431076892911  0.30687907188517133  0.31745779514112771  0.32844896976808557
  0.33970535004582803  0.35075451380852546  0.36109837850452864  0.37125744590816090
  0.38205788926986328  0.39279626908006882  0.40285477167392614  0.41203383035165519
  0.42136955625190148  0.43092887385204409  0.43885482906207590  0.44695911642798686
  0.45525923744026381  0.46461678380301491  0.47542925026661897  0.48656003149605614
  0.49737663467127780  0.50814372532219410  0.51904784735530485  0.52975173637974649
  0.53996739778191938  0.54982536961745609  0.55984077323127435  0.57032248054860990
  0.58065770156670149  0.59048299059506071  0.59992174039868795  0.60914685478996755
  0.61829882943094061  0.62789897087221302  0.63793911156433358  0.64880523259627365
  0.66046737609627171  0.67190005734581026  0.68285001818943181  0.69358237333380246
  0.70428919993081418  0.71539418544547351  0.72691341707701307  0.73841856039337173
  0.74978297991129128  0.76111046829842732  0.77249988530901159  0.78355893563900092
  0.79422902373532267  0.80487782244635397  0.81604808360080505  0.82743036816793858
  0.83871458788649356  0.84940320698806437  0.86001073491144653  0.87037765616352569
  0.88065239266214967  0.89077525698784454  0.90087989100518207  0.91120850858765179
  0.92204221864759417  0.93323011624788521  0.94396166182003460  0.95439604476058593
  0.96497665778991615  0.97627495157649280  0.98821270405158490  1.00000000000000000
  0.00000254086217788  0.00000267008232754  0.00000275930714243  0.00000283152242091
  0.00000292370381815  0.00000301361472083  0.00000310555415142  0.00000321282801346
  0.00000335487346027  0.00000350707988104  0.00000366539042851  0.00000384990000071
  0.00000405946037356  0.00000428437226915  0.00000452427076385  0.00000477080053316
  0.00000503155202219  0.00000531464132142  0.00000561847874151  0.00000594596245200
  0.00000626635096815  0.00000655356697157  0.00000684442970688  0.00000714156766668
  0.00000744197225863  0.00000778858345459  0.00000821867482028  0.00000867902425149
  0.00000916845989033  0.00000968370442673  0.00001019686254199  0.00001075090560085
  0.00001134424270459  0.00001196687825202  0.00001262576529441  0.00001333354059033
  0.00001409594995243  0.00001489426137030  0.00001571495113882  0.00001655677676147
  0.00001744904452280  0.00001840456161556  0.00001940014450718  0.00002045797275148
  0.00002155532571757  0.00002267397513687  0.00002384582707495  0.00002507163864872
  0.00002643221282993  0.00002788276311637  0.00002940794442577  0.00003101324145644
  0.00003272031775924  0.00003454739033423  0.00003643374339467  0.00003848543734231
  0.00004071198752739  0.00004304296641807  0.00004552301500654  0.00004815638978198
  0.00005090455869447  0.00005371677667151  0.00005662329770348  0.00005979603931350
  0.00006324859433106  0.00006692972561250  0.00007109477808477  0.00007526620195794
  0.00007980568552136  0.00008480831266168  0.00009017941160758  0.00009629176746736
  0.00010303935763713  0.00011038598326518  0.00011834255629716  0.00012701642648916
  0.00013667644751208  0.00014754168084820  0.00015993342790026  0.00017400148061782
  0.00019028672883628  0.00020916140091706  0.00023056606063256  0.00025595630383903
  0.00028760181387829  0.00032660847346391  0.00037483183593325  0.00043801398259787
  0.00052572127525677  0.00064472667907582  0.00081134424470837  0.00112598835246232
  0.00185964573730158  0.00893293023857809  0.26210677995872189  1.00000000000000000
  0.00000236122610871  0.00000258406973992  0.00000280652639190  0.00000303352507585
  0.00000326506198513  0.00000351298906683  0.00000379178680262  0.00000412832946349
  0.00000447532652568  0.00000483146593520  0.00000519100605923  0.00000555984283371
  0.00000593473641406  0.00000631307605566  0.00000670672249859  0.00000713502943683
  0.00000759655287128  0.00000808124777621  0.00000857243765093  0.00000906600974118
  0.00000960484436030  0.00001018662135305  0.00001080715683076  0.00001143552162161
  0.00001205374147891  0.00001267976322062  0.00001334979997727  0.00001406288516482
  0.00001481180278985  0.00001559115448691  0.00001639833261720  0.00001723238025786
  0.00001807732324041  0.00001895990855416  0.00001985967329419  0.00002075658950307
  0.00002168600631853  0.00002266205738790  0.00002370581447595  0.00002482237185211
  0.00002601606097877  0.00002727737545035  0.00002854215499495  0.00002983757059064
  0.00003116450930858  0.00003254834482939  0.00003405975844118  0.00003569454902728
  0.00003744726960675  0.00003923141445805  0.00004103821933235  0.00004294126026917
  0.00004500467071847  0.00004721368133971  0.00004952000085349  0.00005190855998497
  0.00005428211920657  0.00005693705592928  0.00005967863724446  0.00006236666326366
  0.00006509624904969  0.00006792342314730  0.00007080860135793  0.00007366534421229
  0.00007682414205640  0.00008073997145629  0.00008517663791551  0.00008998039508736
  0.00009525616273702  0.00010106368160874  0.00010735691824001  0.00011407887272412
  0.00012117285126262  0.00012947628558074  0.00013882487449964  0.00014937967685759
  0.00016100120255624  0.00017373224987747  0.00018769475676229  0.00020329284067984
  0.00022175621918180  0.00024289118945927  0.00026758712225268  0.00029395155027006
  0.00032609342217769  0.00036491947620474  0.00041526500978796  0.00047736344587607
  0.00056051995982104  0.00067812397673982  0.00084864920546320  0.00112604990798867
  0.00169010084424017  0.00444516977337292  0.21706947762866957  1.00000000000000000
 -0.00234957122864467  0.00916180379431159  0.01917703433204945  0.02994339347745718
  0.04029396033875348  0.05079961424245501  0.06130231845381950  0.07190844164458976
  0.08240707714844243  0.09307425228376677  0.10357119784076908  0.11406964304764754
  0.12448404067743050  0.13513688376147334  0.14600287930846326  0.15674486141155808
  0.16750432493052250  0.17856707360019800  0.18993729542488838  0.20117329661282468
  0.21228140900545875  0.22323989164827773  0.23392908734733592  0.24436651134206269
  0.25446356867532832  0.26464264460121661  0.27466184648168440  0.28453979288121600
  0.29438290801406464  0.30404551575495281  0.31356403361006480  0.32321687184292608
  0.33337902031523009  0.34406938757798716  0.35506715597890598  0.36534579638638509
  0.37573643368570941  0.38566096868087407  0.39614074236128255  0.40607556547991308
  0.41639048033485487  0.42708607038814284  0.43796172012531581  0.44853488107086464
  0.45877336380242806  0.46990489950679598  0.48157465827232182  0.49284686743862027
  0.50344627247021356  0.51375957266076588  0.52412512509255693  0.53505352550630458
  0.54585635269049426  0.55683516011831757  0.56788012728973192  0.57931248579794903
  0.59068550728189828  0.60161910385757000  0.61195873113314925  0.62216124399052930
  0.63266222293106988  0.64320464700429947  0.65393535459391827  0.66510035193130224
  0.67669599835865046  0.68853964346422969  0.70014649267704809  0.71116749127410095
  0.72185790172903885  0.73280587440196299  0.74401107390668286  0.75503585664885209
  0.76570347381042614  0.77606072525545378  0.78623567076318901  0.79621447073924756
  0.80613336320532658  0.81608133352795520  0.82641445031760619  0.83703862985354782
  0.84782369340064889  0.85863386039770251  0.86953528738872687  0.88048204463664814
  0.89139855977451410  0.90250789517852270  0.91394609240570424  0.92466048852169669
  0.93349852910089115  0.94163519665720674  0.95002571361072952  0.95887527915385229
  0.96926843192540157  0.97934759972883356  0.98953726925868213  1.00000000000000000
 -0.00227101056228647  0.00915857234665407  0.01938225559409094  0.02993614499420209
  0.04057159396912294  0.05166986253206354  0.06200475304671196  0.07075960720135666
  0.07949675206525711  0.08906152937514798  0.09915175582830851  0.11104319419718087
  0.12319232672665142  0.13439885794900749  0.14536374634313087  0.15630843411824735
  0.16710868468306220  0.17775287265775283  0.18832944186777417  0.19921776726849744
  0.21031880935028788  0.22059330445755959  0.23122634533189851  0.24156334613312222
  0.25198040927754439  0.26219693827145479  0.27274650759498381  0.28388216757626206
  0.29539242164439095  0.30716973723955254  0.31841767535254950  0.32929773708639593
  0.33957926050259429  0.35023706639437074  0.36041689739064897  0.37096387155195798
  0.38127542678311710  0.39208016080665908  0.40241549762521206  0.41299260077781913
  0.42442756203889387  0.43631116175219775  0.44748207044285371  0.45800461977122697
  0.46827112085677952  0.47812087845331996  0.48776898821627818  0.49760947167821268
  0.50816487093687579  0.51896950774123274  0.52960624802121326  0.54039461924140275
  0.55178761266204102  0.56350417000391073  0.57496465686638565  0.58620759902556374
  0.59724516090384694  0.60799852176187152  0.61838504142158734  0.62843210888732148
  0.63851924888283096  0.64893645208566308  0.65943016429653656  0.66991579518014521
  0.68061627594736440  0.69148727104127494  0.70234830323077413  0.71284712402000805
  0.72298983366469782  0.73294437043090410  0.74275939287810389  0.75294975835419564
  0.76336854452596770  0.77369218675077289  0.78448962572960568  0.79600412958810907
  0.80781611300899814  0.81868199711553047  0.82832132369252198  0.83738329445041515
  0.84678777221879564  0.85701228141177110  0.86751134436173905  0.87734860909386869
  0.88687488084405952  0.89647882774307652  0.90645061742874955  0.91715813026290438
  0.92759331909518017  0.93786475537244729  0.94782725322461892  0.95842369886690426
  0.96907512285613351  0.98005720728668311  0.99011990000194727  1.00000000000000000
 -0.00244760670804787  0.00924014027439736  0.01873698079633504  0.02928574088803335
  0.04013599781331589  0.05117082236884308  0.06246186132072375  0.07172283496384796
  0.08093013992129698  0.09000040965182021  0.09954517640035969  0.11104477010077336
  0.12291390996699311  0.13426102764395051  0.14473958743563911  0.15511987260408125
  0.16548458200617686  0.17601223281448292  0.18697686650770551  0.19804096966855730
  0.20882760300798611  0.21932460379972582  0.22952391978110706  0.23975882170115809
  0.25044546854566957  0.26162869682173173  0.27267358566921512  0.28336336909859078
  0.29414920673503547  0.30501729092474422  0.31569140185236344  0.32613513020291923
  0.33626503253026468  0.34636504205987712  0.35696677857773307  0.36796659313124708
  0.37873896466581825  0.38950070789973701  0.40002469672371832  0.41088737998595992
  0.42198723953860362  0.43312241905711368  0.44429217640329421  0.45463730597274921
  0.46506615550432306  0.47606668201951080  0.48791372972052827  0.50013784644730430
  0.51221002909511526  0.52362212413055631  0.53478368685824207  0.54552200922462912
  0.55616440202881401  0.56671603086826228  0.57772861572325596  0.58875765679590186
  0.59960892626369566  0.60987999365651246  0.62058582204439949  0.63097916590799719
  0.64156963010789625  0.65189964948465784  0.66209745895938432  0.67213649073928938
  0.68173804540882288  0.69144753360530697  0.70116917349709396  0.71133655019707842
  0.72170901894113959  0.73230118810502165  0.74296069261718301  0.75332106625915862
  0.76353270499690817  0.77379920964231719  0.78407409657655869  0.79389528108022911
  0.80309729487052017  0.81267652366497900  0.82192057150197040  0.83207953844674476
  0.84259577281485043  0.85333396315148902  0.86397042776581279  0.87494917821628215
  0.88635980669987935  0.89811271167735540  0.90942469040452978  0.91948275139856772
  0.92878338084008072  0.93819411781760931  0.94838268608794751  0.95813289550448577
  0.96764953819664068  0.97718137216151335  0.98852584751337913  1.00000000000000000
  0.00001313457089197  0.00018059406228921  0.00050520352331635  0.00095086987930291
  0.00154974716621115  0.00207674390635007  0.00255071841565756  0.00303138505408378
  0.00352841807854194  0.00403583246272171  0.00455121147524153  0.00507517645656244
  0.00560519889248237  0.00613951330268580  0.00667219034387567  0.00719907999919020
  0.00772165476307156  0.00825868996622719  0.00880949869758919  0.00937379164994860
  0.00995475383716038  0.01054207496788572  0.01112317844117748  0.01170727346806238
  0.01229333412138789  0.01287518985131471  0.01348503767921022  0.01411516662045090
  0.01477142315740434  0.01544331814930256  0.01613534125206812  0.01683429763771113
  0.01753208470900621  0.01823964252779089  0.01895368794628130  0.01968691769687213
  0.02043531733466288  0.02120762033524157  0.02197361263902191  0.02272653335802274
  0.02355158616975796  0.02441156086426957  0.02530108169691669  0.02620862159516854
  0.02707887260630407  0.02797559768954663  0.02888648130096972  0.02980046550285125
  0.03071771441768795  0.03171424077242509  0.03275940449805317  0.03391479218516016
  0.03500323918951606  0.03605660037240573  0.03711685953025228  0.03815184964877899
  0.03926967032457772  0.04044062487928871  0.04155242172331378  0.04262236023680784
  0.04376980589405565  0.04501222228059520  0.04633155125342284  0.04761659445230418
  0.04885773767689876  0.05010571259583763  0.05147847113515598  0.05293498413425941
  0.05447444842444771  0.05609329910141998  0.05778801488007446  0.05957414532135868
  0.06145282156921018  0.06327081504301374  0.06485333810512914  0.06636672357425306
  0.06823898977505491  0.07044688050860046  0.07279072351046847  0.07500302297215111
  0.07748463369386649  0.08029218400547034  0.08293447093021493  0.08587217741017983
  0.08845934937691509  0.09116498139522231  0.09443077562658411  0.09912260894988356
  0.10585573161501913  0.11563628376095608  0.12662872071103373  0.13443211777411898
  0.14169530178246348  0.15663835430363759  0.66884033919583574  1.00000000000000000
 -0.00244498157452058  0.01037815048341329  0.02122648854524305  0.03353986124378437
  0.04613588684257330  0.05934982837112782  0.07205691952476848  0.08404056530423548
  0.09561226362784059  0.10682074180748315  0.11788292581298102  0.12926313498001271
  0.14093752620283687  0.15263230720275692  0.16404846569947165  0.17585257434382506
  0.18747040922004471  0.19889725753437701  0.20995233022768525  0.22107668676759440
  0.23159196284458367  0.24174035295515273  0.25179458082205758  0.26232528288527518
  0.27270024216248179  0.28307724011526847  0.29329761464504106  0.30335853547862257
  0.31305610907245734  0.32280115400860687  0.33296822021549916  0.34215421695188508
  0.35019281394053098  0.35820513729926595  0.36634519301850593  0.37533860127435470
  0.38498828759076248  0.39436335653118310  0.40328761942885372  0.41209987288993083
  0.42084745415731228  0.42990245237085306  0.43929883360864191  0.44893169536518585
  0.45871040084335052  0.46859162308854768  0.47823001135644250  0.48753003270545664
  0.49664970618495574  0.50527611489021440  0.51455533806962062  0.52382967018041915
  0.53323451295856583  0.54306820096434283  0.55324466783655590  0.56327409921380722
  0.57301305840307704  0.58253085417730521  0.59249693731690956  0.60306345904695802
  0.61365231939927511  0.62411541841049423  0.63439091471495246  0.64451259959925067
  0.65459768514692962  0.66482212682858111  0.67519127377155042  0.68547575785597570
  0.69564593295987920  0.70594359571966625  0.71650469978943288  0.72718072087149255
  0.73787577976086027  0.74836194637390507  0.75855481959352522  0.76885215625869308
  0.77969416984086615  0.79014353327151088  0.80017557542449103  0.81032527455860714
  0.82122602172125658  0.83270032788486859  0.84439552619005565  0.85589206567612486
  0.86763176538955389  0.87981627828757436  0.89240540133067237  0.90541745441703991
  0.91749445501594307  0.92856880999812808  0.93971251796839728  0.95121557622981390
  0.96273816944863133  0.97431960010592011  0.98685299954224437  1.00000000000000000
  0.00102270100893062  0.18218051063632928  0.29270650451787306  0.37637421035219976
  0.44284197343578080  0.49659546542789046  0.54161824452245122  0.57871346359544018
  0.61123846404140403  0.64015882290274695  0.66560577807491206  0.68810205953111026
  0.70794291102369267  0.72574817012386483  0.74225867874784712  0.75740052531571944
  0.77144039229546224  0.78433236610397628  0.79622534303099979  0.80708013066903184
  0.81714746381356385  0.82652973768365223  0.83539899635419945  0.84387223885935048
  0.85188282171682961  0.85932748971610917  0.86625581796079165  0.87289837979301743
  0.87903580956241900  0.88473102151800398  0.89033806679830585  0.89565967561936166
  0.90057924545339463  0.90519111099153948  0.90956365489348689  0.91377096744023556
  0.91771030564235379  0.92134761837928358  0.92481238037929514  0.92815637057140654
  0.93136835208113233  0.93441648951029277  0.93729793445328879  0.93995057185942488
  0.94246737257552871  0.94492979465432103  0.94729311159270768  0.94956074965437420
  0.95180294027653578  0.95398891267021890  0.95607407330025851  0.95802042376237218
  0.95985258579584865  0.96155618844333068  0.96317851889842121  0.96476684217874098
  0.96633457927919686  0.96788580555147041  0.96934528798682484  0.97073597634239051
  0.97209577562764315  0.97341824194925974  0.97468770759485102  0.97588191588652851
  0.97701551677714826  0.97815019928919078  0.97926481917435593  0.98032283825924249
  0.98132175005129318  0.98228021605864480  0.98321345679346828  0.98413162190158743
  0.98502619047142870  0.98587572990101369  0.98670379510652628  0.98751929678624806
  0.98830751885811530  0.98903458339467865  0.98971396783170007  0.99037811753074045
  0.99103969118675617  0.99170026184910809  0.99231616483832719  0.99290603237592279
  0.99348256588574146  0.99404974367256205  0.99460360642051338  0.99513268096982388
  0.99566547624771284  0.99620068539010420  0.99673585847234947  0.99726930299699956
  0.99783079822212961  0.99844583877281545  0.99916188276809259  1.00000000000000000
 -0.02121432776121976  0.10527898518745112  0.14395370732969898  0.16886619095363575
  0.18947062483443736  0.20727879124235812  0.22263604971970366  0.23624220781862262
  0.24820015166963222  0.25936584566263160  0.27039870600109428  0.28116741166425396
  0.29096714074337549  0.30023071571019105  0.30968362435716545  0.31897632001338128
  0.32770178637615871  0.33617788683474958  0.34463937855065890  0.35316279727279010
  0.36141604192178378  0.36947422036547556  0.37725479092519709  0.38455048164704769
  0.39139983407859086  0.39795579286262195  0.40437525609653019  0.41085620482020546
  0.41763823145013135  0.42456038788298761  0.43105760008672389  0.43721170640061596
  0.44349437711198086  0.45006002430857206  0.45702048320853966  0.46413779632659907
  0.47109855163074615  0.47781083954946757  0.48427488507619115  0.49104729567943040
  0.49763187292910865  0.50367905783353573  0.50943322173985539  0.51525028612049617
  0.52074011313784396  0.52630919877550464  0.53238729089844872  0.53871558227718275
  0.54496379158103880  0.55104071601603444  0.55704664149063343  0.56295685888373903
  0.56867474922755512  0.57434996230490099  0.58014081317351940  0.58597270786527722
  0.59205276329392575  0.59825674591914646  0.60436873589191009  0.61033768329809557
  0.61636386791836295  0.62244466938673404  0.62878156499876126  0.63501024321920185
  0.64123325001699683  0.64747880450635587  0.65366447170925368  0.65999632647235074
  0.66647649848510371  0.67294334016479762  0.67912463564320924  0.68502774126699406
  0.69093706052285064  0.69717133084110106  0.70382199578110094  0.71068688307794303
  0.71766167588971930  0.72470774610029753  0.73180404458249426  0.73923660459993723
  0.74710499989304235  0.75542657446451189  0.76409427912837413  0.77281399357042357
  0.78173186831717689  0.79078792120571828  0.80001498200408516  0.80937440986568698
  0.81898402385536861  0.82995247555523211  0.84205405179022674  0.85555173601071355
  0.87058307893576758  0.88880409399687532  0.91902119006706506  1.00000000000000000
   1.1621542850711985E-009  -1.0000000000000000     
 F F F F F F F F F F F F F F F F F F F F F F F F F F F F F F F F F F F F F F F F F F F F F F F F F F F F F F F F F F F F F F F F F F F F F F F F F F F F F F F F F F F F F F F F F F F F F F F F F F F F F F F F F F F F F F F F F F F F F F F F F F F F F F F F
  <DiscreteSampler_grid>
  grouped_processes
  1 # 1 for a reference and 2 for a running grid.
  10 # Attribute 'min_bin_probing_points' of the grid.
  1 # Attribute 'grid_mode' of the grid. 1=='default',2=='initialization'
  0.0000000000000000 # Attribute 'small_contrib_threshold' of the grid.
  0.5000000000000000 # Attribute 'damping_power' of the grid.
 # binID   n_entries weight   weight_sqr   abs_weight
    10   10   7.294493508797753E+003   1.842516752279938E+008   7.294493508797753E+003
  </DiscreteSampler_grid>
