  0.00910065675147590  0.01837419177294799  0.02832087129803330  0.03688939740132879
  0.04554515784116429  0.05465381576065542  0.06458815996170889  0.07460878379377037
  0.08677260501091005  0.10041653915351811  0.11278056119993804  0.12409397359745364
  0.13512013427061773  0.14635114478888708  0.15667925903145383  0.16677829313956771
  0.17732641005800659  0.18855513295307688  0.20059719536446208  0.21237870111762713
  0.22321465959459927  0.23076128704405838  0.23660096876320025  0.24257407388173330
  0.24961760830675050  0.25810267716366320  0.26500869098197344  0.27215432354206820
  0.27859931445287528  0.28489028763861912  0.29176743797239008  0.30275780005514158
  0.31462622266620610  0.32624582285530612  0.33779995389668382  0.34695591924716063
  0.35322674572723528  0.36027895807517618  0.36760847810789105  0.37503866939504332
  0.38470792959293842  0.39601557117255165  0.40768274402588950  0.41945090118972095
  0.43202595031870322  0.44603320662322687  0.45829672013274497  0.46922889799922818
  0.47980320961637674  0.48931214397899808  0.49891696597859997  0.50867726161765925
  0.51801741681123403  0.52685814460580871  0.53480591733827587  0.54319880577788415
  0.55273199916925209  0.56357122928732073  0.57532741276041444  0.58722874291047056
  0.59833939717267470  0.61040162413658572  0.62386339252978418  0.63773990494562272
  0.65178743113052828  0.66473523853340521  0.67892753950712714  0.69040218632918982
  0.70133839243844365  0.71147142184818102  0.72098953161894019  0.73033035986862838
  0.73971217035455417  0.74957714292531596  0.76065234773684398  0.77291562672159564
  0.78490255261012210  0.79762670750028841  0.81034690021009670  0.82226117770115559
  0.83340397629142726  0.84434064058649971  0.85543353955425416  0.86719486575932048
  0.88082271443581406  0.89293847963535689  0.90473111303086706  0.91639902589658617
  0.92962083823805930  0.94261390432138148  0.95432806106398194  0.96486826500382650
  0.97487117002455437  0.98325610275997366  0.99093389493505879  1.00000000000000000
  0.00000317850991011  0.00000333022395055  0.00000349865756003  0.00000363449194138
  0.00000378003160309  0.00000393852713021  0.00000409034120968  0.00000424508649177
  0.00000443906845211  0.00000469706542842  0.00000496416550455  0.00000522657483392
  0.00000551180969069  0.00000584709363128  0.00000625349039826  0.00000674414430273
  0.00000726468679002  0.00000781756377746  0.00000837654282585  0.00000891869727699
  0.00000942311907561  0.00000990019532675  0.00001037791335373  0.00001089449801765
  0.00001157673951487  0.00001234448224277  0.00001321427626826  0.00001410145520374
  0.00001498855196141  0.00001589248644626  0.00001680064419796  0.00001774700998264
  0.00001876986119702  0.00001986024081868  0.00002097157292149  0.00002205520507866
  0.00002310951164651  0.00002428159517381  0.00002558094717194  0.00002700000766166
  0.00002850488383095  0.00003006520785779  0.00003172741788025  0.00003364980119486
  0.00003577219757949  0.00003783590098634  0.00003985022073410  0.00004191915177537
  0.00004414580745478  0.00004663711924245  0.00004956636091262  0.00005295048947342
  0.00005620028040404  0.00005901576783495  0.00006163029609957  0.00006427409079995
  0.00006734352791295  0.00007061615923156  0.00007390306059686  0.00007727750246243
  0.00008075636727057  0.00008455193089783  0.00008878965924558  0.00009326997632308
  0.00009793195672127  0.00010298197978107  0.00010788073279873  0.00011316036846561
  0.00012064133897465  0.00012960081844501  0.00013938429275404  0.00015038488388125
  0.00016202827196508  0.00017412250782351  0.00018638003832411  0.00020255353024118
  0.00022106861298364  0.00024011813942598  0.00026232326702103  0.00029245494160448
  0.00032936688719384  0.00036483554088398  0.00040011193109632  0.00043574821411590
  0.00047967066754257  0.00053909366108555  0.00061701357082220  0.00072003465167585
  0.00087942685954782  0.00116186113695263  0.00151031524034324  0.00203424941327985
  0.00346224257617210  0.00664660999366283  0.06174498538002406  1.00000000000000000
  0.00000229751598789  0.00000300287586591  0.00000327465226748  0.00000354484211486
  0.00000385104620720  0.00000420906263855  0.00000460437837291  0.00000498422470508
  0.00000534084353844  0.00000569750913691  0.00000610277131466  0.00000655643981411
  0.00000700648140493  0.00000745911827628  0.00000790168813480  0.00000838053136185
  0.00000889826513856  0.00000939886404468  0.00000998792290597  0.00001059349440519
  0.00001122235948729  0.00001188128444924  0.00001256714401063  0.00001328381965870
  0.00001404998617296  0.00001490964045246  0.00001583287714737  0.00001680696731088
  0.00001784893373334  0.00001876989124357  0.00001954861062409  0.00002025892668057
  0.00002088992934645  0.00002144693361508  0.00002202710228932  0.00002260301510563
  0.00002320378572435  0.00002384059104147  0.00002465252684482  0.00002550491422441
  0.00002640076300149  0.00002739666707313  0.00002850340037005  0.00002965054196740
  0.00003101183569327  0.00003269403129979  0.00003458197647743  0.00003659030060826
  0.00003884677576643  0.00004115788566588  0.00004357807667274  0.00004607807941785
  0.00004862970301847  0.00005142383141818  0.00005419029459193  0.00005689956127940
  0.00005952332129867  0.00006214105768645  0.00006498743377721  0.00006785429017913
  0.00007145194981779  0.00007568399876809  0.00008108628387136  0.00008695300460738
  0.00009254967186049  0.00009834145369922  0.00010451037678284  0.00011148312309044
  0.00011989965877393  0.00012899604398096  0.00013803566604625  0.00014696114274538
  0.00015658298840862  0.00016885859794574  0.00018388915950152  0.00019928807517446
  0.00021399793420277  0.00023083374818191  0.00024799242538979  0.00026506266555481
  0.00028400973883965  0.00030917468667927  0.00034381677239109  0.00038659528819492
  0.00043996212668506  0.00050504689322215  0.00059223124637821  0.00069834276013724
  0.00082590258816308  0.00100057864943867  0.00127395977880458  0.00168042342756673
  0.00233659025089113  0.00428875482198408  0.01392311236055268  1.00000000000000000
 -0.00151761477904948  0.00754373981490425  0.01559213961531261  0.02387968982390382
  0.03275048220404384  0.04114614248700693  0.04963371579168536  0.05860929002046034
  0.07035099554986916  0.08277623137809520  0.09490444609337050  0.10491252032710466
  0.11590934344794901  0.12726230450983053  0.14074106408834838  0.15539398253911471
  0.16861786109631757  0.17913694346741721  0.18828128959503876  0.19659775571781754
  0.20487546978809898  0.21504059246769541  0.22439239233586811  0.23315837572695253
  0.24183230366077368  0.25153544115816007  0.26415178344248363  0.27664177740910845
  0.28771207366539547  0.29806115153108420  0.30912655840778425  0.32094138855345122
  0.33149566552587234  0.34027786898814372  0.34828301276251544  0.35634185375636473
  0.36472415424094923  0.37307885979557326  0.38237358228341722  0.39231518956382733
  0.40276434653017079  0.41439222564036993  0.42421212712273854  0.43425190447682499
  0.44467588324781832  0.45651015415876872  0.46945500113428373  0.48138259726654309
  0.49236928165788652  0.50244358195353567  0.51260661474048630  0.52389408394845616
  0.53539429603679256  0.54760570957787236  0.55859967891997508  0.56830051637762913
  0.57774735913413544  0.58767137687045634  0.59808290395052299  0.61002325581296279
  0.62250014584025393  0.63395860214140765  0.64200678700759728  0.64886279234094169
  0.65665222587782035  0.66486199398554813  0.67236814563055891  0.68337882606379297
  0.69731793363770911  0.70991498243137818  0.72167366773407760  0.73330726008023595
  0.74471796380686806  0.75889575976094514  0.77213860322348393  0.78738482593815984
  0.79935741801652382  0.81067855251913878  0.82095181264177652  0.83024560488018206
  0.84198550656278670  0.85375231215446734  0.86463672271594783  0.87522217752475173
  0.88606632169386901  0.89860721350458372  0.91100174829508440  0.92127487924812246
  0.93112299338005522  0.94153275836894745  0.95195538521526368  0.96144258539276983
  0.97099871146688455  0.98048397711314750  0.99089276143951965  1.00000000000000000
 -0.00312072243613119  0.01300033478818977  0.02452758481957277  0.03508180777879131
  0.04600637552932951  0.05695477669245966  0.06698548019390302  0.07614573163117953
  0.08513293585326195  0.09476039517361967  0.10477208287904165  0.11393676320590321
  0.12271268558290474  0.13120326469692187  0.14020936476521551  0.15090593657922685
  0.16280204987212679  0.17460999141913308  0.18729698250858318  0.19975497133693540
  0.21387762873546934  0.22716841490663497  0.24031680958455540  0.25267003077974032
  0.26373322874719973  0.27331787843028232  0.28279111678421465  0.29272325566853447
  0.30346903157043315  0.31412515849669809  0.32559268144741671  0.33846304867920385
  0.35269865021322916  0.36693582281265635  0.38029443546503977  0.39272248337599092
  0.40578638430571423  0.41967700389552526  0.43348982831809119  0.44788204769240525
  0.46135638138570884  0.47187733960112377  0.48192669810274114  0.49159182158285625
  0.50117119174574276  0.50942059120125827  0.51665025825197775  0.52383824489787589
  0.53072456563159887  0.53770448412155680  0.54463057878075138  0.55263988033988221
  0.56281631021204481  0.57664952763764221  0.59072465251995920  0.60333628030324782
  0.61480612940214086  0.62662996113598946  0.63923844252957229  0.65229191718085067
  0.66515153163161633  0.67660620183499987  0.68809792432198058  0.69668404294455066
  0.70202281413112211  0.70661489419131840  0.71146045681019054  0.71621888322606853
  0.72189388564354395  0.72837039252790314  0.73970596940591893  0.75100210627135766
  0.76229417155213874  0.77468804644716105  0.78805783314016009  0.80071965491070973
  0.81201477754162821  0.82293968445659416  0.83478155047857605  0.84605759946749337
  0.85696299298077572  0.86733976794011769  0.87670883747878570  0.88610168514463750
  0.89628122805392496  0.90842111411275905  0.92164997754561773  0.93200176619892150
  0.94096187022564903  0.94922274881144530  0.95864707291297180  0.96808357944791146
  0.97739492449131826  0.98585649060002623  0.99328292759718073  1.00000000000000000
 -0.00242007833003274  0.00961862766338720  0.01939852591131036  0.02979396074481955
  0.04067402659647076  0.04995607389458876  0.05839752970228888  0.06655863302692877
  0.07332994292565331  0.07900613280175631  0.08604191279581146  0.09404652518640591
  0.10161354650442737  0.11005165497566925  0.12174953672417085  0.13357124881874602
  0.14580884766093508  0.15723022483777438  0.16872299626025394  0.18090090859395780
  0.19337273565023272  0.20473157906103961  0.21574606034369759  0.22635606174613609
  0.23569438265295786  0.24434457450412314  0.25279435549365270  0.26217250996186164
  0.27248875714373483  0.28341401685692386  0.29521097241010202  0.30797933349800904
  0.32177600039683357  0.33667500764641861  0.35138438133875616  0.36394209764364449
  0.37464189336318660  0.38489085556382374  0.39514111732048285  0.40569967766269371
  0.41581629253902935  0.42463009404082036  0.43374212537182683  0.44352889567188658
  0.45523031585387974  0.46820986835103989  0.48110272243397695  0.49364960280694492
  0.50854849822649761  0.52204003886438910  0.53194090177100928  0.54098363061870314
  0.54979307493333496  0.55884009175644012  0.56686274128271130  0.57479599819419225
  0.58333454933917583  0.59408466960456885  0.60542220268091573  0.61645910452337993
  0.62754037104158167  0.63875702140112778  0.64999960508996679  0.66164486807694933
  0.67186592049797933  0.68133422459925663  0.69128750636166980  0.70253619765200026
  0.71347962305753265  0.72260348757738391  0.73142018091041294  0.73946090572815948
  0.74718030019378201  0.75495747389832313  0.76376563620539661  0.77430122647567545
  0.78562189960237705  0.79602864859513489  0.80596185748522720  0.81585443838972238
  0.82655430784186912  0.84005297829556658  0.85312456171646622  0.86514381688741115
  0.87625292986030956  0.88780461667328026  0.89960795535300675  0.91180993690791556
  0.92330250904450872  0.93484182813242844  0.94486097999646934  0.95569535314099086
  0.96657437039925287  0.97698598528308667  0.98865336960975436  1.00000000000000000
 -0.00008187665975371  0.00064985782577279  0.00108311043969427  0.00140771130064422
  0.00172284977061239  0.00203991216182282  0.00235864345380716  0.00266020624324701
  0.00297598785099869  0.00330622332092484  0.00363576794915952  0.00395257437703220
  0.00427280343153871  0.00458946481367809  0.00490969804276376  0.00526091929618555
  0.00560761111163534  0.00597256654056819  0.00634730599778745  0.00672349146309030
  0.00707928797957539  0.00743161591505027  0.00779359800925255  0.00818591289697669
  0.00863069603777185  0.00911351078464464  0.00957043872811766  0.01000280821256354
  0.01042377217973966  0.01084760896257430  0.01130537202721344  0.01180116931012782
  0.01228871002794936  0.01271047734325365  0.01308360212333337  0.01345781909720465
  0.01386267688849438  0.01424118942809647  0.01453729510253795  0.01482399946642191
  0.01513679825208995  0.01547847668188093  0.01586800531489439  0.01629280417564636
  0.01690984699451174  0.01759930467184648  0.01813954318319978  0.01859223191915023
  0.01897405191500098  0.01931473110181340  0.01964602512224057  0.01996459710978968
  0.02035041590707239  0.02067309610547391  0.02098228134086246  0.02129371211612887
  0.02158660790004034  0.02190435726508934  0.02224043433518341  0.02260243219472446
  0.02298657617057794  0.02355251691589522  0.02421101748847593  0.02480370474087184
  0.02532213084017127  0.02581337404141321  0.02628109442113423  0.02670696621890423
  0.02721363706189742  0.02775030826394088  0.02855274941194607  0.02932569511004455
  0.03008296387783138  0.03091549838819571  0.03183551571894425  0.03272687651553478
  0.03355391468040687  0.03455659058091040  0.03610307767348866  0.03704307822473839
  0.03783144173241011  0.03880710619878278  0.04111241376192122  0.04307052446224253
  0.04477319887640941  0.04685970577623860  0.04891966958146551  0.05143160663366043
  0.05525910885920512  0.06123835509206194  0.06653891086229913  0.07974690902812630
  0.08585156826187867  0.09030647618732301  0.09436243522107707  1.00000000000000000
 -0.00228280180505803  0.01096106964959321  0.02269046028575258  0.03409185122651829
  0.04461180089366822  0.05408985911951451  0.06324259095897652  0.07264136546641599
  0.08263804406048404  0.09263711247639347  0.10199375661951104  0.11115019537269713
  0.11982880341354571  0.13097180450986209  0.14387592276540970  0.15770532405981719
  0.17024632659948619  0.18117473657442892  0.19084052032899937  0.19910612172885370
  0.20679015492713587  0.21454747423672643  0.22315942854080492  0.23420932213884987
  0.24676809681102110  0.25947031791002961  0.27221517772364573  0.28428809280041162
  0.29643925473264993  0.30779132430300360  0.31946876335767960  0.33166929487744012
  0.34366192117429861  0.35518902741158764  0.36652706726706363  0.37814342597219025
  0.38941361448408113  0.40114550303484647  0.41269603975079994  0.42487042790731988
  0.43745423168496395  0.44982948223331926  0.46236057915856860  0.47213278739647074
  0.48129290784927248  0.49007283065016188  0.49907784671374544  0.50895790351000847
  0.51972766437708806  0.53065094701094984  0.54200015726811601  0.55243112523354765
  0.56127931696752331  0.57065495322613824  0.58013029574709318  0.58961833909303163
  0.59868520140028358  0.60885096321529908  0.61944846352447247  0.63018736166984501
  0.64111211011703173  0.65304016958407307  0.66670355169096052  0.67931887526253909
  0.69055741644260515  0.70010742420592376  0.70855711014796585  0.71688413825692354
  0.72544824187220314  0.73767614520945457  0.74850476590374571  0.75868613189245582
  0.76920419664894701  0.78293968198156583  0.79169670395443104  0.79967683111095200
  0.80714210943362930  0.81316047133764380  0.82092207947009077  0.83117308191251071
  0.83980751580835700  0.84816459119691057  0.85718809471020108  0.86482041494971151
  0.87107749734449980  0.87825700127898298  0.88707887196079704  0.89788601778838928
  0.91095520637114313  0.92331676139595320  0.93427325489326518  0.94662505910742367
  0.96149331319672693  0.97632344620340583  0.98883534809900775  1.00000000000000000
  0.05263539589641889  0.18457962282485188  0.26157290624254992  0.32262555309666446
  0.37751985746724587  0.42439189389962989  0.46365531466241089  0.49888627816309805
  0.53274688645686663  0.56341648196060357  0.59036335587548749  0.61456725520984901
  0.63633983429889418  0.65601776172965365  0.67428353960730369  0.69194626002028936
  0.70850023895894976  0.72431730025586127  0.73888173326661932  0.75245761571133152
  0.76484154968076079  0.77663760437690066  0.78810531423171637  0.79864803058231437
  0.80839750256782483  0.81684623235537135  0.82462902319778941  0.83202629069991618
  0.83888112212379240  0.84518019706050940  0.85146095035255331  0.85765343952193385
  0.86366083716135544  0.86920772014525305  0.87482783090869631  0.88122523643537942
  0.88776977690120773  0.89381767725072625  0.89914036365320471  0.90442931265848736
  0.90923859956229791  0.91352289174221246  0.91736600591308981  0.92105094783339336
  0.92478788104164633  0.92854570384589796  0.93227005067447311  0.93584239169919947
  0.93889884174765037  0.94172900196464293  0.94450389892696074  0.94722295143186996
  0.94977836464360277  0.95211921494139484  0.95425030882417217  0.95620171699002621
  0.95808618152442726  0.95975890049446400  0.96150135011051574  0.96343844356985520
  0.96525006817104142  0.96687557516742373  0.96827654695892029  0.96964192948255490
  0.97102322573521793  0.97240350573557865  0.97380390945000284  0.97515670331217552
  0.97646275869778376  0.97770011988559258  0.97893963983006160  0.98013376526213336
  0.98123817486466103  0.98229213727353448  0.98329557892191422  0.98425840407505538
  0.98518714781095706  0.98615289169519327  0.98711578932923905  0.98808749572529586
  0.98909224870300239  0.99015108862633439  0.99101825227334439  0.99186648360301255
  0.99269126270311336  0.99338357540275868  0.99405337530465487  0.99470877289783211
  0.99536488141995250  0.99598574696488884  0.99659735936984495  0.99720558223342748
  0.99781362037217214  0.99841053504302957  0.99910966549592206  1.00000000000000000
 -0.01487816208193314  0.09696061958333009  0.13644349365027370  0.16017199365632667
  0.17730912974199636  0.19246461250347080  0.20803575962942006  0.22180945682858386
  0.23391408408564490  0.24436798082510680  0.25465328474717713  0.26417127071507829
  0.27328048628870771  0.28253957863410034  0.29185416138223957  0.30216862569405117
  0.31090825257016530  0.31949803877832134  0.32811417323586500  0.33692061232280346
  0.34546464719334441  0.35402050899205895  0.36084677631397105  0.36743475087655325
  0.37361253728018123  0.37995388968560173  0.38659473868995370  0.39383532226347401
  0.40201286150905957  0.41022020533743359  0.41799509040331573  0.42632297817089687
  0.43553055412558733  0.44491045402694773  0.45393352781516000  0.46205634867672463
  0.47000847351662162  0.47812281707347343  0.48557857617700423  0.49387571997515056
  0.50092202840873923  0.50613790106583290  0.51159435826047461  0.51661504731465191
  0.52185337355230910  0.52729410330903737  0.53301849692190284  0.53837202685605601
  0.54377492522994797  0.54941826116180714  0.55493307889055721  0.56022777995910011
  0.56596289867634963  0.57194666480983403  0.57832809929276285  0.58501007172350805
  0.59253655779496062  0.60077804073145147  0.60903349782066629  0.61669667678378426
  0.62449545995187816  0.63234774317749054  0.64035257462660422  0.64873818903308766
  0.65714819631253352  0.66517862182530396  0.67346092304988381  0.68133968136571332
  0.68919746776855750  0.69655800018112890  0.70317286327781670  0.70936038242105748
  0.71507464561877654  0.72138918758807513  0.72741967569199029  0.73390660419265363
  0.74107250532323943  0.74812551988967391  0.75549023850934471  0.76344019783890005
  0.77215944817493387  0.78135893286406055  0.79027627715890147  0.79943943627813574
  0.80837559364725742  0.81712839750115696  0.82596243849449980  0.83286085615615102
  0.83939683639419371  0.84698116216958041  0.85476033538779694  0.86435724476168418
  0.88264095976449208  0.90446443974246005  0.93510823343645588  1.00000000000000000
   1.7774645544015088E-008  -1.0000000000000000     
 F F F F F F F F F F F F F F F F F F F F F F F F F F F F F F F F F F F F F F F F F F F F F F F F F F F F F F F F F F F F F F F F F F F F F F F F F F F F F F F F F F F F F F F F F F F F F F F F F F F F F F F F F F F F F F F F F F F F F F F F F F F F F F F F
  <DiscreteSampler_grid>
  grouped_processes
  1 # 1 for a reference and 2 for a running grid.
  10 # Attribute 'min_bin_probing_points' of the grid.
  1 # Attribute 'grid_mode' of the grid. 1=='default',2=='initialization'
  0.0000000000000000 # Attribute 'small_contrib_threshold' of the grid.
  0.5000000000000000 # Attribute 'damping_power' of the grid.
 # binID   n_entries weight   weight_sqr   abs_weight
    10   10   1.869621735105624E+006   3.493827317211941E+013   1.869621735105624E+006
  </DiscreteSampler_grid>
