  0.00895557374969116  0.01767813630698238  0.02851443413581360  0.03941711088193118
  0.04971928943147089  0.05981771966034562  0.06950431676580583  0.07872129351820925
  0.08818981052282868  0.09758030596990871  0.10701636848290483  0.11622642910790693
  0.12596543979145966  0.13618044232178417  0.14661403335218676  0.15724302472010279
  0.16787184131577423  0.17828183661316446  0.18830011971920119  0.19829791851003492
  0.20878746073900184  0.21981291154149138  0.23103956827035352  0.24217787366216503
  0.25311549087909518  0.26382889022205491  0.27440996916672072  0.28500991090638922
  0.29543908358610338  0.30561264717971248  0.31597430284180128  0.32683107414184237
  0.33785723227262127  0.34859535530874680  0.35895459832315857  0.36946530687222917
  0.38040085164876142  0.39153862593522887  0.40220089216604732  0.41186672193235357
  0.42157443542754802  0.43119591090883341  0.43878185769750810  0.44674253072716841
  0.45457460165294411  0.46346037741913348  0.47400201176766410  0.48491535214851933
  0.49582716799113780  0.50678406378384155  0.51784883021108130  0.52855542950798784
  0.53884278699641897  0.54873517280833550  0.55902194170229591  0.56988594848687890
  0.58063702301121189  0.59068078107655575  0.60011485058201708  0.60929508820355638
  0.61841467219616364  0.62799132261612101  0.63785111508022296  0.64865334790471985
  0.66024573656471874  0.67146091618718284  0.68208067881451684  0.69244400202209477
  0.70309260949833341  0.71430473668097594  0.72581941838532216  0.73728573440993739
  0.74851711072092786  0.75951552874178319  0.77044736252763657  0.78122712518333648
  0.79175174289294326  0.80212759822204505  0.81288481335251739  0.82407295536266201
  0.83548017680494446  0.84642812329750772  0.85690494774955250  0.86710848486680292
  0.87744049014190084  0.88836395610322771  0.89948216503758049  0.91062435165440281
  0.92174656901528218  0.93289702557863663  0.94336511560463754  0.95355387223651455
  0.96403468921110802  0.97540292863592071  0.98767964597542746  1.00000000000000000
  0.00000254615820332  0.00000265206642813  0.00000272882378353  0.00000280971347169
  0.00000292284225851  0.00000302566546897  0.00000312493585823  0.00000323934579653
  0.00000338957580434  0.00000355756125354  0.00000374329442181  0.00000395141986072
  0.00000418007000529  0.00000442846771136  0.00000469198505488  0.00000497064666293
  0.00000526398163277  0.00000556921733848  0.00000589845888705  0.00000626072705535
  0.00000664120431258  0.00000706413880590  0.00000743789695206  0.00000777130619402
  0.00000813471413281  0.00000852822922554  0.00000892697539954  0.00000935603762361
  0.00000984535517120  0.00001041961133341  0.00001101883463568  0.00001164084085141
  0.00001231196476479  0.00001304824028749  0.00001385461994123  0.00001468404441412
  0.00001551621440880  0.00001637401622830  0.00001726906669707  0.00001818331631406
  0.00001919060656546  0.00002026466732157  0.00002138656591318  0.00002258707830387
  0.00002390357890921  0.00002531516655471  0.00002678810585840  0.00002832440951826
  0.00002987540194251  0.00003157394348593  0.00003338100089170  0.00003530184312978
  0.00003735936703819  0.00003957341988167  0.00004195130166083  0.00004455490761611
  0.00004730943192209  0.00005013704442723  0.00005311762640095  0.00005625636951920
  0.00005953224261181  0.00006294446406053  0.00006654311977607  0.00007041302994328
  0.00007449762118903  0.00007954891684512  0.00008529010050205  0.00009118770953790
  0.00009768332920491  0.00010480334908816  0.00011262644419559  0.00012122426725051
  0.00013058577351045  0.00014097697247162  0.00015277686486976  0.00016610571510169
  0.00018118539997079  0.00019805042657180  0.00021698085018399  0.00023837991399019
  0.00026489599093561  0.00029849336944396  0.00034008288684860  0.00039210426288013
  0.00045820747361921  0.00054148300630260  0.00064647703435897  0.00079396560534665
  0.00101378365620984  0.00139937146917208  0.00207803439247402  0.00350040155837415
  0.00736900608415184  0.02445087651302260  0.30047607533946508  1.00000000000000000
  0.00000235987176369  0.00000259508178336  0.00000283823604484  0.00000308558905549
  0.00000334136046397  0.00000361358957960  0.00000394122429910  0.00000431717952274
  0.00000470963211075  0.00000510663710086  0.00000551023833399  0.00000591210014063
  0.00000631639483402  0.00000671539756597  0.00000715577545843  0.00000762912089248
  0.00000811813621047  0.00000863564019483  0.00000917390776198  0.00000974609627203
  0.00001036608721144  0.00001102917409720  0.00001172365729562  0.00001243170578310
  0.00001312799135684  0.00001385845414230  0.00001461685497976  0.00001540084168959
  0.00001623143330295  0.00001711596754478  0.00001802891680837  0.00001897360399657
  0.00001994185276374  0.00002092483207437  0.00002194268697091  0.00002299790978992
  0.00002408382863239  0.00002523899635591  0.00002645618928406  0.00002771690327239
  0.00002901242595834  0.00003035391266029  0.00003177923084390  0.00003328973233966
  0.00003486106101781  0.00003659609766978  0.00003841531533393  0.00004031464172658
  0.00004229046319702  0.00004451237119279  0.00004689570117233  0.00004938201618700
  0.00005197384744662  0.00005467887470171  0.00005751645158847  0.00006040073420132
  0.00006348228441290  0.00006652176302197  0.00006950249788808  0.00007267147893242
  0.00007595815573673  0.00007944372664168  0.00008302723046728  0.00008709750973438
  0.00009225867729337  0.00009793982406044  0.00010412823609244  0.00011078323591401
  0.00011814675000408  0.00012628184360353  0.00013511309632432  0.00014487282759081
  0.00015575254756854  0.00016802045836786  0.00018198935091440  0.00019744094000524
  0.00021429541774893  0.00023302560705914  0.00025421726192238  0.00028022146628133
  0.00031057954086463  0.00034842934267949  0.00039388138495359  0.00044903776821507
  0.00051400182485301  0.00059780489921265  0.00071247793716653  0.00086574587458174
  0.00107581938557798  0.00142129375971149  0.00197243824409684  0.00312364867286543
  0.00580907629249402  0.01380662152722671  0.21508809920819927  1.00000000000000000
 -0.00217142450450551  0.00864172081925399  0.01860204471623534  0.02902304618344468
  0.03882557586050444  0.04869463770070722  0.05875307546941476  0.06967839159420187
  0.08038041566169174  0.09120612744588073  0.10153463870355035  0.11206712976397762
  0.12261787915002982  0.13322624152512968  0.14369393942760500  0.15408173380403387
  0.16451826277065743  0.17540156945307686  0.18677509999230632  0.19792491526701858
  0.20904976440364847  0.22003938159337988  0.23084477197669806  0.24143422327987699
  0.25161719685755296  0.26182173774016726  0.27200641053693531  0.28188237270021926
  0.29170089882560363  0.30102862466146352  0.31010101472279683  0.31887104240839542
  0.32876192861167430  0.33976080369135819  0.35069321446037993  0.36109378753875432
  0.37161541514851909  0.38240961014532027  0.39317621350355303  0.40337890821527134
  0.41369183113968749  0.42432098851056477  0.43527403236730144  0.44582754934944624
  0.45652271477194845  0.46748288438034941  0.47918426471911024  0.49064151259153826
  0.50136539148104120  0.51152668992688644  0.52154483423155484  0.53220400621665953
  0.54318282254291828  0.55455874389030835  0.56606852310901423  0.57800045772415687
  0.58981144544980268  0.60095056830251115  0.61140922459416769  0.62153960413018772
  0.63182546773147275  0.64217475922436829  0.65269858940522962  0.66379049741031215
  0.67553105782337919  0.68752814308911547  0.69930663048778952  0.71055421374435190
  0.72135317285946399  0.73227933859624594  0.74341322846973001  0.75422061601480628
  0.76472915125012286  0.77509391739984967  0.78532584948124740  0.79547132323438774
  0.80556910287782402  0.81557258825152812  0.82576293029138537  0.83608685361484858
  0.84669427443927581  0.85738971633544070  0.86830617233956509  0.87928353370827339
  0.89039497243768595  0.90172059292623330  0.91334209605872363  0.92439060010140639
  0.93328976676167885  0.94137957896748936  0.94965903512996741  0.95830065666072151
  0.96870649006772935  0.97911952808346081  0.98949252723249215  1.00000000000000000
 -0.00220027636553595  0.00879971318916585  0.01880071171108985  0.02921981524469164
  0.04002154949833125  0.05137094280089967  0.06189428011072227  0.07034434404469740
  0.07902220897054110  0.08846974135506463  0.09885326037507938  0.11111345281750357
  0.12375679446957867  0.13552184446663612  0.14664265880231420  0.15752260915912564
  0.16803971789186645  0.17848121513720111  0.18884569009767629  0.19963128372908051
  0.21077260994988106  0.22131564695519501  0.23223115620980289  0.24281691439656319
  0.25303919975582478  0.26301105135177699  0.27314509598041048  0.28364535587067086
  0.29454986173186060  0.30574177759304061  0.31676033496445505  0.32730956482327062
  0.33719349883878696  0.34697776309089995  0.35663901542986171  0.36667949348829426
  0.37704194988942041  0.38785119250378008  0.39827654286643033  0.40903320101883645
  0.42038440196109822  0.43228941784002417  0.44344449736511349  0.45381704371869963
  0.46383753756575535  0.47362622439558427  0.48338926004891231  0.49333847796165553
  0.50386795840772680  0.51493653792142902  0.52593199418744441  0.53718712627110776
  0.54885317500255282  0.56074586732467890  0.57183588809422026  0.58270046833348643
  0.59340598533861533  0.60401252763947044  0.61450550731946496  0.62476886502048490
  0.63519862855521714  0.64587414835730350  0.65644038504534163  0.66685409211387658
  0.67719254659218442  0.68749404058783059  0.69788512671318892  0.70838493764621169
  0.71890483323601939  0.72936771247954546  0.73975511816570827  0.75023646034512126
  0.76081862406649381  0.77122921448603665  0.78217494200082771  0.79392089395179566
  0.80580619280968102  0.81669635425180842  0.82621702466892077  0.83524932552143560
  0.84443944041610730  0.85452894310589567  0.86530959346733249  0.87556617989073682
  0.88527966995651264  0.89468795211454455  0.90424579053356891  0.91495343569543919
  0.92574317476709411  0.93656053332873490  0.94689258538793020  0.95777770878025481
  0.96878742967583908  0.97992120290349782  0.99012121434013745  1.00000000000000000
 -0.00254260855732731  0.00962737013057799  0.01947291243966967  0.02990832523401082
  0.04062723000643372  0.05163519653824455  0.06292964289019490  0.07177063757358659
  0.08057435912461784  0.08928165870519834  0.09821598023955730  0.10922308688782363
  0.12094917979526509  0.13243822634232200  0.14308767286630877  0.15365273190059275
  0.16429573041705983  0.17546484971382220  0.18700178899278705  0.19805452151182693
  0.20863488623881807  0.21895126610191223  0.22921476863005444  0.23927236787282694
  0.24987392382760543  0.26092510076260084  0.27144490669594512  0.28149600517329504
  0.29174440047191169  0.30254175838271147  0.31338169133288912  0.32393425604278164
  0.33396620334615928  0.34377347935417357  0.35388301618524448  0.36439847421030780
  0.37514194755688191  0.38573942687125962  0.39610230395311646  0.40686072153908515
  0.41795793642365053  0.42905900893804433  0.44030813873719821  0.45084534173773078
  0.46135685939973459  0.47230497835168023  0.48407668476669891  0.49648379665572684
  0.50890463518257512  0.52054449179567497  0.53189075528384722  0.54284041043783215
  0.55379690662027758  0.56461480740622705  0.57576963558615557  0.58684566234151059
  0.59779684273740308  0.60754386049873810  0.61712082772141363  0.62637885269741911
  0.63626280669025115  0.64676749213002160  0.65763050850746285  0.66825940655999838
  0.67783989280175361  0.68721773084564486  0.69672793462022786  0.70728795255461752
  0.71795464875120296  0.72840724472656659  0.73877928153914751  0.74904834683652222
  0.75929769403560388  0.76945469412648249  0.77946869921608730  0.78933697105617107
  0.79894482716724047  0.80893218376159259  0.81898209156479462  0.82931098166574768
  0.83983805584964355  0.85035707133757799  0.86113609137198310  0.87233580967843705
  0.88388149293916896  0.89548841389326761  0.90686750458385235  0.91711028478418843
  0.92681170754304432  0.93641081806010840  0.94708527760018812  0.95720226982440970
  0.96712370929345237  0.97707601447344405  0.98851123958762888  1.00000000000000000
  0.00001639549061046  0.00017492511561200  0.00049757103421874  0.00094559319412538
  0.00154845784430378  0.00207226465142658  0.00254290439541584  0.00301568558610563
  0.00351224752536396  0.00401764296581526  0.00452492986613129  0.00504931310721404
  0.00558797831357928  0.00613133038602879  0.00667403949507513  0.00721311919248696
  0.00774623021763065  0.00828067259712984  0.00881741293687870  0.00936145216039963
  0.00991804777493525  0.01048785935692104  0.01106031456752860  0.01163154563957662
  0.01220925607640651  0.01280193801303045  0.01339783051074079  0.01400733146939962
  0.01463750286334296  0.01528846686258782  0.01596857823229254  0.01668049330948834
  0.01741063391059065  0.01816936829201818  0.01895312340991285  0.01974359713400264
  0.02052208311686151  0.02133915501560445  0.02212282937603882  0.02292149974405240
  0.02373278029121955  0.02456277023252956  0.02541141495620596  0.02628439788428315
  0.02717870194880728  0.02807959632735474  0.02898729298245825  0.02992566882648320
  0.03092393518083475  0.03194179005689430  0.03299158235182486  0.03410945205717892
  0.03524862238955258  0.03642988375363949  0.03759840562645107  0.03872256648731776
  0.03987641902434237  0.04110425223271309  0.04226700251159685  0.04343636541094936
  0.04466044159274568  0.04595660572621318  0.04730787309477030  0.04862919817116967
  0.04997934030295409  0.05132357109485546  0.05270483094338398  0.05419439057620858
  0.05573864515733918  0.05731667178922402  0.05903322713947563  0.06082412376904732
  0.06282471823895391  0.06486233955247700  0.06692612452590549  0.06914739658686506
  0.07152467642453195  0.07400136833645590  0.07669315069634940  0.07984591334871816
  0.08266902503215409  0.08532518294847075  0.08804916898112365  0.09100043066026273
  0.09398667220106320  0.09780938983058686  0.10241747941499865  0.11023107769482815
  0.11906655820884111  0.12686731021757527  0.13434734656184552  0.14823386737555411
  0.16274885747358508  0.18137659320143595  0.66771747915417812  1.00000000000000000
 -0.00247960144600241  0.01025776553509524  0.02099433872175398  0.03310927736419614
  0.04535100693244024  0.05840816087789441  0.07093849293709671  0.08263784517069690
  0.09413300473071842  0.10563010258698720  0.11691165101543838  0.12803147593846539
  0.13944355141783282  0.15094866672205476  0.16252297423933620  0.17399541444164601
  0.18588399005443854  0.19737263245548251  0.20895229100148741  0.22052982255092810
  0.23143371205516061  0.24183785424674578  0.25222095068532852  0.26297829409334039
  0.27392474192488098  0.28482436741087197  0.29561425312516293  0.30610764644901695
  0.31648834251961200  0.32709477558447247  0.33793562332792693  0.34687430474660680
  0.35523331549888604  0.36386939077484581  0.37260642618605744  0.38252351889357017
  0.39338189916234340  0.40372322149146261  0.41323337289404422  0.42217218011211272
  0.43084246200313187  0.43996747568916217  0.44956297977224430  0.45947339726526770
  0.46959462911546451  0.47962709425207972  0.48956530261808540  0.49917685564542585
  0.50867155578423573  0.51804769819210850  0.52724513455044131  0.53671921647225507
  0.54662071955428027  0.55708152415958367  0.56756138148576518  0.57778509877546413
  0.58737366049976469  0.59760724351495043  0.60745847820276677  0.61819040956251636
  0.62902875507120315  0.63939169685783037  0.64924046013205183  0.65879713007922314
  0.66861092106721831  0.67881054839007537  0.68919752716606419  0.69940326173729295
  0.70933836751453383  0.71930265326374299  0.72931417939148013  0.73954326046269681
  0.74961529330378740  0.75942253092072987  0.76939646280706997  0.78000365932488669
  0.79072148492341843  0.80104103435957219  0.81107987585804586  0.82155172554335243
  0.83252480322474376  0.84290920378533696  0.85355544566535424  0.86450391562397833
  0.87589963051661246  0.88751476787745964  0.89945577980108005  0.91150373472128088
  0.92252907519366645  0.93292466185888367  0.94373315919015366  0.95473391984928968
  0.96561746231238010  0.97610136079411303  0.98799934653859067  1.00000000000000000
  0.00277064197928318  0.17767991052109172  0.29187251122811175  0.37868040199597808
  0.44668201771209043  0.50207488031603131  0.54725167820970000  0.58475658267399655
  0.61744980161375307  0.64600146832711747  0.67126716075273785  0.69355529512505043
  0.71307089136094504  0.73088367673314369  0.74738787574786891  0.76250800662470686
  0.77633969573925488  0.78917490416802039  0.80084069465431118  0.81153063486642418
  0.82148301583387962  0.83085825249471601  0.83965639362285860  0.84799516029915256
  0.85576114020130944  0.86299013806474112  0.86981880474966655  0.87630752020240843
  0.88227190645248399  0.88798054987110364  0.89352969679687289  0.89874779719280895
  0.90352978582341248  0.90805183778468834  0.91233913895670216  0.91642322867096404
  0.92012390666551325  0.92362396318191775  0.92700948813414863  0.93026243496632088
  0.93343606229401632  0.93638703839899862  0.93914641230595197  0.94172576900105731
  0.94418287742835794  0.94661835403670325  0.94892260935175310  0.95116835539379518
  0.95340325213602872  0.95555257439327557  0.95756863079940868  0.95940502271867190
  0.96111499718098048  0.96275992121903398  0.96435981050724950  0.96591977986948208
  0.96745459336132522  0.96895902036712778  0.97040095890521838  0.97177553564398977
  0.97309882117623847  0.97435760033419350  0.97556076839853600  0.97672448197816741
  0.97784092870882755  0.97892820265650893  0.97999943366313913  0.98103744396000792
  0.98200192372533535  0.98294123252846000  0.98385165270345765  0.98474172503529633
  0.98558813903734899  0.98640442542273565  0.98721569241134710  0.98802079178014290
  0.98880382073403073  0.98952800383209760  0.99021163616012775  0.99086793094923098
  0.99149962336598241  0.99211210266770300  0.99270461657235998  0.99326099009162161
  0.99378210011461632  0.99430544761931139  0.99483537282711787  0.99534270149938653
  0.99584125566219894  0.99634493820791636  0.99685538686988062  0.99736282834749801
  0.99788987986965949  0.99846796125033910  0.99916064848235431  1.00000000000000000
 -0.02142075560533942  0.10574567467917331  0.14458035186086637  0.16944372625155993
  0.18979926225731503  0.20732640107296832  0.22247075500462998  0.23600510321799967
  0.24804004222063517  0.25923254447074795  0.27031205566594757  0.28112506297073298
  0.29086291611156995  0.30005147184278935  0.30964839220817775  0.31899567299125708
  0.32778217585366098  0.33626399997930118  0.34474221632075447  0.35336485496891540
  0.36178842926262611  0.37001215858350189  0.37783092795904072  0.38517759340066171
  0.39221489745178995  0.39901765457733995  0.40563251250428034  0.41207882624495878
  0.41857919136537508  0.42544356296842906  0.43198019532170395  0.43842536245066749
  0.44479949808332059  0.45117796966359081  0.45788363239199276  0.46476404458931542
  0.47164901584113328  0.47822103545490652  0.48469236675282334  0.49139495883708706
  0.49789369730681882  0.50387755955728653  0.50942669402554808  0.51491604751842868
  0.52025784483759374  0.52566973964321606  0.53162216760502257  0.53798707822260949
  0.54433565823320618  0.55047877505516107  0.55645922601812148  0.56228823577571041
  0.56789542701013285  0.57339895796822604  0.57906467112644144  0.58490750801690616
  0.59092915845490046  0.59710764952306028  0.60323298216272969  0.60922189309884978
  0.61531873768798473  0.62132350827319616  0.62765117491306943  0.63378023921275739
  0.63981027381471112  0.64616969332002183  0.65237142647355895  0.65881498031281260
  0.66519481013401738  0.67164338605199136  0.67777742153957576  0.68381258724243954
  0.68991342430823688  0.69629248899844631  0.70292652864621730  0.70972386085840822
  0.71662164775643566  0.72358406255158825  0.73065764173724501  0.73795454827817819
  0.74554727488260120  0.75350168550685193  0.76190600596542712  0.77063031301643747
  0.77952121068782076  0.78870255801262290  0.79811041392292281  0.80803924605855515
  0.81815023140439758  0.82935375482152907  0.84146653546265060  0.85489721104441507
  0.87006913998668967  0.88863659775081705  0.91901961038439817  1.00000000000000000
   1.2107527614172394E-009  -1.0000000000000000     
 F F F F F F F F F F F F F F F F F F F F F F F F F F F F F F F F F F F F F F F F F F F F F F F F F F F F F F F F F F F F F F F F F F F F F F F F F F F F F F F F F F F F F F F F F F F F F F F F F F F F F F F F F F F F F F F F F F F F F F F F F F F F F F F F
  <DiscreteSampler_grid>
  grouped_processes
  1 # 1 for a reference and 2 for a running grid.
  10 # Attribute 'min_bin_probing_points' of the grid.
  1 # Attribute 'grid_mode' of the grid. 1=='default',2=='initialization'
  0.0000000000000000 # Attribute 'small_contrib_threshold' of the grid.
  0.5000000000000000 # Attribute 'damping_power' of the grid.
 # binID   n_entries weight   weight_sqr   abs_weight
    10   10   8.437974832003145E+003   2.513734789931626E+008   8.437974832003145E+003
  </DiscreteSampler_grid>
