  0.00933669320704875  0.01666377212832578  0.02669865124246671  0.03721345187007724
  0.04742075645779478  0.05758443181569581  0.06761524728645688  0.07738134995277939
  0.08658355162912100  0.09537515930361770  0.10428108964591701  0.11349249183256545
  0.12342328744083615  0.13360065864095994  0.14349105290152372  0.15351384615023392
  0.16378992330809874  0.17409950780482358  0.18448221062127501  0.19497416633942879
  0.20543612062177216  0.21533038849531738  0.22492755634032499  0.23494511395405174
  0.24508181170618076  0.25460624750205613  0.26376040368994075  0.27350695634833538
  0.28435566859259415  0.29519654905495285  0.30589016303269584  0.31670451881005646
  0.32750198035139821  0.33829898843419243  0.34884897469122056  0.35932786345003426
  0.36975557825191874  0.38017634120026356  0.39069615871042657  0.40157870252819150
  0.41278263712618424  0.42375844757166781  0.43436546782870022  0.44494468122775921
  0.45526417985651829  0.46515495705427001  0.47473752137850095  0.48472564015184855
  0.49511678331692266  0.50574878840030557  0.51617677496327330  0.52644534781431274
  0.53652840005677449  0.54638405015685720  0.55629189169584770  0.56666646080109229
  0.57799216550580212  0.58974629954931257  0.60103719338919714  0.61141867334856759
  0.62171510514718831  0.63221938024648217  0.64310559555419344  0.65434291410761081
  0.66569528022185198  0.67713231195283496  0.68858954753601065  0.69998679480207504
  0.71115638319840158  0.72198650997225766  0.73274533422313948  0.74374036278795352
  0.75497892424521662  0.76613295958672867  0.77720650952466808  0.78817354170355280
  0.79934644954573530  0.81112945589213814  0.82199411153548951  0.83300397068201437
  0.84393230241588613  0.85499843759614980  0.86502840152937577  0.87453420409821425
  0.88453536006679445  0.89512032958542143  0.90589720456521516  0.91628656634256189
  0.92694336524398091  0.93804783964467597  0.94906786696917877  0.95997113811448709
  0.97054632797189844  0.98098636277574369  0.99151493210215091  1.00000000000000000
  0.00000250440161029  0.00000257958689805  0.00000262921622042  0.00000268060990325
  0.00000273170632632  0.00000279495244888  0.00000287697156855  0.00000295980476126
  0.00000304606037137  0.00000314886409430  0.00000327844773022  0.00000340972928770
  0.00000354818170808  0.00000369908258592  0.00000386637431441  0.00000404314000288
  0.00000422581361613  0.00000443674356263  0.00000469366618095  0.00000497362047296
  0.00000529054873699  0.00000562351992044  0.00000595950001200  0.00000631437922046
  0.00000669033013239  0.00000709492856449  0.00000753520646154  0.00000799600726022
  0.00000846589613719  0.00000896858911401  0.00000949989061497  0.00001007145990020
  0.00001067174930815  0.00001129375165791  0.00001192508722243  0.00001260993803730
  0.00001336324519279  0.00001417355432256  0.00001501105637920  0.00001585239170095
  0.00001672754301285  0.00001764891696680  0.00001862188741349  0.00001962971425750
  0.00002071113027606  0.00002185677250390  0.00002305082743429  0.00002433510176068
  0.00002573777138394  0.00002719486891562  0.00002873068825845  0.00003033095168479
  0.00003200338343496  0.00003381600713476  0.00003570689263874  0.00003766127998464
  0.00003975781557288  0.00004199846371984  0.00004436945224736  0.00004683735678887
  0.00004951298092103  0.00005233409559515  0.00005540133150031  0.00005875440252477
  0.00006230166067745  0.00006600380651518  0.00006992533246953  0.00007409804010661
  0.00007880246094076  0.00008394487499204  0.00008972428262669  0.00009608125069731
  0.00010289816719262  0.00010995223988997  0.00011746785206632  0.00012595643652022
  0.00013573419820782  0.00014644217681542  0.00015754985269148  0.00017108648337616
  0.00018700416440890  0.00020580106520618  0.00022829451160131  0.00025536458314239
  0.00028832763407854  0.00032971567800254  0.00038781605050383  0.00046840415940437
  0.00057780796778016  0.00072986601956098  0.00095098410596891  0.00143041154000810
  0.00257717833128666  0.00950321460564105  0.54937247439551684  1.00000000000000000
  0.00000235574487525  0.00000264332747067  0.00000291699075205  0.00000320891473155
  0.00000352794753891  0.00000387194991600  0.00000421511581801  0.00000454136409189
  0.00000486316298726  0.00000520699254131  0.00000558490451134  0.00000598353815644
  0.00000638513982243  0.00000677530976922  0.00000716049593681  0.00000756575267005
  0.00000800656257283  0.00000850843258179  0.00000904212098287  0.00000958556668512
  0.00001014599051669  0.00001074949658604  0.00001140739811590  0.00001207060175913
  0.00001275744364690  0.00001348713128375  0.00001421921626046  0.00001496904992873
  0.00001577018498025  0.00001662625273493  0.00001752670695149  0.00001845675865297
  0.00001941763038025  0.00002043619928920  0.00002151611628556  0.00002260996891925
  0.00002372479002080  0.00002484128838819  0.00002602925278293  0.00002732269400816
  0.00002868513370523  0.00003009648302916  0.00003156870254876  0.00003307627079830
  0.00003462765593440  0.00003626431555001  0.00003798337240782  0.00003975782819690
  0.00004158820421219  0.00004347540955115  0.00004538240773315  0.00004739626030866
  0.00004960466924671  0.00005197157112914  0.00005446889809312  0.00005705709151954
  0.00005977155596543  0.00006267748805748  0.00006581040453737  0.00006917625115407
  0.00007271552984869  0.00007638908509881  0.00008025145628418  0.00008439037295778
  0.00008890099319399  0.00009370715320063  0.00009885428679741  0.00010423237171023
  0.00011024018396355  0.00011627750023521  0.00012314518601633  0.00013043028159331
  0.00013810863362015  0.00014704137784209  0.00015703292804732  0.00016788696599711
  0.00017982196211996  0.00019289619394353  0.00020695266783011  0.00022349038196348
  0.00024326182113021  0.00026639387303603  0.00029337431560760  0.00032646766363398
  0.00036723656048808  0.00042017972361514  0.00048940588451622  0.00058325310717888
  0.00071672468600695  0.00091518360686910  0.00123708378456028  0.00180994393440480
  0.00381262233829322  0.01669685458810694  0.05364826084994435  1.00000000000000000
 -0.00231704537058101  0.00923980605329498  0.01937074611477622  0.02977911568146904
  0.04045780920810485  0.05130589626637536  0.06227640704964452  0.07304128670462420
  0.08345984070728017  0.09351727353424377  0.10365056648637984  0.11367756932934590
  0.12364602413452234  0.13350161803793256  0.14285879400430843  0.15244032201409535
  0.16237136215198786  0.17314507685460132  0.18493919115373153  0.19654357138181308
  0.20832007580109016  0.21993065298065667  0.23146121750803267  0.24253059531361185
  0.25341237045362525  0.26413576806221761  0.27440813743585324  0.28490922623925136
  0.29547523921493984  0.30590979258973933  0.31631825295977578  0.32620619669358780
  0.33589934437641483  0.34469309022179417  0.35354355872091020  0.36261940219269850
  0.37222261640778115  0.38184014523179144  0.39154843753927759  0.40147886874450117
  0.41199002393383993  0.42234138379005037  0.43260028531576294  0.44278902302065065
  0.45310534190626217  0.46381161487197081  0.47504388561396688  0.48677721900321036
  0.49859653496024015  0.51017496836730303  0.52153642126500321  0.53283398137539750
  0.54365837234680803  0.55380209774322542  0.56419531447315252  0.57463578416786998
  0.58499334607178111  0.59511556622038819  0.60539966003264867  0.61614661170191143
  0.62708175386391485  0.63811698670134287  0.64929423792992091  0.66061252291061734
  0.67197022547410756  0.68320756331003263  0.69427173111124751  0.70502960870830444
  0.71559592443156494  0.72637573639266895  0.73725772686549929  0.74815485438929752
  0.75908448557295327  0.76983943973876334  0.77999016943323396  0.78988243801703562
  0.80061607324415229  0.81200276619400880  0.82348879325499780  0.83463829821941282
  0.84612713666573303  0.85742200749249498  0.86825847938772338  0.87862357907904742
  0.88874826764508297  0.89916709938269179  0.90964809689919801  0.91985857220847134
  0.92981573551902819  0.93978030579828098  0.94967805871244271  0.95925932878519504
  0.96924233119880587  0.97970957039173401  0.98998034375062405  1.00000000000000000
 -0.00268053771701880  0.00983403889731836  0.02073504789131988  0.03130015856013527
  0.04167435643997593  0.05193903611781475  0.06208581822001880  0.07238753210657022
  0.08254276549889167  0.09236965909813848  0.10153985563862705  0.11139899926353392
  0.12240699106541121  0.13396383041869853  0.14507919283065684  0.15557927674732069
  0.16596565671275146  0.17662173141982315  0.18713696467661248  0.19672099424134876
  0.20587005430579580  0.21481570040439804  0.22406485337986604  0.23368051319092156
  0.24383292113390959  0.25448523933514217  0.26541881079633162  0.27686151467542058
  0.28825254047628618  0.29899518372534484  0.30909672312919750  0.31919828060075045
  0.32969791512732921  0.34018121101332166  0.35146025903019484  0.36193510386713418
  0.37205460450239897  0.38182453991202719  0.39117054510803578  0.40087968826459852
  0.41054643090476217  0.42057291629574267  0.43095585137542253  0.44191754053356996
  0.45275084073440652  0.46337383829266854  0.47432096822392250  0.48546078397142750
  0.49697132481920447  0.50845689888948775  0.51924050664833521  0.52981715275664210
  0.54019306481460183  0.55108434819571950  0.56182834281387750  0.57274799521031883
  0.58416975068142019  0.59583477742920476  0.60758784352737871  0.61948643085938737
  0.63156597679053716  0.64315661171409788  0.65358904850184552  0.66372934722952703
  0.67411136880139944  0.68442136906565421  0.69465307832489265  0.70448762327366776
  0.71498200249624033  0.72522372597743401  0.73617167306716169  0.74698984168142102
  0.75749900884131061  0.76779278542085749  0.77775860307199751  0.78679399581124521
  0.79601238798463625  0.80465428086037982  0.81342784740733143  0.82261743271327536
  0.83272462331978947  0.84376055300973540  0.85518862642349436  0.86659141482671509
  0.87831797709734905  0.88969413875839221  0.90050554674718786  0.91130672540365165
  0.92248148732492063  0.93367837270982446  0.94469406294845581  0.95583798738417924
  0.96718420965515051  0.97835045410502042  0.98931386217218187  1.00000000000000000
 -0.00230400282772211  0.00947495664900941  0.01901786622665943  0.02961157438763752
  0.03993758720895390  0.05032103922935587  0.06094975718883283  0.07256862140744375
  0.08417433742428285  0.09500536369046143  0.10534168104839194  0.11639568161149172
  0.12760091376775959  0.13848855469495444  0.14926323969718117  0.16037964552985193
  0.17223251039471116  0.18363146915666706  0.19440119802823100  0.20473483492182845
  0.21537743858155178  0.22590491037162552  0.23617685474344949  0.24657002113576043
  0.25786690437400106  0.26894884357075366  0.27926257621454381  0.28913120858105784
  0.29933368307051056  0.31008203599516937  0.32075475661499103  0.33067650732790538
  0.34024872815515700  0.34985882150358238  0.36024907408758378  0.37085038087042005
  0.38064402825183669  0.38986884182925097  0.39932502173609452  0.40930730106682262
  0.41963884642080651  0.43033145326479222  0.44096359395577345  0.45260967057957380
  0.46327535476298942  0.47404917235305455  0.48417028020654479  0.49481682141993971
  0.50542032143419169  0.51624965980195925  0.52730249856271771  0.53819408014402259
  0.54910918758634686  0.56035499526097132  0.57138357122435435  0.58238511860930053
  0.59308787657290873  0.60432165241826230  0.61495671767863480  0.62496413420158259
  0.63453382777355516  0.64432363928678793  0.65454437065986204  0.66513646082715627
  0.67625826664559319  0.68749034507834128  0.69814865681642835  0.70829660845503295
  0.71870391668029798  0.72985731110099072  0.74127577170963299  0.75211388134701895
  0.76222864797194767  0.77173934811020628  0.78098191699248509  0.79054379626705285
  0.80007876305521086  0.80969901804666067  0.81921981764499974  0.82884661717134700
  0.83843123657007079  0.84932721462797200  0.86001856600416138  0.87142005648323706
  0.88255399187658978  0.89437209208590362  0.90467158494162703  0.91515689388633614
  0.92526983184978029  0.93541465124238132  0.94567948577234318  0.95592802278853606
  0.96617944421192381  0.97685963468110171  0.98796256780060976  1.00000000000000000
  0.00003116640136255  0.00016768596099748  0.00049646518758142  0.00092793424408809
  0.00139367513967718  0.00176212403332608  0.00213525174239793  0.00253909974832814
  0.00295121654968890  0.00336725192617371  0.00378601875876020  0.00420905831806551
  0.00463692150756361  0.00506947628777704  0.00551069106756591  0.00596328681810112
  0.00641900349721610  0.00690100562006679  0.00739131853695324  0.00787823646687359
  0.00837293786306725  0.00887099272393161  0.00936811421915828  0.00987375218453578
  0.01038118231203810  0.01092953348447959  0.01148583946908880  0.01204717043232099
  0.01261537268602549  0.01320559471401926  0.01379813259509070  0.01439289074534934
  0.01500249287424226  0.01562744599792946  0.01625982941071245  0.01690986876659173
  0.01758780325558507  0.01827215049844477  0.01895003190731544  0.01963250095469241
  0.02032759572861038  0.02105256913092347  0.02180982545967433  0.02258745582097848
  0.02338402557006522  0.02414108723333640  0.02487400600499450  0.02560009035692013
  0.02634258160400101  0.02713086094174904  0.02795053410077294  0.02882451796155819
  0.02965676786527135  0.03043134390981541  0.03124096551598337  0.03202168406234261
  0.03286637829859077  0.03377515578301889  0.03468022296197262  0.03564083205256477
  0.03671506698087070  0.03780051133479258  0.03890289423002419  0.04002263752841571
  0.04124461962405013  0.04258239953588747  0.04391111383979117  0.04522880214927529
  0.04662078245584086  0.04824931029954926  0.05035171079569379  0.05205374753760678
  0.05350572368009852  0.05499096303850725  0.05642568303668574  0.05792746585630475
  0.05958453741933006  0.06129214427917558  0.06302500243441106  0.06509172794919396
  0.06761410065439562  0.07023580200484067  0.07306107580047314  0.07630155144190448
  0.07991280349232166  0.08355976850564555  0.08801567542222896  0.09303155494833244
  0.09884418800277704  0.10515358613153707  0.11163078297423566  0.11976456705471324
  0.13114021186680744  0.17995034436987387  0.54241309127913040  1.00000000000000000
 -0.00264565464020871  0.01091887083856355  0.02254277620181627  0.03487079311379625
  0.04643796706864717  0.05804595799140438  0.07041504854071066  0.08285013174197339
  0.09427807953094250  0.10530439062890190  0.11570690139931702  0.12561640028866111
  0.13502835484977288  0.14497567137291439  0.15581208062054130  0.16654327341933411
  0.17716088771853566  0.18757660717667582  0.19804654865512719  0.20870450499925489
  0.21949677580646529  0.23017116766326132  0.24071248876014603  0.25081760711440293
  0.26066683852901740  0.27050418107921809  0.28032229825431143  0.29023264391486409
  0.30011762636529410  0.30990147329856627  0.31947664214301935  0.32888262910820626
  0.33837529465074873  0.34804008941170406  0.35798755837571944  0.36829735277632147
  0.37888493720805505  0.38945130100021863  0.39951294337712001  0.40930898843507979
  0.41906178759341989  0.42883303226463210  0.43867940862725835  0.44854612515856213
  0.45839742919139992  0.46817700287126535  0.47765052905682548  0.48695500928721336
  0.49623447646580310  0.50548259447812094  0.51475614609957143  0.52399442376357674
  0.53323268289603665  0.54268306759757801  0.55271937002405958  0.56306412518334858
  0.57345993700934372  0.58370401373139569  0.59374551124191033  0.60329694316073246
  0.61236535712346329  0.62174093739660619  0.63137547836613617  0.64039581387262867
  0.64909109858103198  0.65803364507235673  0.66820160983987631  0.67863862224543603
  0.68917514149461345  0.69986884861857068  0.71086745669222029  0.72224223878574445
  0.73351572504679807  0.74451478538001592  0.75529878830539898  0.76608672924818288
  0.77738123017425897  0.78884704769341429  0.80013171206003286  0.81108100098229707
  0.82207889740155626  0.83367525905944428  0.84560216114385334  0.85749626718035121
  0.86869991683348802  0.87945525981198702  0.89060882812121744  0.90233618883388378
  0.91405792530460561  0.92590673814788138  0.93795654259808492  0.95009881319396094
  0.96273807665203526  0.97509816265119875  0.98784484472742973  1.00000000000000000
  0.04847767860824725  0.21541221493486687  0.31900989164280935  0.39911704595720576
  0.46156846163541865  0.51277647061212495  0.55568560905497089  0.59219202894456191
  0.62377787198127466  0.65108082751544782  0.67532543315687188  0.69703597768816361
  0.71651147174609742  0.73416955103884951  0.75049036285256754  0.76536929498204487
  0.77894989017339744  0.79161219726490528  0.80335769599766671  0.81414185435467901
  0.82422437278454552  0.83363597732163075  0.84232431531380403  0.85040382021477956
  0.85782869257269467  0.86461474637589508  0.87097100593114918  0.87694641173248666
  0.88257991479085807  0.88810239446932560  0.89346030785729602  0.89852180460203368
  0.90298094088259717  0.90723574990315892  0.91138201000915708  0.91545060282132618
  0.91927150270610614  0.92281801496095017  0.92632880670486073  0.92974184940851345
  0.93310836536284447  0.93627736726635413  0.93917278102201218  0.94188345305360988
  0.94448507716088448  0.94690192220783120  0.94914945349569768  0.95129190908541850
  0.95333167044899092  0.95534343256396714  0.95730521385561984  0.95910456888617857
  0.96078371274615648  0.96242903800960133  0.96401715199569915  0.96553575006657522
  0.96699339967353160  0.96839489241801568  0.96970819509852824  0.97102832162515218
  0.97231177359648113  0.97355466693246573  0.97476709156758179  0.97596025261073105
  0.97714993047759402  0.97828114960536550  0.97933197924284709  0.98033625258977786
  0.98131892972938128  0.98225023680054313  0.98317884210829354  0.98408617681168853
  0.98497697581202426  0.98585433209139717  0.98669777922980795  0.98746334893609622
  0.98820470641156888  0.98893457970256393  0.98960887805806064  0.99025694475278303
  0.99090394424799244  0.99154418799942112  0.99214704563363354  0.99275123082004180
  0.99334393139108468  0.99392260689736867  0.99449166406293477  0.99502840240275137
  0.99556272897992859  0.99609456450339728  0.99662108327933563  0.99716299688871046
  0.99773878646264835  0.99837050720403120  0.99911050026260662  1.00000000000000000
 -0.02185026961280987  0.10747603582682880  0.14781097120850031  0.17373846699681506
  0.19364438198777897  0.21030532168205490  0.22509521086844814  0.23876441909021856
  0.25133129372810309  0.26271648743961917  0.27372897230555193  0.28452867245585345
  0.29450465242110668  0.30358558720356510  0.31225906349596011  0.32132150051365277
  0.33045672091753897  0.33921103348231102  0.34743368191029933  0.35532871434463792
  0.36307113903689076  0.37070173583863364  0.37796679961211016  0.38488681906247718
  0.39140834915528228  0.39820370139529560  0.40533882922194775  0.41265364227577406
  0.41963895710564514  0.42626179488362714  0.43270660392072485  0.43913108199167777
  0.44525262174141356  0.45154080314283818  0.45806919698278231  0.46482927801695689
  0.47171755358195666  0.47837698113465849  0.48472463179900410  0.49117207943052343
  0.49768192727219041  0.50415140775930201  0.51043298059991138  0.51653161189579000
  0.52235239689125745  0.52818225390633766  0.53404362639813197  0.54004858455099103
  0.54614881413193062  0.55214405700021540  0.55807296967068032  0.56411577271907631
  0.57028041437718646  0.57637802979249797  0.58238872363276495  0.58842220169893145
  0.59458013969501922  0.60083296888790827  0.60702161927430409  0.61320315497392386
  0.61908190469769664  0.62500763471140142  0.63116682302004423  0.63756875857111772
  0.64393292283002479  0.65035340466997882  0.65692145091001164  0.66351410175594783
  0.67016988290845347  0.67689466155302591  0.68354200734240411  0.68996520087537072
  0.69619193368876031  0.70249126987077781  0.70902600665291626  0.71549141349216239
  0.72218388368885500  0.72934224170829276  0.73656469785641421  0.74362822903986281
  0.75038780045585807  0.75749978359614045  0.76486283241316255  0.77241093103144720
  0.78010102926997749  0.78804745910657348  0.79662154912950356  0.80576374440835286
  0.81568765384170705  0.82680206058673256  0.83902092763924319  0.85266379517494750
  0.86842271879278032  0.88768525855595570  0.91895207804222279  1.00000000000000000
   1.1813206627188573E-009  -1.0000000000000000     
 F F F F F F F F F F F F F F F F F F F F F F F F F F F F F F F F F F F F F F F F F F F F F F F F F F F F F F F F F F F F F F F F F F F F F F F F F F F F F F F F F F F F F F F F F F F F F F F F F F F F F F F F F F F F F F F F F F F F F F F F F F F F F F F F
  <DiscreteSampler_grid>
  grouped_processes
  1 # 1 for a reference and 2 for a running grid.
  10 # Attribute 'min_bin_probing_points' of the grid.
  1 # Attribute 'grid_mode' of the grid. 1=='default',2=='initialization'
  0.0000000000000000 # Attribute 'small_contrib_threshold' of the grid.
  0.5000000000000000 # Attribute 'damping_power' of the grid.
 # binID   n_entries weight   weight_sqr   abs_weight
    10   10   3.271620450372032E+003   1.026207195053111E+008   3.271620450372032E+003
  </DiscreteSampler_grid>
