  0.00903703362861734  0.01722384520619376  0.02657654666181694  0.03476810006094384
  0.04324459482184980  0.05248645870706455  0.06316152340721175  0.07325321570563847
  0.08231326471071859  0.09337905203702182  0.10451950197254568  0.11588615109193201
  0.12730060834407558  0.13909478317106019  0.15123969444809163  0.16278597908794890
  0.17328728142956903  0.18471572663382335  0.19703808565523190  0.21014321733911104
  0.22255637531440300  0.23202519768035315  0.23789626949447912  0.24441102245142715
  0.25182443424361778  0.25986517056697545  0.26733254244571730  0.27430519147493387
  0.28183587520113762  0.29108499518392628  0.30351043788757831  0.31634319424691221
  0.32777859329243281  0.33997115981017378  0.34839775643901699  0.35598557244979490
  0.36365927297789158  0.37078766488830323  0.37740110029070467  0.38701058913716740
  0.39946171485016801  0.41207045635608652  0.42415099623481523  0.43595966292011140
  0.44820816350154841  0.46090612462029307  0.47334425854844903  0.48378991749963468
  0.49266898418771055  0.50128892247861201  0.51058976422106017  0.52138426259924575
  0.53053299247972530  0.53862607811573415  0.54659116394282381  0.55481588233022683
  0.56368985503034308  0.57199839268031794  0.58117780358432980  0.59327218230449563
  0.60644216172038568  0.62084163375414791  0.63492133139477647  0.64891006331342305
  0.66177219134032461  0.67505805189968782  0.68714151055963013  0.69772992994154071
  0.70737815238245938  0.71715006323907282  0.72803749847619936  0.73952600979760796
  0.75035615541959033  0.76038954375649737  0.77005126778732191  0.77942235574034902
  0.78947028715216527  0.80161206035379007  0.81457813262275702  0.82657729134619973
  0.83699653238810534  0.84922122311034998  0.86105908334441350  0.87200353857605595
  0.88226758541430472  0.89162326784826018  0.90224260600521866  0.91334441331953109
  0.92528683596887151  0.93766720184934560  0.94974962252544093  0.96145200916047380
  0.97231777064789182  0.98210329962341758  0.99086090643107638  1.00000000000000000
  0.00000306189998789  0.00000332235755091  0.00000351660680972  0.00000368142337553
  0.00000385226084419  0.00000402818260521  0.00000419831095143  0.00000437746863956
  0.00000458919935300  0.00000486168915688  0.00000521211908065  0.00000559160654930
  0.00000601736106739  0.00000647802957361  0.00000695546644432  0.00000748083267363
  0.00000803915196302  0.00000860206697569  0.00000913889177323  0.00000962281490884
  0.00001012897386148  0.00001070485182156  0.00001133205152422  0.00001198638477287
  0.00001271700353543  0.00001348575173193  0.00001429140346026  0.00001514376965472
  0.00001597756130574  0.00001684103728641  0.00001779616927433  0.00001883123463921
  0.00002025430049968  0.00002149721349546  0.00002270526416143  0.00002391972569566
  0.00002516476984979  0.00002652615045969  0.00002820221405079  0.00002986942108813
  0.00003189868317427  0.00003403816183029  0.00003644223182085  0.00003907614428033
  0.00004126754545961  0.00004368712197139  0.00004612318941871  0.00004845482173130
  0.00005077921091762  0.00005320322807861  0.00005562251792902  0.00005797706100164
  0.00006061124790114  0.00006368849253514  0.00006685552634151  0.00007036144874948
  0.00007382442171331  0.00007728490349789  0.00008074379937808  0.00008440573804707
  0.00008871409691025  0.00009497309941742  0.00010091123520696  0.00010641668939249
  0.00011126008407424  0.00011693237564548  0.00012285080299899  0.00013021275873359
  0.00014103661563837  0.00015403745032190  0.00016727890378156  0.00018192572432469
  0.00019761335672863  0.00021534605258036  0.00023403974789514  0.00025334823300750
  0.00027812234340724  0.00030728117642360  0.00034571304779423  0.00039268257576919
  0.00043544472488710  0.00047931633920824  0.00053481365566914  0.00061148521857755
  0.00070460176021741  0.00083000516845287  0.00101299228400494  0.00125813721797425
  0.00153178715274032  0.00194348765955761  0.00256479126276145  0.00381333943811215
  0.00568649935409515  0.01040015015313902  0.04412105282392362  1.00000000000000000
  0.00000229977324490  0.00000302339093985  0.00000337246935014  0.00000372308873790
  0.00000406928700376  0.00000440928157706  0.00000477422886136  0.00000512856539412
  0.00000548220731350  0.00000587091605869  0.00000631664843743  0.00000680216788444
  0.00000727017546148  0.00000773181740433  0.00000824033601092  0.00000879802707729
  0.00000934666068333  0.00000985533050424  0.00001039701931940  0.00001097410231544
  0.00001162651005420  0.00001235061333372  0.00001315490896632  0.00001396690881829
  0.00001485062856755  0.00001578028304035  0.00001674407262042  0.00001777913583179
  0.00001886752930962  0.00001984960907256  0.00002069442146221  0.00002134736569517
  0.00002195777030176  0.00002255251882726  0.00002317063987608  0.00002381680453216
  0.00002454760218981  0.00002534385114881  0.00002625503064550  0.00002734245983766
  0.00002873232920984  0.00002982543395130  0.00003123857934264  0.00003298229279076
  0.00003471260570323  0.00003657086456062  0.00003896554982254  0.00004161789831966
  0.00004442158025640  0.00004716165866075  0.00004977570771407  0.00005228093198083
  0.00005473178019017  0.00005776893412637  0.00006094066014722  0.00006409230605641
  0.00006722564563249  0.00007090234181265  0.00007457926018978  0.00007954276950151
  0.00008594164649282  0.00009286073287052  0.00010028246091240  0.00010790940476077
  0.00011560821546485  0.00012342599262207  0.00013130481328666  0.00013980702166880
  0.00014818259179258  0.00015761754578678  0.00016807058005427  0.00017879894675267
  0.00019040888274333  0.00020374606971563  0.00021816089596285  0.00023469764757567
  0.00024837639722646  0.00026562856769991  0.00028326833788617  0.00031006539751560
  0.00034812540850294  0.00039723806824181  0.00045041277681188  0.00050748509925688
  0.00057713518342237  0.00067244215230386  0.00081209260436372  0.00096260175302390
  0.00117189332239732  0.00152099231990397  0.00195757445227909  0.00266875934717680
  0.00406807627581366  0.00736004739580458  0.04211727418230821  1.00000000000000000
 -0.00163698819886754  0.00825181985499865  0.01622938644255082  0.02475005550217077
  0.03311422975771700  0.04150207216315534  0.04997827793036872  0.05819111689594947
  0.06766966456275381  0.08069111427545769  0.09378295773690329  0.10542922620974973
  0.11647309796550256  0.12803753098523005  0.14024414096423268  0.15428590791092389
  0.16757338192363275  0.17922354049923506  0.18892492460654992  0.19723405742155894
  0.20516971639410964  0.21433869870631678  0.22340541326644445  0.23292350754399832
  0.24160936779880746  0.25002559788241024  0.25921242524674254  0.27163483216992040
  0.28430605645707874  0.29548024688843399  0.30646908754456736  0.31784959782150424
  0.32956251512611917  0.33924246709915334  0.34778436715424377  0.35593523071233152
  0.36456567698561976  0.37384500504068691  0.38306146827742549  0.39037808394575318
  0.39868400189381209  0.40798157526122208  0.41844654550215948  0.42963996735401522
  0.43956839190103419  0.44886905765439444  0.45881873343472729  0.46915522645516555
  0.47907076569592782  0.49060517736500725  0.50252784442787601  0.51465152818857463
  0.52647282876666557  0.53817056448072698  0.54971092265840349  0.55893452294499402
  0.56670751305921829  0.57454639799496776  0.58326920537868665  0.59441543227701532
  0.60696866265345994  0.61874517413293029  0.62939151441380647  0.63900304597603674
  0.64754557079511765  0.65572941681340668  0.66357722163427679  0.67145818200357998
  0.68104121238121251  0.69423531748921752  0.70876510373939605  0.72303985555031491
  0.73643461832890200  0.74998001591226282  0.76382758295479358  0.77776130489441631
  0.79349448096007069  0.80918026568275925  0.82317660376342261  0.83583421481032327
  0.84834229617386259  0.85946321672793924  0.86938021925004794  0.87832685242983810
  0.88689313991160690  0.89646181147454462  0.90786941428925194  0.91907795807906068
  0.92923219954162306  0.93983302910108990  0.94989483622242199  0.95983816170004566
  0.97066727669040809  0.97973823908238933  0.99051980033534948  1.00000000000000000
 -0.00309047132304590  0.01294005898280032  0.02469064485967649  0.03619221715552952
  0.04781367666078314  0.05956080329000104  0.07004689734933070  0.07942237295170065
  0.08863558300360352  0.09893018323777505  0.10936721726098067  0.11831560462636388
  0.12697539327964305  0.13531790970148549  0.14400618535485549  0.15445328262485181
  0.16486496184727964  0.17696035729404508  0.18854993374672777  0.20014851802365230
  0.21195547883034568  0.22375703799090149  0.23576795062211628  0.24776104643720354
  0.25848834860683989  0.26777842920732758  0.27662097139018227  0.28587597209172583
  0.29614321934316651  0.30723426330156228  0.31840421004294595  0.32990954852245158
  0.34267220035192075  0.35723139350802752  0.37221985235526678  0.38578297445911330
  0.39912350764064530  0.41325701362498934  0.42813710952773859  0.44172997037810402
  0.45370835014711214  0.46433601137233188  0.47420257950700467  0.48395256526494301
  0.49270876166098165  0.50029308321726085  0.50670847493476479  0.51313985453325106
  0.52132446464069870  0.52908128305658519  0.53595918674996845  0.54239045681804066
  0.54945220935874239  0.55766723927629469  0.57062816989257237  0.58666950367875004
  0.60126348407121344  0.61375601929263379  0.62489653537815515  0.63740133117503761
  0.65109287466717281  0.66555837280488273  0.67622497431460116  0.68516339392377368
  0.69356430297147420  0.69996538887797444  0.70623297243861116  0.71278889641645748
  0.71881969447466876  0.72504723897242929  0.73328811502243751  0.74451808426469290
  0.75740236889336088  0.77026065678324762  0.78501981412830135  0.79743722117133753
  0.80794757264713435  0.81721462064714534  0.82620108609713439  0.83619511371713806
  0.84530709738357945  0.85336367210898023  0.86138154847392401  0.86985379588035716
  0.87994949547296908  0.89385073926963987  0.90922983577670735  0.92218435332258075
  0.93403380187164087  0.94413790654025576  0.95484240204096305  0.96564071664420414
  0.97535135253351501  0.98406260865248774  0.99205710410340942  1.00000000000000000
 -0.00225562115673225  0.00929699776311067  0.01862906090760747  0.02836640632024645
  0.03903687166957334  0.04875872919151169  0.05830303294678663  0.06898533877700007
  0.07645959990855691  0.08328451250668172  0.09147808145681127  0.10010066396781234
  0.10949292277647911  0.12158475806553007  0.13419087302781088  0.14603000425063925
  0.15683775953714399  0.16730545089735102  0.17813453986824621  0.18952474851624077
  0.20069569913861707  0.21325213946377020  0.22609864326499296  0.23701718286228587
  0.24642756411083916  0.25565328299252110  0.26634419752520133  0.27839126809052184
  0.29080835043479547  0.30312366655890299  0.31548827587862638  0.32922643555752895
  0.34423373778046640  0.35819655260583144  0.36801966606826525  0.37821984170822853
  0.38730665630670386  0.39976799965272730  0.40983980465586051  0.42112962898434836
  0.43172558434002978  0.44333188464063467  0.45562675380620837  0.46652841755092145
  0.47469513159476440  0.48353964168038555  0.49227851327476846  0.50117290852475327
  0.51496359590100871  0.52583126777956302  0.53486001274494288  0.54356040033248598
  0.55278814958666034  0.56161591215799722  0.56921827965157090  0.57634621459556279
  0.58545912902433295  0.59656370688123361  0.60767174427415716  0.61844636515546558
  0.62905231352818169  0.63994661786449747  0.65076254298060898  0.66155728024223182
  0.67147466604776396  0.68102196317907215  0.69096549461475210  0.70209291094951620
  0.71301440707369523  0.72280701161737515  0.73215285139420605  0.74168392877395017
  0.74949595261272917  0.75572844380315629  0.76186330225963850  0.76920978434224963
  0.78030350696751083  0.79280373118650327  0.80544696494705936  0.81788732243884144
  0.82862807281136019  0.84125563448673413  0.85331897546897917  0.86501643497278191
  0.87635982093294829  0.88756536481856430  0.89977298817504370  0.91305243408695247
  0.92467964129032632  0.93401643533221812  0.94269776579546116  0.95201874250841168
  0.96206893753291278  0.97376750651730171  0.98684271960761782  1.00000000000000000
 -0.00011069479784754  0.00013258371095500  0.00061899271386470  0.00120013297408973
  0.00158530812558316  0.00198887569154748  0.00240039100046400  0.00281449782121425
  0.00320852666752030  0.00360703029517346  0.00400007390424595  0.00439142292606932
  0.00480197703912077  0.00522165755466767  0.00568427329581659  0.00616595904254025
  0.00665636537908795  0.00716472559108788  0.00764294089569183  0.00812864380183999
  0.00862787621512424  0.00914515102735079  0.00970513823999573  0.01022101883885361
  0.01075203596261053  0.01134140126657497  0.01196604636544890  0.01258328568121894
  0.01316839439447234  0.01368830649028747  0.01416641123504078  0.01466312333757186
  0.01521166378250427  0.01577486626378945  0.01627504411037463  0.01671907733283840
  0.01712402713883908  0.01755394445845979  0.01805090132339972  0.01870112746267957
  0.01941493968952504  0.02001742763034450  0.02054459512936711  0.02108716434109487
  0.02163328067392680  0.02215067845818105  0.02268432457589685  0.02317727188959873
  0.02368544196113091  0.02416932513806552  0.02461966005321947  0.02503473170246101
  0.02549248430065509  0.02598640433609739  0.02648089187904091  0.02701495746778364
  0.02767237379671206  0.02817995106849531  0.02853888728016098  0.02891944006844482
  0.02931597357341913  0.02969760347549317  0.03005733468394274  0.03040891915457700
  0.03086497606231642  0.03182626526368561  0.03322863368944383  0.03420112740607951
  0.03587450448449180  0.03731530324600887  0.03830017028637685  0.03893355805555482
  0.03947196925660985  0.04007892449605803  0.04085879926895657  0.04230553169649436
  0.04338354006197333  0.04431099543934782  0.04510371160285582  0.04579238015803178
  0.04650672441230658  0.04732545063040765  0.04836248936083943  0.04975929203198040
  0.05102952523808334  0.05328713353547423  0.05549051098290603  0.06444312829468624
  0.07203512107996275  0.07670420134752545  0.07951150470566842  0.08105354569090652
  0.08301288295754332  0.08664190811179695  0.09436243522099562  1.00000000000000000
 -0.00231391239517608  0.00909388930309445  0.01899112398669637  0.02951937724134148
  0.03969378503751412  0.04916794434753256  0.05868666788724398  0.06770586385570260
  0.07719837035670513  0.08730040531746326  0.09944132542021775  0.11055039343981139
  0.12171389207348685  0.13381963322663043  0.14629115236734203  0.15923261561070137
  0.17245517477671313  0.18414979445101540  0.19386466193776242  0.20204036431170258
  0.20996314506445254  0.21958747916255905  0.23119579004731325  0.24581911214651780
  0.25981991253589831  0.27437948157898462  0.28856492440986131  0.30066445539553888
  0.31176421027372375  0.32302206630110059  0.33456708095295151  0.34574712286496589
  0.35660734968202584  0.36812711232578610  0.37993621854123066  0.39248049588565820
  0.40489514324365206  0.41727752477483759  0.42926588414318062  0.44110336250825322
  0.45371977540438457  0.46421171265254807  0.47342682162078414  0.48185650880943270
  0.49022244814433003  0.49848908499959516  0.50962235563419167  0.52069892649864458
  0.53177827295299696  0.54284815957900245  0.55303098272320417  0.56308530162742343
  0.57350472874027847  0.58358310654722101  0.59256253850172058  0.60118761672875920
  0.60939920090878419  0.61784148436372777  0.62672524782242156  0.63535482643170871
  0.64711916111120626  0.66025993753975132  0.67312415537730930  0.68364699503064474
  0.69287389138027955  0.70091325467106425  0.70921551414193640  0.71739647462845835
  0.72613531385933272  0.73885931118557280  0.74940538117328992  0.75973647017356039
  0.77019641017165352  0.78078858179833943  0.78991908446327552  0.79721679500567189
  0.80393104941931304  0.81066062812206052  0.81704251723304799  0.82830437358486908
  0.83719040092111907  0.84520201838183584  0.85340289267071456  0.86177167161303325
  0.86926017512731624  0.87638057970164973  0.88448359318699965  0.89365464154910423
  0.90493528149077784  0.91706128740637494  0.92760435085974868  0.93933840453859296
  0.95440465363222071  0.97238728959374632  0.98745094884182749  1.00000000000000000
  0.05053128292059247  0.19972679449036138  0.27832150462446437  0.34240265933376174
  0.39519096431219508  0.44035344383759967  0.47814069597298720  0.51086822970942525
  0.54217662301202951  0.57209056396620017  0.59934321933959711  0.62315075411097764
  0.64394516106319699  0.66291028186160494  0.68136011525563556  0.69876054356272410
  0.71503603057993315  0.73004521767579522  0.74362958583208472  0.75590957743870402
  0.76781474140977835  0.77963018591718503  0.79081894400358144  0.80145981784389708
  0.81173353840877094  0.82033740212418471  0.82814699344620235  0.83527818152116706
  0.84181720294878493  0.84825997299199818  0.85456269283043429  0.86042201380924299
  0.86590038349327769  0.87124086984877225  0.87697567354313066  0.88329033313292382
  0.88956258917460818  0.89543037320287933  0.90066581541173307  0.90551218146618118
  0.90992493137249875  0.91396998917532479  0.91767947555613771  0.92113329930839427
  0.92454743656713367  0.92800171649851093  0.93132046619453268  0.93449129104792927
  0.93741557321189095  0.93992986276379165  0.94236336105560126  0.94497169484736598
  0.94768684129028269  0.95025328124549757  0.95262618840147018  0.95482732848826224
  0.95682264523042715  0.95869574183221462  0.96053219128612011  0.96238691048375757
  0.96434581765723093  0.96617184600200612  0.96777287557627545  0.96913244276569754
  0.97048445517501025  0.97185092660766148  0.97326121950125666  0.97474530071856136
  0.97610057405893502  0.97742371412411311  0.97875962435321384  0.98009104413882053
  0.98114328808803131  0.98212865564010621  0.98304533447177256  0.98390440936496160
  0.98478164842374993  0.98569493675653064  0.98663111843942253  0.98757329061337873
  0.98850709507444601  0.98943938002165621  0.99035525509695455  0.99124205756407091
  0.99207383453032150  0.99284974760106892  0.99358864231017130  0.99424531742485911
  0.99491269542453109  0.99560366689615887  0.99631346602947679  0.99697101461040671
  0.99763499324268956  0.99831942053947775  0.99906130384810143  1.00000000000000000
 -0.01634832997137707  0.09882875757643277  0.13699125912436871  0.15948180843736692
  0.17583420299304944  0.19123890078809477  0.20370568586861726  0.21468966444803511
  0.22424001037501118  0.23422952298189986  0.24481139970333232  0.25570364706271048
  0.26609538535018235  0.27564061518684174  0.28484416158629744  0.29569452258069273
  0.30638311631918574  0.31562994325014582  0.32413929234522582  0.33228241398927499
  0.34064653453237859  0.34922218909132163  0.35689276950983234  0.36344464868530252
  0.36925011111529155  0.37514227902975122  0.38148343129908879  0.38889631713028033
  0.39680834372693446  0.40544273364819888  0.41275306259348121  0.42076101515626213
  0.42885763657629344  0.43648729495054750  0.44455193016371114  0.45236117074553067
  0.45998693838115740  0.46757310154099258  0.47520749324071809  0.48289017285926167
  0.49058966180719077  0.49861327218327151  0.50430464033548550  0.50995561324941086
  0.51537083865242650  0.52049698343795292  0.52551013277633862  0.53109563460806497
  0.53729420416727014  0.54371775072704165  0.55007364528537206  0.55669659929734883
  0.56302020239296746  0.56909615029787175  0.57531944416808234  0.58174615710678379
  0.58795644006989967  0.59647839487361576  0.60493451167418366  0.61328172442681739
  0.62074983289491092  0.62712918433555132  0.63369586927370580  0.64041913807356621
  0.64724801110392849  0.65592392816521861  0.66356824278426130  0.67129115149272367
  0.67842313459312042  0.68558088670154849  0.69358047191916916  0.70061992650471483
  0.70789450966631251  0.71469375433597393  0.72085574958241316  0.72696432943443390
  0.73400385264988832  0.74172320479485743  0.74995449780659695  0.75869897252670426
  0.76801092369902468  0.77736200472193828  0.78609294902518179  0.79563098741859872
  0.80412129575824409  0.81207259844439750  0.82029827118766729  0.82830763590931455
  0.83546791504617701  0.84358872938335783  0.85177833879991560  0.86079301791215690
  0.87584487644410514  0.89531790268213629  0.92557631694685394  1.00000000000000000
   1.8059006894294830E-008  -1.0000000000000000     
 F F F F F F F F F F F F F F F F F F F F F F F F F F F F F F F F F F F F F F F F F F F F F F F F F F F F F F F F F F F F F F F F F F F F F F F F F F F F F F F F F F F F F F F F F F F F F F F F F F F F F F F F F F F F F F F F F F F F F F F F F F F F F F F F
  <DiscreteSampler_grid>
  grouped_processes
  1 # 1 for a reference and 2 for a running grid.
  10 # Attribute 'min_bin_probing_points' of the grid.
  1 # Attribute 'grid_mode' of the grid. 1=='default',2=='initialization'
  0.0000000000000000 # Attribute 'small_contrib_threshold' of the grid.
  0.5000000000000000 # Attribute 'damping_power' of the grid.
 # binID   n_entries weight   weight_sqr   abs_weight
    10   10   1.893981870560917E+006   3.585458495375866E+013   1.893981870560917E+006
  </DiscreteSampler_grid>
