  0.00893064384362434  0.01856537295876066  0.02977771506516388  0.03969409234021744
  0.04897550228953374  0.05892535160704736  0.06959738255384593  0.08226626257687082
  0.09619231847667530  0.10986952057032774  0.12224773237010959  0.13387683701412154
  0.14582657000581356  0.15740811518181427  0.16832378011577584  0.17952603736560507
  0.19032048237961358  0.20176338465731286  0.21439979138897444  0.22652511620483973
  0.23507212922154047  0.24148907124134258  0.24804583629615554  0.25526347041404773
  0.26374973269055402  0.27242999159315723  0.27986751269355947  0.28651535245353593
  0.29436811610343805  0.30648702260550048  0.31813901957355989  0.32834642327643077
  0.33870087981722130  0.34729635086755073  0.35430581737006339  0.36151848892167027
  0.36797005584048165  0.37417365495695437  0.38214001658928148  0.39393848334622272
  0.40796091217636293  0.42033179439661400  0.43112621008371738  0.44122896742640083
  0.45132250721010203  0.46361832630614025  0.47526966332950549  0.48422118208904480
  0.49338383732123386  0.50287254962165950  0.51312505783586004  0.52353760232050961
  0.53336429835089427  0.54311067198504426  0.55306425542311977  0.56298953413265218
  0.57248429274326329  0.58158654644764385  0.59046948971847724  0.60076082434040645
  0.61582216158077474  0.63108218889115608  0.64547407824383218  0.65588238386095010
  0.66598846778180698  0.67606657410826398  0.68655605195255920  0.69732562673444576
  0.70735785790395855  0.71752206206576041  0.72829098310402651  0.73834873164845294
  0.74782373962415427  0.75755513665643270  0.76794280895304301  0.77893489434841656
  0.79117974153079995  0.80338924983778293  0.81536135413495403  0.82629747031895673
  0.83826713329693237  0.85112367019684609  0.86445929847636660  0.87680905676755383
  0.88802196498366870  0.89783064303959037  0.90817632678351246  0.91857868631155981
  0.93103930121752343  0.94325656259283686  0.95492227501297711  0.96510768465071506
  0.97444345189358927  0.98300156736880429  0.99075486077761721  1.00000000000000000
  0.00000321040057832  0.00000353136799345  0.00000375718043058  0.00000393555106228
  0.00000413412650793  0.00000437046329563  0.00000462388342421  0.00000488556439151
  0.00000515434157148  0.00000545209410025  0.00000583579729474  0.00000629591832562
  0.00000677167736841  0.00000723427456857  0.00000767617670970  0.00000813404048380
  0.00000863243846831  0.00000911296817972  0.00000958480409096  0.00001005438765720
  0.00001056907064538  0.00001121463276587  0.00001195696349890  0.00001270825940007
  0.00001336937730053  0.00001398433681165  0.00001463904331203  0.00001530420666314
  0.00001610262707860  0.00001700352996591  0.00001808258720139  0.00001913928092266
  0.00002020577065235  0.00002134146183145  0.00002243845589258  0.00002374085585330
  0.00002512919949158  0.00002635784794651  0.00002761270349081  0.00002890016046070
  0.00003032531783225  0.00003191746306088  0.00003369982346793  0.00003574861197903
  0.00003813104761968  0.00004051814180593  0.00004295039879928  0.00004537009520058
  0.00004781675804792  0.00005049004183069  0.00005328000289345  0.00005619810907378
  0.00005865047115072  0.00006132640466683  0.00006395852569496  0.00006706149479449
  0.00007002989196953  0.00007298991981199  0.00007624112072753  0.00007968316322217
  0.00008329251987375  0.00008674040892229  0.00008988478724376  0.00009301507627986
  0.00009667071407002  0.00010042693021384  0.00010441454856177  0.00010961873488416
  0.00011700971360922  0.00012507811361908  0.00013449307724908  0.00014426162604909
  0.00015568950728643  0.00016611089741957  0.00017713714346331  0.00018920794689168
  0.00020496912697365  0.00022193324408432  0.00023993493039186  0.00026553604506840
  0.00029725322901339  0.00033179419530458  0.00036607783786173  0.00040700013090235
  0.00045434994815452  0.00052331394288877  0.00060690680689912  0.00070557307768619
  0.00083160810954161  0.00102216597951520  0.00133692036835880  0.00181263138935471
  0.00283508269011103  0.00900340888966814  0.05707262582277128  1.00000000000000000
  0.00000229013245427  0.00000307755420888  0.00000337097077867  0.00000368075869556
  0.00000398645440230  0.00000431175158612  0.00000465501015130  0.00000498574736626
  0.00000534496546045  0.00000572298372787  0.00000618071539456  0.00000662321168990
  0.00000703759666559  0.00000747658428670  0.00000800144724598  0.00000859143229457
  0.00000916766202177  0.00000973052422616  0.00001029753920049  0.00001088266829294
  0.00001148431328319  0.00001205625925464  0.00001264842280491  0.00001331146028796
  0.00001399994394807  0.00001478144980217  0.00001563981704972  0.00001652015684236
  0.00001732083949193  0.00001805571661686  0.00001884396045194  0.00001949641975435
  0.00002024626920548  0.00002103898889249  0.00002160658687863  0.00002211910294375
  0.00002268434731092  0.00002331207153335  0.00002391615131767  0.00002463856780652
  0.00002553108549345  0.00002645365242021  0.00002749802514516  0.00002853852567403
  0.00002959832242929  0.00003092475070258  0.00003295094285080  0.00003538290212563
  0.00003782791734282  0.00004022837970414  0.00004270686279227  0.00004544167652279
  0.00004812839262007  0.00005073338236852  0.00005320540795904  0.00005543037584755
  0.00005844329344374  0.00006149941775485  0.00006482025110491  0.00006852796625360
  0.00007228757582836  0.00007625201654487  0.00008080623457726  0.00008586212301156
  0.00009116744756367  0.00009695737474763  0.00010313995430468  0.00010924864326083
  0.00011583739046971  0.00012325277330404  0.00013149196902482  0.00014070771615506
  0.00015112158165304  0.00016133310633365  0.00017368288009189  0.00018795580987361
  0.00020081015860538  0.00021400907809494  0.00022820693807902  0.00024455594120157
  0.00026354166718203  0.00028654476327594  0.00031662803292313  0.00035589302310934
  0.00040274946903728  0.00046483704553962  0.00053789404109002  0.00062723991322790
  0.00073590904718339  0.00088977808999566  0.00109518350142486  0.00140312073715241
  0.00196928103260736  0.00381598589778055  0.04286795533167086  1.00000000000000000
 -0.00132614465474421  0.00672413277320916  0.01390205485284987  0.02166413334012662
  0.02990742234991841  0.03810548205264367  0.04613752041795877  0.05459937986980898
  0.06259416444239148  0.07438927089442256  0.08660403466841110  0.09957230334197284
  0.11332225020226071  0.12743836703592784  0.14084333776072022  0.15486776463876997
  0.16756961951844845  0.17884785160045930  0.18906954684785832  0.19828024951138876
  0.20693162417254038  0.21677381906387438  0.22582187383638647  0.23663339171586853
  0.24781514818691222  0.25988325710352278  0.27145571237368021  0.28341921342906468
  0.29437675993695883  0.30578622869086647  0.31707911796873961  0.32882167376054416
  0.33914774959655064  0.34835496088101303  0.35787363407737433  0.36738551923829582
  0.37642010913405904  0.38450603369694497  0.39193911265460529  0.39970440584616901
  0.40855586676525657  0.41723924938064189  0.42590700584139984  0.43453820471248839
  0.44326642976783337  0.45377125302055615  0.46586584491139804  0.47806504425807655
  0.48988036181169320  0.50075065021487575  0.51193018167586202  0.52275857069875387
  0.53362755392417216  0.54478451893330859  0.55467720251328645  0.56279675153284725
  0.57149739513332576  0.58154398913680339  0.59348201696216041  0.60610398854060354
  0.62049423258360603  0.63408322947844165  0.64197224280731791  0.64901455422309595
  0.65619871835521615  0.66335336145892931  0.67093530472942997  0.68123474599352896
  0.69580063691680460  0.70992382032516732  0.72315476643394982  0.73580494282706088
  0.74885337894036608  0.76238283332299928  0.77629375943381174  0.79081836201014000
  0.80235497109648690  0.81303393016211767  0.82216228458827867  0.83093744314744500
  0.84135370607282844  0.85229468166734812  0.86318786662445912  0.87317729859840598
  0.88296484095187910  0.89356417084132789  0.90494454775367161  0.91536079069703591
  0.92495674649110304  0.93532550325404240  0.94611454133740602  0.95597884400430144
  0.96601104881120203  0.97572541712254646  0.98774858912853236  1.00000000000000000
 -0.00297008691677988  0.01270655940162686  0.02372165174410163  0.03378477380882097
  0.04316277932892804  0.05314525393401540  0.06265872870402160  0.07172856954708674
  0.08070096440051849  0.08951792571189078  0.09863601263661892  0.10837110878629931
  0.11757389326174189  0.12694455045300893  0.13674937390974004  0.14604839457683028
  0.15818751949627760  0.16954096431421919  0.18061070782018215  0.19144265535150867
  0.20167591470683277  0.21178445421437395  0.22251394091443216  0.23336071590831756
  0.24428590443477730  0.25594703877408881  0.26810663008151442  0.27998150634385077
  0.29115076176089749  0.30200957265152018  0.31374724624706851  0.32629261734510318
  0.33975236415085397  0.35370434650472049  0.36819013116709526  0.38268642846917567
  0.39674508389030350  0.41135321101078137  0.42563576684200355  0.43874292176231616
  0.45135146070839449  0.46398118301791863  0.47737099367854074  0.49027567037635766
  0.50050663539641926  0.50853015979322902  0.51553322965113846  0.52255308338272599
  0.52936180623675988  0.53749718931627233  0.54620369907847355  0.55537864479483012
  0.56578147572289272  0.57879935306806574  0.59216222070953384  0.60447913081837101
  0.61562781620860396  0.62700113701498228  0.63916149454779059  0.65072943262487559
  0.66152680263969899  0.67119468829067808  0.67990314183716549  0.68842724616508288
  0.69575467989109097  0.70124253654508573  0.70633483398228625  0.71176691887434917
  0.71712102232371744  0.72299719997894529  0.73195748352521195  0.74299388015752721
  0.75490197525930480  0.76718027067978112  0.78091206474859653  0.79459871892036316
  0.80706350570095520  0.81974733561664870  0.83268720835936827  0.84497139564222246
  0.85495944103184673  0.86421818034821196  0.87332502685392466  0.88313043223585364
  0.89388410953702435  0.90577681083570094  0.91722866795848201  0.92696874653213668
  0.93646344774880674  0.94533550430415325  0.95530917622709588  0.96586593887286443
  0.97613590925447424  0.98541068196027004  0.99301238707551909  1.00000000000000000
 -0.00221305602391826  0.00950146467956255  0.02001275138847650  0.03149625058217072
  0.04213905636439760  0.05115884969632152  0.06009465073764743  0.07052057563560453
  0.07579292329712078  0.08092680833185920  0.08696504904219793  0.09361564249894400
  0.10051337999835258  0.10655619234250277  0.11679900532510812  0.12866989681059732
  0.14089577979854775  0.15201644148245505  0.16306937280400804  0.17537347028388722
  0.18884648215194660  0.20210511185431806  0.21481872471850877  0.22461285538200676
  0.23258860769207695  0.24051729176076253  0.24887877595595462  0.25883033799477978
  0.27011334170363521  0.28236394903254797  0.29513604235262197  0.30783400182703535
  0.32093649530077983  0.33538296603875262  0.35035401352583678  0.36293257549777430
  0.37363913951568378  0.38364678774419830  0.39398152644471479  0.40309030603058754
  0.41158953794363851  0.41981315040789174  0.42809860097962799  0.43874992861144568
  0.45082463310395593  0.46504658226138251  0.47734164887972785  0.48885310693147938
  0.49975229010242789  0.51347234036922873  0.52506759000982539  0.53347059852325796
  0.54105757470714633  0.54945060276017799  0.55847329611674623  0.56569185600924332
  0.57263798212627715  0.57937142750936466  0.58935723703070952  0.60089399755446005
  0.61227859835918585  0.62390486131658296  0.63541854457206159  0.64712924170354014
  0.65830413289097356  0.66967803100058998  0.67898218530142973  0.68918539156272096
  0.69887971451423636  0.70823242419310550  0.71744457570320519  0.72619001905062097
  0.73414603331102102  0.74135841299192651  0.74864025868161488  0.75705957607182184
  0.76762982722566075  0.77899591826855885  0.78841737251124289  0.79927367587131237
  0.81117370940129851  0.82523399240204098  0.84037669139340521  0.85359452004564007
  0.86573599501320075  0.87765047350021752  0.89203955317716832  0.90482392420192836
  0.91687006921453007  0.92810948284093475  0.93979544148359706  0.95152283762869305
  0.96275713668041796  0.97454020313669709  0.98640343747976966  1.00000000000000000
 -0.00006975847118438  0.00061342243342236  0.00101361130799183  0.00131131217379416
  0.00160942918869841  0.00190672768439973  0.00220639599707924  0.00250996447165186
  0.00282314458948232  0.00316345301356348  0.00352065791016564  0.00388977154418756
  0.00426507823087200  0.00464401856531269  0.00503241583501153  0.00541432810095233
  0.00581413872078685  0.00623199856476481  0.00664568992631276  0.00704550890306078
  0.00741608703978838  0.00778033503385013  0.00815391312928809  0.00857580436645802
  0.00899851014377363  0.00940831337128387  0.00980003992671720  0.01018634848051375
  0.01057696278542727  0.01098913181213675  0.01152524050949006  0.01198454539770073
  0.01232515507628370  0.01266790487916744  0.01301038129647708  0.01336097762821502
  0.01366363581336212  0.01393360615529113  0.01420338545312399  0.01447556059919136
  0.01477426855880177  0.01509536511748620  0.01542976355312405  0.01575330225895739
  0.01607480879476269  0.01651098506086299  0.01701712453033365  0.01741946368621934
  0.01777195808733324  0.01811856171864180  0.01850393628719586  0.01882542088852470
  0.01912596890231552  0.01944959099732428  0.01980804913847888  0.02019608423172247
  0.02062760743985499  0.02111277465734564  0.02166919485281370  0.02228780316020647
  0.02287103370354252  0.02349920771682725  0.02413863944557224  0.02464231342622537
  0.02509583679119605  0.02558391303547155  0.02608150616263228  0.02656950857921295
  0.02727987398353194  0.02822874887148145  0.02921727439092495  0.03005060658934767
  0.03110103121381288  0.03227915663272425  0.03390989481651698  0.03693296755519422
  0.03822003353847706  0.03943768665038240  0.04058619719667594  0.04181588579816452
  0.04315926702350774  0.04417830388177312  0.04548923393694903  0.04757758507311230
  0.04986075516892391  0.05124905635248912  0.05318016843837441  0.05623453181678747
  0.05957154493745492  0.06167213012083407  0.06963964047031630  0.07518957867382613
  0.07992887820996383  0.08497579575821179  0.09436243522107700  1.00000000000000000
 -0.00270953893451192  0.01168206167514787  0.02372035030922924  0.03480656972969190
  0.04630562730843023  0.05604062276558329  0.06594408808533318  0.07590718932476671
  0.08698841597594800  0.09802467282013305  0.10667585980263973  0.11478846798738743
  0.12287012136512118  0.13273111882542105  0.14480770680601820  0.15833180361695429
  0.17144703726322119  0.18413594981786158  0.19490692973200952  0.20484307742081764
  0.21398841487655496  0.22315635570875830  0.23445404243667406  0.24784151665169579
  0.26261001693139591  0.27663821644892106  0.28920190158263637  0.30107571402988303
  0.31196418556558020  0.32281268200231655  0.33459845256876208  0.34756398743471195
  0.36224104895643044  0.37544580250478310  0.38829354965063895  0.39852714107759341
  0.40829330957105320  0.41760522080985357  0.42707358680275498  0.43724496678486269
  0.44727563347015736  0.45778124715206536  0.46894198717202024  0.47926146732653474
  0.48908825212120033  0.49842121158865349  0.50775564789853156  0.51852336218080808
  0.52982938939784652  0.54205184047100519  0.55309475273773745  0.56371783571029832
  0.57422316665993733  0.58428459696197632  0.59360372438281883  0.60224343822057735
  0.61029851864011886  0.61871161803465702  0.62667473332309709  0.63546481198980287
  0.64560549113601473  0.65767715965920825  0.67056914559167680  0.68318187206862546
  0.69460264740601474  0.70433350920246851  0.71289692669354776  0.72119703799497603
  0.73095343792143608  0.74246150609119765  0.75251409942775460  0.76327748063759748
  0.77495782177793382  0.78678722078696905  0.79489618805086426  0.80240575212038601
  0.81006668705768525  0.81616132106036376  0.82419421107700819  0.83237690648224982
  0.83873147269425108  0.84564341025748435  0.85508773126894577  0.86389357772488595
  0.87148316548848692  0.87983226040430063  0.89016555580956624  0.90330972634481022
  0.91682081046716768  0.92786326741793801  0.93795636685293793  0.94901667297178460
  0.96242634626184831  0.97718656359743328  0.98956680249594986  1.00000000000000000
  0.05075272911036352  0.20259817257879001  0.27826950754010937  0.34057778636103558
  0.39155483919256090  0.43574209214695570  0.47358919886475176  0.50722447316514752
  0.53969339749111256  0.56979390970853483  0.59694406355520135  0.62045011700321373
  0.64171415918701846  0.66083441693581502  0.67916489299208038  0.69649019578247218
  0.71252416034385091  0.72748779519295770  0.74143433845478579  0.75435527530814495
  0.76662999142579724  0.77823081172704867  0.78933086027124910  0.79935923168234613
  0.80841833980252609  0.81676007434780062  0.82449982348690942  0.83155461781657936
  0.83804841752548764  0.84459903765933464  0.85151015023216714  0.85819504273597313
  0.86406626041412182  0.86936505684356435  0.87462914947643411  0.88032900213633924
  0.88667865890580255  0.89253489464218727  0.89769043388065750  0.90258580054027426
  0.90728415522942318  0.91179786668671092  0.91608154215198401  0.92015985630046682
  0.92420779927178143  0.92823974456119618  0.93183763510413864  0.93527863381333043
  0.93812459920612756  0.94096912903157115  0.94376932856690743  0.94639363793593001
  0.94874372517541261  0.95092752991318386  0.95305984668191779  0.95511761110902738
  0.95711134389852570  0.95897331900344118  0.96074695037112645  0.96269752267441533
  0.96467542252444716  0.96651155062674921  0.96820512885773469  0.96979308145954601
  0.97133298602710394  0.97295148891926753  0.97457148021160445  0.97614164506131862
  0.97762171000394305  0.97900620073894029  0.98028602650581764  0.98139818687979907
  0.98241331395705878  0.98336742743179484  0.98428074919700970  0.98519138249680327
  0.98613665507115789  0.98712409342697471  0.98818348642997655  0.98918669797344672
  0.99015735076652733  0.99101538764018238  0.99174991742817831  0.99244436326604313
  0.99308804782171667  0.99366799283729557  0.99426699865987034  0.99488110209263791
  0.99549162700082738  0.99608820547630417  0.99669015672633299  0.99727449950540092
  0.99785866627083186  0.99846079809966681  0.99914474185335211  1.00000000000000000
 -0.01383192553170162  0.09272290767844997  0.13128446951615599  0.15545285868647454
  0.17294513804896303  0.18801046026611795  0.20151929544017558  0.21433572495598252
  0.22584134391931437  0.23615179109995110  0.24611861927715026  0.25581714425032154
  0.26583204276815570  0.27659657800203685  0.28685605072416809  0.29778617630033227
  0.30706772525819609  0.31480414778032029  0.32276864271356431  0.33081367459010946
  0.33838448385751363  0.34617372492987142  0.35366006091843344  0.36150502274476165
  0.36891466619910018  0.37567224152331352  0.38245869053518816  0.38936458567055532
  0.39640909643212430  0.40425604777726948  0.41119383381582481  0.41899861994520859
  0.42715631218218175  0.43510611058333704  0.44325641913673891  0.45093101412505388
  0.45930019444908232  0.46853718735178079  0.47683234859744383  0.48501291575548872
  0.49294123990973199  0.49996153098560947  0.50615280702308141  0.51149093602300744
  0.51686205195178936  0.52190150448156269  0.52709919443968312  0.53272524988986336
  0.53829505944141698  0.54389769268175758  0.54983874767325791  0.55603718768697752
  0.56193200427234602  0.56793325130695138  0.57440517630985011  0.58127166269912300
  0.58846133444903359  0.59699889881435897  0.60567855032890772  0.61409180674429520
  0.62203260249557391  0.62913936387455216  0.63625685369494944  0.64341120172960464
  0.65058009436177555  0.65863618113998368  0.66669426899080497  0.67496933655256197
  0.68302554493635526  0.69072796336158249  0.69873284233704969  0.70604652630569809
  0.71321704879120007  0.71944112466954779  0.72498352814716027  0.73053380533879553
  0.73703408353019251  0.74500848041909751  0.75429217721262543  0.76501854465980335
  0.77480778514680371  0.78363648304475186  0.79194918768847167  0.80041230916718697
  0.80911317688259543  0.81796792071072966  0.82694576517442953  0.83266931457995297
  0.83892294532832223  0.84596035637143641  0.85332460018896761  0.86179302634553800
  0.87820696086197680  0.90007167384977438  0.93126702896039570  1.00000000000000000
   1.6305575685515514E-008  -1.0000000000000000     
 F F F F F F F F F F F F F F F F F F F F F F F F F F F F F F F F F F F F F F F F F F F F F F F F F F F F F F F F F F F F F F F F F F F F F F F F F F F F F F F F F F F F F F F F F F F F F F F F F F F F F F F F F F F F F F F F F F F F F F F F F F F F F F F F
  <DiscreteSampler_grid>
  grouped_processes
  1 # 1 for a reference and 2 for a running grid.
  10 # Attribute 'min_bin_probing_points' of the grid.
  1 # Attribute 'grid_mode' of the grid. 1=='default',2=='initialization'
  0.0000000000000000 # Attribute 'small_contrib_threshold' of the grid.
  0.5000000000000000 # Attribute 'damping_power' of the grid.
 # binID   n_entries weight   weight_sqr   abs_weight
    10   10   1.854168544347527E+006   3.436325617818570E+013   1.854168544347527E+006
  </DiscreteSampler_grid>
