  0.00933264775664941  0.01643741312993749  0.02600776807666205  0.03745613726401971
  0.04785388977404714  0.05884117517501749  0.06937902181276451  0.08017845385310998
  0.09128054212863489  0.10214375594246816  0.11253451245675107  0.12269968110946405
  0.13373574214384243  0.14492078278553625  0.15556875452731578  0.16559153942576327
  0.17518121081417898  0.18488072568332162  0.19489470222036734  0.20411085474930893
  0.21337244413735593  0.22300794683087860  0.23206777438245368  0.24228800219697696
  0.25219848703090314  0.26235718321791579  0.27293892661755409  0.28342878145259903
  0.29377814641895705  0.30422861294028647  0.31465124901505559  0.32544534910275386
  0.33631665751368300  0.34708439776920774  0.35733388713475095  0.36704552638288557
  0.37675251708790169  0.38702187144616984  0.39737801634812003  0.40797045738894733
  0.41903725034852130  0.43011142403581915  0.44043608912738469  0.44977245916212272
  0.45910322308617324  0.46885922658863494  0.47959022788346301  0.49030808869349063
  0.50072186318983947  0.51143518157899326  0.52217471562965467  0.53259491349857946
  0.54253614238022108  0.55212647258927816  0.56198916418510769  0.57163420178355506
  0.58104521658403829  0.59073267066915125  0.60059564667751730  0.61085833347129637
  0.62109194078105423  0.63147949350377075  0.64231348531096255  0.65334952306002514
  0.66477014851768801  0.67630302388563879  0.68769960223692539  0.69886881107894505
  0.70951565276413775  0.72007780711916936  0.73089366749104256  0.74177372281777354
  0.75268695472152203  0.76310490054331226  0.77295858370073245  0.78277127413564307
  0.79255672380601205  0.80281421098515626  0.81364716972956097  0.82491459668388123
  0.83620212688659057  0.84780742082444693  0.85958398509298373  0.87110813032862600
  0.88236339250670770  0.89337338100948316  0.90504879328447019  0.91694834484721699
  0.92879952911542230  0.93996322058778303  0.95058651282712747  0.96092278018152111
  0.97165489230612001  0.98229690400193237  0.99127147493423706  1.00000000000000000
  0.00000239230830526  0.00000249062729974  0.00000259247876542  0.00000267393905167
  0.00000270828426386  0.00000276085607788  0.00000283035836777  0.00000291535690569
  0.00000300722852269  0.00000310018819127  0.00000321236906520  0.00000336091350791
  0.00000353349990937  0.00000372451504901  0.00000394164147809  0.00000418402994252
  0.00000444660474729  0.00000472935772123  0.00000503465795281  0.00000537129961238
  0.00000574852444843  0.00000615298872688  0.00000656888679849  0.00000700152172194
  0.00000742646664240  0.00000787415019553  0.00000836397751728  0.00000887914572362
  0.00000941095890073  0.00000996224569648  0.00001055603801183  0.00001119896380590
  0.00001190407499562  0.00001265564105500  0.00001343673000451  0.00001423024201749
  0.00001504842745067  0.00001590843814740  0.00001680338802533  0.00001772178729010
  0.00001866450123763  0.00001967599092048  0.00002074404034190  0.00002181075484515
  0.00002307344328464  0.00002441895357575  0.00002583616614167  0.00002731361241366
  0.00002881831519271  0.00003033791604559  0.00003191924322983  0.00003358485152588
  0.00003535711815785  0.00003728534008003  0.00003932585062494  0.00004143481462078
  0.00004380946055788  0.00004644182992188  0.00004919735743361  0.00005208683764201
  0.00005511865712792  0.00005839740180420  0.00006204728145369  0.00006600714881258
  0.00007017500840833  0.00007475091206211  0.00007950309313370  0.00008457339883620
  0.00009003115296271  0.00009595383534714  0.00010242061398198  0.00010929938234252
  0.00011668254294990  0.00012518303468425  0.00013498741602616  0.00014614590408120
  0.00015890068950227  0.00017370953341860  0.00019124654235736  0.00021209049426308
  0.00023647030504346  0.00026567366599499  0.00030216387229692  0.00034873682937503
  0.00040923412544532  0.00048816498665401  0.00058581154356504  0.00072501747187412
  0.00092969713708344  0.00124589403679832  0.00189022303445347  0.00311480086098573
  0.00693542855144388  0.01617868776739437  0.40409998631656951  1.00000000000000000
  0.00000234621089435  0.00000265241998397  0.00000292347118632  0.00000320212989988
  0.00000349335553676  0.00000379881687575  0.00000411054823935  0.00000442258341543
  0.00000473597024061  0.00000504777838010  0.00000540546505843  0.00000579020462491
  0.00000618821998968  0.00000660889483330  0.00000705159165624  0.00000749847443728
  0.00000796524601224  0.00000847287573205  0.00000900196357686  0.00000958061714875
  0.00001022321700836  0.00001088610734699  0.00001156112597933  0.00001224968667768
  0.00001294742293518  0.00001367442328264  0.00001443912662345  0.00001531365060011
  0.00001616812159923  0.00001705089394943  0.00001799232799362  0.00001896574515690
  0.00001996999851549  0.00002103247608201  0.00002214130139674  0.00002324582519679
  0.00002433700137825  0.00002548837631383  0.00002664296778010  0.00002787747606608
  0.00002915612216795  0.00003049389868487  0.00003189022040626  0.00003333846369618
  0.00003484081693885  0.00003643997330496  0.00003818256862252  0.00004001036795269
  0.00004191655090564  0.00004398061480948  0.00004597848464759  0.00004802852957151
  0.00005028338011466  0.00005263453538009  0.00005512410672662  0.00005794956616308
  0.00006099402127142  0.00006408545984328  0.00006736090033697  0.00007088879659564
  0.00007468820717777  0.00007878938287829  0.00008317784273169  0.00008814549999262
  0.00009352981068387  0.00009915584289734  0.00010499232151870  0.00011121538663702
  0.00011795988392430  0.00012532308430219  0.00013336406254646  0.00014214917970182
  0.00015192483340403  0.00016307352140165  0.00017596178846649  0.00019005943421440
  0.00020598954158276  0.00022427557339555  0.00024434280583293  0.00026749251481406
  0.00029380288107281  0.00032571378553687  0.00036581915912192  0.00041414639813590
  0.00047513169753218  0.00055293540666741  0.00065087009883403  0.00078649044977056
  0.00099769547204955  0.00135980249573557  0.00195544511685928  0.00315064347178962
  0.00617942915878007  0.01554294765784509  0.09667427250534584  1.00000000000000000
 -0.00287158759710744  0.01026205665300859  0.02066001506539265  0.03058045540543491
  0.04050364177874120  0.05122506108430878  0.06208918404136397  0.07326840110630201
  0.08458044813581610  0.09689850230332382  0.10885513546052202  0.12017007836693042
  0.13070497575937778  0.14101464127901223  0.15105948158639060  0.16120539880122997
  0.17161127709774845  0.18267441368750048  0.19468510309008133  0.20705764813912197
  0.21888131276917330  0.22970034545051971  0.24006645474320720  0.25031920185433965
  0.26083243004530232  0.27166116233345383  0.28249982195109846  0.29347164997374126
  0.30458151557962188  0.31565740241172874  0.32647344598761441  0.33663850502834963
  0.34649544428834467  0.35671399025487327  0.36709600334996850  0.37724772271309648
  0.38689854221706471  0.39646782087124777  0.40605381768627408  0.41541575725827184
  0.42472000975810575  0.43383130249267976  0.44330994829573500  0.45317415505999370
  0.46277303765827599  0.47267060920101223  0.48301142700706728  0.49384715014931346
  0.50515208251714550  0.51688765471051634  0.52809603127661320  0.53890533736385515
  0.54944207872894280  0.56018712583318186  0.57142830966541769  0.58240281197675137
  0.59270626187798192  0.60270829847766216  0.61256394273999926  0.62233378534632056
  0.63201230796121177  0.64168985077771556  0.65128515331557302  0.66098289916003850
  0.67086669925054154  0.68134563036929996  0.69183018263315710  0.70245020410436732
  0.71335726320392090  0.72487078671218930  0.73618650371074412  0.74748358354210265
  0.75887898298777101  0.77054001615918177  0.78221097835212583  0.79361190728213526
  0.80478298407554716  0.81552434940836438  0.82574775904019770  0.83564892408388425
  0.84531529284882134  0.85503954785247949  0.86469120971772417  0.87448249472574646
  0.88507768969730960  0.89633830515526980  0.90767466901614213  0.91915909128270434
  0.93061354247149597  0.94196214731783456  0.95271197099707483  0.96214790402409678
  0.97118346652626408  0.97995190722070113  0.98971707682787813  1.00000000000000000
 -0.00222293202422694  0.00876088262728162  0.01820726563256063  0.02910634696635048
  0.03941376649148243  0.04971788954356040  0.05975799257209514  0.07104813535130729
  0.08244956318142756  0.09307040188927189  0.10309050034220904  0.11310027600366634
  0.12304138517735345  0.13291201573734349  0.14265765695271498  0.15259948429064976
  0.16273310784082168  0.17251329318770539  0.18257366067543188  0.19247397614141779
  0.20267990018656251  0.21342144859689494  0.22425436322498737  0.23500195833426979
  0.24573357282333186  0.25696230460248354  0.26821437821705285  0.27878647824998581
  0.28870970863428896  0.29734517547652356  0.30547824663893919  0.31436619606363331
  0.32420179105638075  0.33473524381896314  0.34527600263226010  0.35576076112394633
  0.36661673592543359  0.37754654734636156  0.38846056516318400  0.39952323959747860
  0.41084341500965921  0.42210625229533671  0.43337754114649313  0.44475947098298196
  0.45621851482788223  0.46764819964000959  0.47888244213680115  0.48987303500753443
  0.50044796373396860  0.51026703518690475  0.51961427264888571  0.52904021649077682
  0.53947299787849845  0.55125067288582374  0.56339631686129865  0.57529940088468223
  0.58728776926242088  0.59902899565559997  0.61093029077490679  0.62269326247562340
  0.63430650524407661  0.64576794803886772  0.65629351489408150  0.66713729016638956
  0.67814255973384430  0.68901473169937544  0.69931962513864865  0.70940144304250230
  0.71942154031184147  0.72949709390841966  0.73979852401963786  0.75025437403942297
  0.76109952335378250  0.77186992557209466  0.78294536889412458  0.79413438155100025
  0.80538816730092233  0.81656554552666694  0.82742549820781641  0.83754419838284477
  0.84695746126406424  0.85659916818509974  0.86671271707089415  0.87709598265598587
  0.88707170398891866  0.89651356937606241  0.90604208845941914  0.91551692116515393
  0.92463779725482620  0.93359455977719341  0.94298339268983644  0.95392343474226393
  0.96477708091764047  0.97720228799437769  0.98859758690343047  1.00000000000000000
 -0.00274098086502384  0.01071283267857681  0.02206417425822053  0.03370288450273398
  0.04471007377088888  0.05563256453721024  0.06596514418768726  0.07579687845371247
  0.08509837289172915  0.09423965190661626  0.10223950562052543  0.11030008311259018
  0.11858177522145698  0.12780697396340940  0.13784476978727198  0.14843008035016386
  0.15951362130518953  0.17092731544289777  0.18204563474110996  0.19279036157343774
  0.20340105033683717  0.21425928258460414  0.22545226644331992  0.23630646900709287
  0.24666187724776406  0.25670887909799867  0.26693326047544963  0.27796912516398947
  0.28983785911380361  0.30165928185617685  0.31300146169680193  0.32448165705114651
  0.33646807725941108  0.34743817767843438  0.35910306258669511  0.37062361913588487
  0.38213098129687090  0.39337884529297362  0.40428318475984137  0.41469107067083333
  0.42547973224128743  0.43628791784269533  0.44747178814031496  0.45798708658531895
  0.46872342661024446  0.48026059678032734  0.49197157545224279  0.50338816380002693
  0.51436183792128498  0.52467206799416832  0.53539614229651833  0.54584596345854519
  0.55635425624884460  0.56737628366768467  0.57848523716849387  0.58934657291749304
  0.60012861943064522  0.61111951546073140  0.62199341645859096  0.63191901573573583
  0.64088833516502564  0.64974172562562460  0.65890483438452141  0.66904968179956581
  0.67983267004361836  0.69030328083499981  0.70052327379555823  0.71063508985421020
  0.72082537397384172  0.73097824830860869  0.74082563922728484  0.75059584731219875
  0.76013748417944760  0.76977499537739480  0.77996455796217179  0.79081511100651503
  0.80135879561873136  0.81114391934206953  0.82163329009928932  0.83316401299064891
  0.84537961656192706  0.85661312508011378  0.86664426077924750  0.87623242417915304
  0.88644221260333445  0.89746621933537629  0.90813185643123573  0.91818317320450638
  0.92812274828813746  0.93828178597059464  0.94776199104323711  0.95821325610139885
  0.96869213244580077  0.97920440605974912  0.98954460342998463  1.00000000000000000
  0.00003212247959101  0.00015320931585551  0.00049171537296650  0.00095722492901078
  0.00148076754498542  0.00190302977867705  0.00230761630598289  0.00275194022855122
  0.00321770601492942  0.00369693196522194  0.00419069441470232  0.00470040998811010
  0.00522756018566688  0.00575587771914293  0.00628543023064194  0.00681625029921879
  0.00734695318444248  0.00788014002160234  0.00842327060735299  0.00896674405354790
  0.00954284055381148  0.01013434839103087  0.01073428279234740  0.01135355930298726
  0.01197196402594719  0.01258079725750983  0.01319076880151425  0.01378621284857227
  0.01439753001508720  0.01501197994882675  0.01565095453010008  0.01631467789470040
  0.01700355059312645  0.01777611605676382  0.01855463247721063  0.01934352228356650
  0.02015353715540897  0.02096115818109195  0.02176468925711165  0.02259447894846960
  0.02344026838446564  0.02428248151585753  0.02513390452407960  0.02599483942473178
  0.02682569280133670  0.02758376888446064  0.02831046988740303  0.02904159439830926
  0.02979269712452496  0.03062835733487090  0.03153454344064564  0.03240532888733410
  0.03322197889784775  0.03406952412055892  0.03498197548278887  0.03584905862753608
  0.03674374812134536  0.03766135921151591  0.03860676144100070  0.03954417595620647
  0.04045292810083762  0.04137798838902427  0.04236927866095983  0.04346447988123103
  0.04463141890711671  0.04584526268353716  0.04708444572779933  0.04827865037738822
  0.04953857600112613  0.05091701906283500  0.05239566531858038  0.05387911936973497
  0.05522362107735380  0.05661870861963232  0.05809449759603771  0.05990821741618733
  0.06169677051347330  0.06363498868213519  0.06595102579656748  0.06841550631500046
  0.07103734225969047  0.07352136106540907  0.07573624854111174  0.07824601757976356
  0.08132628291748509  0.08586279772700431  0.09166856960189183  0.09724622516865412
  0.10218004916313717  0.10821915556703514  0.11501012119143071  0.12339757703167349
  0.13366085466874017  0.15729359226560724  0.36069427726006620  1.00000000000000000
 -0.00312816007592196  0.01170644052943073  0.02358522844226814  0.03603338529412765
  0.04865187471327331  0.06222977075326448  0.07485962336924151  0.08694465075883834
  0.09867655538103001  0.11001119442697668  0.12168384509174156  0.13451611621115273
  0.14799698747194703  0.16125282359747897  0.17454367770316534  0.18805103940247567
  0.20156838225190080  0.21467529642670122  0.22730990639733950  0.23932648969735423
  0.25092033158342258  0.26231783759837590  0.27330516880731970  0.28377801984028561
  0.29422570191379988  0.30484488115563851  0.31523508441920667  0.32529478830186848
  0.33568799403005845  0.34638276532050755  0.35681666696984576  0.36696450510914247
  0.37730098125550399  0.38817566750452859  0.39902643651812097  0.40953368991158806
  0.41960007454566173  0.42880413845465959  0.43754064532971365  0.44625695143041133
  0.45567601963922932  0.46559960099298842  0.47550052581439728  0.48534931453225100
  0.49518743814619282  0.50476044842187406  0.51415279927967583  0.52371545299742805
  0.53321416262598942  0.54202958645731314  0.55033268626951359  0.55866524930533679
  0.56761770166289316  0.57703094736316440  0.58655545497342143  0.59618612544285254
  0.60588735776700819  0.61557490952595728  0.62526416795336592  0.63512715873122150
  0.64522613447028332  0.65513223300681378  0.66457921510610773  0.67369185986277180
  0.68236307273440433  0.69167393716848558  0.70128295003179764  0.71132083478523644
  0.72110634422918896  0.73051278584827617  0.74033216804407975  0.75028888503805313
  0.76010337123794969  0.77012180994005341  0.77973222978097145  0.79001920913588830
  0.80033135406166678  0.81055327489713513  0.82077549241082526  0.83073925768505319
  0.84095451292020207  0.85119351046730318  0.86160480538535733  0.87230294593600699
  0.88220301530339262  0.89198949574151642  0.90250756116198783  0.91335917966223368
  0.92405521451860795  0.93495289251728975  0.94636702292585584  0.95771728019528746
  0.96859868834866281  0.97944767131563937  0.98994568785302639  1.00000000000000000
  0.06429300032518208  0.21516741686472457  0.32772693011680970  0.41142941419153656
  0.47378497715755985  0.52462314173797642  0.56564200311524271  0.60065127895999104
  0.63198460382784771  0.65939667205105779  0.68341083644510536  0.70478590430244481
  0.72414501003415488  0.74176907929994851  0.75784379881400454  0.77245268673484291
  0.78584608649146459  0.79798765077789169  0.80920921103195242  0.81970904916767517
  0.82962225286495839  0.83898395903783696  0.84778104847440694  0.85613414033922541
  0.86376993035429173  0.87083813474753358  0.87737678738954750  0.88345798575572865
  0.88922425465280042  0.89464149217982580  0.89964736315307448  0.90428382220044423
  0.90871291394425224  0.91297761121681698  0.91695220358534180  0.92071580849512469
  0.92426427909054798  0.92762998875388469  0.93095611227824560  0.93415409020853701
  0.93711251232297266  0.93981925474131511  0.94236112226373225  0.94480572117830497
  0.94715683171850007  0.94941929826406424  0.95162366556572509  0.95383115608655833
  0.95604783440340113  0.95806323595030074  0.95987368848460286  0.96152828060408280
  0.96311493007546056  0.96467234926471035  0.96613980585724546  0.96756054099649103
  0.96890899527505925  0.97026620753466342  0.97158577762113485  0.97283979937947807
  0.97404079339457961  0.97519687776052955  0.97630410808947032  0.97736871566086814
  0.97839857050302603  0.97939517371919682  0.98038016606669243  0.98133645029556993
  0.98224295899476621  0.98313510187211473  0.98401124372950965  0.98487870646406828
  0.98573390779595960  0.98655997734910483  0.98733901185229878  0.98809226797391692
  0.98880900142173134  0.98949807029826287  0.99016618249523902  0.99080692680465865
  0.99139083265126826  0.99196157828620357  0.99252042869671520  0.99307588267127422
  0.99362230293177789  0.99414724473322336  0.99466118217422728  0.99515638141838991
  0.99565113285639184  0.99614895693215100  0.99664821701558470  0.99718679318335746
  0.99777169311456615  0.99842030213877997  0.99916387354770853  1.00000000000000000
 -0.02183841927160632  0.10718782708552159  0.14748698675730218  0.17325991140394822
  0.19378435360089780  0.21179975834968814  0.22773026082645387  0.24196240708915834
  0.25505925546376124  0.26719485862099857  0.27804838356408940  0.28840405683948128
  0.29764033045830779  0.30580829784930408  0.31391472898750117  0.32219987754798896
  0.33124579786199582  0.34026110197395176  0.34906548402593685  0.35730175886304816
  0.36508354386050867  0.37253781286010063  0.37944893731321633  0.38605353993180808
  0.39266713849405244  0.39946663342047989  0.40642309866418391  0.41338654740161856
  0.41992812921552353  0.42618265113318116  0.43225878401088147  0.43840571805659379
  0.44492561542738995  0.45145831916344342  0.45819314744094369  0.46494721037033604
  0.47157665580946340  0.47845119608983061  0.48527560103358536  0.49203497563268322
  0.49871116068770149  0.50511733790407209  0.51110330640562640  0.51797775138210145
  0.52414997670860908  0.52985772603527836  0.53571374846037689  0.54174231378038906
  0.54786840878842746  0.55397258529129423  0.56005782539958926  0.56610048577499339
  0.57229505114290291  0.57875083100313129  0.58523223576765915  0.59183841061849973
  0.59826942370116631  0.60447410772392152  0.61027530516322293  0.61606329298774110
  0.62217637058803477  0.62831386965016700  0.63415328676777849  0.63986809364814534
  0.64558900974174149  0.65142766111931660  0.65747741105114921  0.66336317271872980
  0.66910219785499547  0.67490737932434930  0.68098285117060753  0.68729099438473551
  0.69374644633897053  0.70021979115367416  0.70666622190891204  0.71316365770278001
  0.71968011262744347  0.72612350230832945  0.73249546402303056  0.73910968402061394
  0.74617449358397747  0.75358409017559813  0.76090613103057170  0.76801911235090004
  0.77540825639896871  0.78340508184671698  0.79236404228453061  0.80230626799830074
  0.81252346632838457  0.82377853919118327  0.83617772487349284  0.85027805642212895
  0.86663072619600268  0.88708664539689031  0.92020581554701653  1.00000000000000000
   1.2209693887030633E-009  -1.0000000000000000     
 F F F F F F F F F F F F F F F F F F F F F F F F F F F F F F F F F F F F F F F F F F F F F F F F F F F F F F F F F F F F F F F F F F F F F F F F F F F F F F F F F F F F F F F F F F F F F F F F F F F F F F F F F F F F F F F F F F F F F F F F F F F F F F F F
  <DiscreteSampler_grid>
  grouped_processes
  1 # 1 for a reference and 2 for a running grid.
  10 # Attribute 'min_bin_probing_points' of the grid.
  1 # Attribute 'grid_mode' of the grid. 1=='default',2=='initialization'
  0.0000000000000000 # Attribute 'small_contrib_threshold' of the grid.
  0.5000000000000000 # Attribute 'damping_power' of the grid.
 # binID   n_entries weight   weight_sqr   abs_weight
    10   10   2.866817596541171E+002   2.178896192601672E+005   2.866817596541171E+002
  </DiscreteSampler_grid>
