  0.00967532156531351  0.01583931358352974  0.02566202782923571  0.03689616844824248
  0.04830040275472215  0.05936559781210902  0.07020983804884912  0.08121069418369421
  0.09190438467660582  0.10270241415566427  0.11349251418299339  0.12440006779200319
  0.13568875580908418  0.14654399272428034  0.15607632060479734  0.16499647000374509
  0.17406565598928472  0.18322753113219559  0.19226006101828058  0.20118179046059106
  0.20991017243668447  0.21856909691146847  0.22752416220202318  0.23706471243672814
  0.24699161751154353  0.25715130466226677  0.26725534819280106  0.27748473163216214
  0.28749477736935525  0.29835586514974843  0.30928654404698541  0.32018686936876584
  0.33106085891739956  0.34165311242523433  0.35238510157762098  0.36309229506918794
  0.37428397177316247  0.38530480490704888  0.39618360873510916  0.40684901795807388
  0.41733256513366840  0.42782287431423682  0.43791886815883446  0.44783656677233108
  0.45780798057955802  0.46834388890642981  0.47935863221537239  0.49070829290965645
  0.50203348442565809  0.51305748813766916  0.52351001521920160  0.53357686984861219
  0.54294707780863605  0.55376771291839999  0.56427534851305461  0.57484458006093397
  0.58555039225180261  0.59596279951317654  0.60650645264837899  0.61665280485191709
  0.62749889380356139  0.63824409504664470  0.64921989317755135  0.66001604853526175
  0.67116701411152546  0.68236785844197789  0.69310600605285377  0.70410714545026731
  0.71496706941562016  0.72622012953755233  0.73784761534573673  0.74961993799235482
  0.76152761531470436  0.77299684514844347  0.78346768806199907  0.79342267910279718
  0.80284233546193284  0.81162572608723960  0.82038105974891640  0.82962289658310895
  0.84017471127063159  0.85103935428729882  0.86217812102624791  0.87343962943325826
  0.88469708100565980  0.89584269612776046  0.90705531812482221  0.91812341703440559
  0.92916670709410343  0.94014761677844827  0.95117223148411556  0.96226260992928170
  0.97363743316045381  0.98351963702563505  0.99202476262171901  1.00000000000000000
  0.00000268255595435  0.00000280218314058  0.00000289987589260  0.00000299996718781
  0.00000310458916408  0.00000322620530018  0.00000335439524637  0.00000348641937359
  0.00000362460097534  0.00000377473221061  0.00000395048417993  0.00000415685405757
  0.00000439542726863  0.00000466862447576  0.00000496790030842  0.00000528310694420
  0.00000562469151993  0.00000596520871710  0.00000633830245800  0.00000671092305100
  0.00000709380071270  0.00000749389699013  0.00000791768486228  0.00000837315647850
  0.00000887197215863  0.00000940231829171  0.00000993760660528  0.00001049196051322
  0.00001110847841014  0.00001172641760784  0.00001237747328322  0.00001307193828830
  0.00001378225870291  0.00001451752389430  0.00001535303166209  0.00001619192577584
  0.00001709031551357  0.00001809477327588  0.00001918445029250  0.00002033460890560
  0.00002153030695462  0.00002279728629042  0.00002410429464082  0.00002544253840935
  0.00002686860042970  0.00002837821528573  0.00002989753027996  0.00003143438104850
  0.00003304673012744  0.00003467379860751  0.00003641123342646  0.00003843950015092
  0.00004061070588332  0.00004286655616118  0.00004521608328306  0.00004768782500303
  0.00005029094551967  0.00005298813162051  0.00005574000679762  0.00005872939733035
  0.00006193053888794  0.00006543584828803  0.00006920420124060  0.00007307745066741
  0.00007715611241769  0.00008157661562179  0.00008631074752226  0.00009136317403112
  0.00009671905544444  0.00010267138529013  0.00010989355880857  0.00011827149426919
  0.00012733730728282  0.00013745677962458  0.00014900967451786  0.00016208455065097
  0.00017677644090752  0.00019344448444660  0.00021231251856022  0.00023387440872066
  0.00025840453603029  0.00028698702732857  0.00032078063448063  0.00036369477910419
  0.00042404788813331  0.00050708039519154  0.00060722205141034  0.00073984057717076
  0.00094100071078490  0.00128644204731364  0.00188432604271325  0.00310963993774199
  0.00595136967267631  0.01663605952731256  0.40482880837700264  1.00000000000000000
  0.00000233635980102  0.00000263963394580  0.00000289701538682  0.00000316000532265
  0.00000344386327904  0.00000375272810741  0.00000408543017585  0.00000443159727489
  0.00000479826371159  0.00000520290734850  0.00000564555901814  0.00000610121711244
  0.00000655392504397  0.00000703517452046  0.00000752996070876  0.00000803596572437
  0.00000856429634011  0.00000911392709719  0.00000968544508110  0.00001027523459724
  0.00001084973652460  0.00001143219592339  0.00001204999072100  0.00001271358881409
  0.00001340952846444  0.00001413771643473  0.00001492950806479  0.00001574850487752
  0.00001662101344413  0.00001749140939369  0.00001833518096958  0.00001919412013825
  0.00002006327425783  0.00002096789834272  0.00002190531547379  0.00002292924998971
  0.00002400434832717  0.00002518216859662  0.00002643350215218  0.00002776709059168
  0.00002917610551529  0.00003062420040873  0.00003207889163638  0.00003359007044198
  0.00003517725453898  0.00003701086744846  0.00003886623150658  0.00004079591634736
  0.00004284275493238  0.00004497644332819  0.00004715911789034  0.00004942073680640
  0.00005190598938620  0.00005456287572988  0.00005738349192912  0.00006033402887394
  0.00006340308114087  0.00006658790499145  0.00006994478864566  0.00007352517529926
  0.00007732641834284  0.00008134794317450  0.00008562922707503  0.00009030908324251
  0.00009541925867849  0.00010081362098633  0.00010684312069061  0.00011322386229904
  0.00011981043042827  0.00012706057314862  0.00013504392394784  0.00014391503471736
  0.00015463911570331  0.00016699423337426  0.00018060967397659  0.00019598243631160
  0.00021439716809806  0.00023487570098371  0.00025769443389367  0.00028315191576264
  0.00031197514197581  0.00034561026207050  0.00039010795454972  0.00044079454512498
  0.00050340781114133  0.00058550795030858  0.00068838992930720  0.00083601693837048
  0.00107868718983004  0.00149734875079956  0.00214984655763778  0.00349537644128336
  0.00695883753611998  0.01991954901792278  0.11098142573524099  1.00000000000000000
 -0.00273466773206048  0.00980634718857167  0.02048638511980552  0.03148366593215154
  0.04281632840234539  0.05402459673486613  0.06472802792613566  0.07510723250789024
  0.08564981905575419  0.09670946170569372  0.10806929933315890  0.11953139096650861
  0.13058998892846416  0.14081092233503145  0.15050827686381119  0.16024977469443194
  0.17041279053997457  0.18086109724230248  0.19111546221905143  0.20111523918800614
  0.21097776468353271  0.22093285511918354  0.23135154837383631  0.24231420024826117
  0.25344280198427144  0.26463960542708215  0.27577361559719105  0.28619241405689655
  0.29546240998213358  0.30418077051911713  0.31315195824684544  0.32247011600556491
  0.33119986642287480  0.34101156192560506  0.35088599881155580  0.36205252935538174
  0.37370317832215205  0.38464508620551247  0.39539351707233700  0.40633250184124575
  0.41800164685982616  0.42967832205723233  0.44102392474250174  0.45247796331404594
  0.46305572391545974  0.47346576158842518  0.48327104620632322  0.49332001822752347
  0.50373883240736006  0.51461190551267244  0.52428713152839435  0.53401592156374489
  0.54348849790237630  0.55352172018878565  0.56411592454813286  0.57455967992016455
  0.58411517263208923  0.59388646943747836  0.60388272072472138  0.61506691124048596
  0.62541106804698909  0.63497690056102885  0.64473799350769856  0.65514988525851547
  0.66629152752925913  0.67740852882096247  0.68878176682638625  0.70046467345873364
  0.71227681506004081  0.72363377634642234  0.73412166177663651  0.74399202282105559
  0.75384868244728409  0.76418385266868361  0.77495179477317944  0.78576502379629398
  0.79639973645670215  0.80719386297672135  0.81794164351469290  0.82844507982973370
  0.83873871583888304  0.84823457487364284  0.85827352357648545  0.86865050804771515
  0.87966581188316328  0.89099900524875719  0.90214498409454036  0.91327987316043091
  0.92474849892806221  0.93629508403007422  0.94774379643701123  0.95877599108301448
  0.96940087380780149  0.97959606198071170  0.98998937290222355  1.00000000000000000
 -0.00204580856422499  0.00824315304693021  0.01817761663962555  0.02809921559166347
  0.03861088290275057  0.04944589000717091  0.05989926046714706  0.07048140358116134
  0.08054773101311624  0.09048932304798857  0.10015033418763730  0.11013058869465411
  0.12068090789125453  0.13109105063109652  0.14182160668079144  0.15249070358541844
  0.16325139226051694  0.17306229319950331  0.18303034206947594  0.19327723509866551
  0.20383126685842501  0.21419023936022658  0.22472092526566503  0.23564543629193341
  0.24729192620466392  0.25928679320549819  0.27141787791200334  0.28316588052593528
  0.29490526563558750  0.30646368828132026  0.31799629692641551  0.32840794390686040
  0.33913643281624856  0.34965221185266770  0.35974194163263878  0.36955575308911065
  0.37960090069949526  0.38983217308221302  0.40078492643100394  0.41192898685929757
  0.42270331610043255  0.43288426585336881  0.44243828440538741  0.45218178371516160
  0.46319369840878766  0.47430944149137311  0.48515786615240614  0.49532999306143505
  0.50489049277994746  0.51473015688142498  0.52470132299315397  0.53503304900599125
  0.54603370286088493  0.55661820951233076  0.56720033619279242  0.57775733258659190
  0.58828575263236649  0.59851596838023202  0.60956030432065622  0.61995702641681738
  0.62943006658359801  0.63846107948509934  0.64765354038282030  0.65726381719974303
  0.66691658505343132  0.67678272762801062  0.68766202868794013  0.69773725697595412
  0.70761166311614898  0.71749728271201163  0.72733047371513126  0.73714269917200348
  0.74687681738287881  0.75666535503841104  0.76686737402244087  0.77752234630102501
  0.78858833861119471  0.79940353392593499  0.81046084280788899  0.82186530162808091
  0.83302727011122857  0.84387871112324142  0.85431525081620163  0.86427169331674591
  0.87435611779839972  0.88519476460088120  0.89688262006232777  0.90855664426792737
  0.91979326861407362  0.93098533606865463  0.94218293191386415  0.95363748910155033
  0.96584683040251285  0.97773815233872297  0.98915207157736951  1.00000000000000000
 -0.00300958812947933  0.01080932965505465  0.02123474962452720  0.03013472524398937
  0.03965082964288567  0.05017449237508489  0.06063213494610027  0.07032878601222206
  0.07966308155557120  0.09006723879827495  0.10122457480508792  0.11095901679200063
  0.12087026085202152  0.13071703744425758  0.14098525349405525  0.15155276882564406
  0.16153147977129845  0.17129178495273997  0.18129355466004485  0.19170734879768775
  0.20266385027172948  0.21375841442140214  0.22505055274534869  0.23624306226537170
  0.24715138108955856  0.25761309091914164  0.26813455691873250  0.27868662291238622
  0.28972261429466506  0.30074615239572322  0.31216210668092104  0.32334653163948340
  0.33379641984323777  0.34429348991886843  0.35423585187559170  0.36546010764137543
  0.37484934229900224  0.38469485688256522  0.39429102855250320  0.40462586400403772
  0.41570884916155926  0.42644977920828414  0.43676147718904107  0.44732623758782319
  0.45821621769116916  0.46890879922237988  0.47971357052208929  0.49078915582840515
  0.50234157486076303  0.51278026854423908  0.52328113365339957  0.53275973990858949
  0.54245416208707753  0.55213966633615474  0.56259121371002596  0.57356447572461067
  0.58485252857771386  0.59652184456247770  0.60816223653277079  0.61949219409683975
  0.63084861358815891  0.64234951164305920  0.65319277324828551  0.66248921287283480
  0.67200442419909812  0.68180080727005876  0.69236327859161384  0.70295288408298695
  0.71329450135202510  0.72333028609262906  0.73340647670801040  0.74377329846396512
  0.75437709740774450  0.76510212789484144  0.77571088784841857  0.78669086684132217
  0.79767609021577557  0.80830984683634888  0.81891077898654219  0.82997293394813931
  0.84153480074115850  0.85317559694819445  0.86423002180557751  0.87513449044194547
  0.88548701801479412  0.89596837764234005  0.90596518850385210  0.91630766387665030
  0.92643314214278516  0.93694646563647632  0.94726477814577914  0.95726514162232312
  0.96737692945467002  0.97803555420566846  0.98901669737191988  1.00000000000000000
  0.00000562198869181  0.00020261061988333  0.00052706569865347  0.00095708324656609
  0.00148879007911880  0.00195155761024991  0.00236750827355015  0.00280901941473103
  0.00326347608118244  0.00372249498312432  0.00418442996680435  0.00465043829600268
  0.00512631931160144  0.00560618893209726  0.00609255161872813  0.00658368466336830
  0.00707609008431882  0.00757340909323892  0.00807510600252383  0.00858133344239700
  0.00909605480683967  0.00961847352965860  0.01015208829747155  0.01070275500216468
  0.01127139425907613  0.01185700774592605  0.01244244274994000  0.01302309415170099
  0.01362312366372584  0.01422690191956725  0.01483531149786588  0.01545136187555432
  0.01607581442482031  0.01671224299806323  0.01737994684443969  0.01808568053739594
  0.01881803866019134  0.01957876079171686  0.02035072459791206  0.02116632466853637
  0.02202912073184217  0.02281623967458321  0.02363099901318227  0.02443033887465093
  0.02523829751404339  0.02605391259521761  0.02690045923192552  0.02777927572601428
  0.02867345721179776  0.02961604752975648  0.03059052047105864  0.03170311692858511
  0.03282451272459754  0.03390278606537351  0.03489175473641242  0.03591432572278643
  0.03698135075788258  0.03815860735799313  0.03937636543371867  0.04066423772098467
  0.04204403915530512  0.04350760820274575  0.04499517476854716  0.04643762003720865
  0.04797319423450497  0.04948544238533487  0.05094559400435543  0.05236101150979845
  0.05383125104686078  0.05534268568497238  0.05695749469387080  0.05874957918079046
  0.06065935262256580  0.06276011434435333  0.06512076423977581  0.06771221961167520
  0.07019301838530062  0.07249573019786526  0.07469229544967339  0.07702596965948834
  0.07988298103485246  0.08316973290731260  0.08663482077841814  0.09050642944934689
  0.09478684632777810  0.09885838073042116  0.10253858693248848  0.10625505323617547
  0.11135433155792578  0.11747168241019228  0.12469020612148668  0.13451201219173267
  0.14598732377866061  0.16822422317331875  0.89755784057973176  1.00000000000000000
 -0.00202262576858641  0.00886749507160423  0.01920483268044432  0.02944195533229185
  0.04048080754731603  0.05261210909739217  0.06488413815408069  0.07744812933762309
  0.08985969030973420  0.10279473330371210  0.11572090374855476  0.12808636898526554
  0.13930430928971327  0.15042048197662167  0.16152616231466449  0.17273106821719489
  0.18435990932463495  0.19699058951471177  0.21008294316024914  0.22250190182482732
  0.23420255698341225  0.24589407928134660  0.25747020975425444  0.26910097571256425
  0.28079977167150699  0.29227429008290712  0.30359553951473589  0.31451258632285417
  0.32529311854502946  0.33607725362192037  0.34562604900370314  0.35490451353120850
  0.36399397373172743  0.37356028965941557  0.38353320912586747  0.39322013423595181
  0.40310117766770714  0.41344674826761557  0.42385498749570438  0.43435203027900238
  0.44488694425816988  0.45469507616499949  0.46357189020653894  0.47243735923940527
  0.48110681696655544  0.49054649060901512  0.50100492716626066  0.51123355978634621
  0.52112046791927158  0.53069891637703814  0.53999727455800006  0.54887527220763055
  0.55767932972629364  0.56679017436648238  0.57673394039405346  0.58684062267217207
  0.59636248985052454  0.60523501716383055  0.61398796209285411  0.62283286844358743
  0.63217673833147403  0.64227033414785673  0.65303039431106835  0.66397373581274344
  0.67453232508169036  0.68482261097196662  0.69516891034574624  0.70497776525207978
  0.71456798954242307  0.72387766561219269  0.73382991626970862  0.74434456598892029
  0.75526670900195259  0.76612810054531522  0.77693289280465239  0.78772976292781560
  0.79840642547105856  0.80888983239471357  0.81958237109418630  0.83053599692122648
  0.84108894748482688  0.85103279008281729  0.86121327647837176  0.87175580796003960
  0.88303555594973082  0.89463196424958114  0.90595548989395702  0.91665390630404708
  0.92670340296027143  0.93653445910282984  0.94674714255188552  0.95700083512231648
  0.96760901488869255  0.97847594233757440  0.98927359262845838  1.00000000000000000
  0.03366235166109443  0.21224188179906406  0.32468244930343937  0.40617473247810459
  0.46735839473700258  0.51975398380547000  0.56241475362792726  0.59837273099896782
  0.62978812834186437  0.65718388119513127  0.68108697778945448  0.70271234313015618
  0.72234525110421532  0.73993947601415033  0.75585815802023526  0.77032889877518107
  0.78355071056234249  0.79578862218922986  0.80724053036662058  0.81796474768775196
  0.82799667154309908  0.83751320902045800  0.84626343850986552  0.85421915347845379
  0.86149683662478349  0.86833079297932736  0.87482144814795071  0.88090081827511513
  0.88662497784417527  0.89211490754783762  0.89709983226852563  0.90160839170110862
  0.90598469899387435  0.91020979530890656  0.91433750000309144  0.91810429386179315
  0.92155232560994149  0.92492851562369494  0.92819186219651362  0.93137533349243651
  0.93445498777366742  0.93738752821862315  0.93995468296344997  0.94243078208707887
  0.94483413172366693  0.94717772589986482  0.94941163769219306  0.95153578563020180
  0.95360735663722940  0.95564446666709002  0.95765822866767725  0.95953033636125318
  0.96128547717658497  0.96297712741523567  0.96461430966980355  0.96619336827580560
  0.96770751061963167  0.96913046109993417  0.97047367544783203  0.97178066624124115
  0.97306657784772910  0.97433950983986417  0.97559372235965736  0.97681070387161850
  0.97799625405961288  0.97913143147165305  0.98018348260574639  0.98117417186683709
  0.98209326373003836  0.98294607534631018  0.98376827455213300  0.98458116977623633
  0.98539282642358428  0.98617399716800824  0.98690472492997361  0.98763428152251065
  0.98837197130599141  0.98910709932327989  0.98983970430769419  0.99053657170597587
  0.99118148534104278  0.99180298597000283  0.99241979875317432  0.99301120920343400
  0.99358718891472908  0.99415495578386304  0.99470598031021462  0.99524741463841881
  0.99577159967763285  0.99628371299913243  0.99679042807354157  0.99730384052308063
  0.99785527267744734  0.99846867995115085  0.99918850096718204  1.00000000000000000
 -0.02244860524885956  0.10809722673402168  0.14598464756969592  0.17143517153673693
  0.19234040821870105  0.20927891397400905  0.22256892410976070  0.23428079379043953
  0.24523473430164691  0.25750958135983615  0.26917537728937219  0.28004060320817958
  0.29020292106696050  0.30005735012678658  0.30968876176796456  0.31916498963356477
  0.32843537672402578  0.33740119671217039  0.34632869986577225  0.35464609583914114
  0.36250391822536215  0.37000540275209970  0.37727296104103725  0.38443020550858620
  0.39156014899540176  0.39850947996230079  0.40527005720930886  0.41191168948051610
  0.41874401265150624  0.42548028696463425  0.43215276957317983  0.43868777656751501
  0.44474709516293581  0.45133800561150611  0.45789053207495262  0.46461825599495837
  0.47089900174605842  0.47733777318689469  0.48345897540430310  0.48978460635029059
  0.49603801567396094  0.50251724481372773  0.50922445030882235  0.51573591091325788
  0.52185942388819895  0.52773022032585304  0.53341725306631826  0.53902157651248006
  0.54494474937797643  0.55142940056101941  0.55776037470547191  0.56428920043300890
  0.57036426856436662  0.57629005385984622  0.58225239467786727  0.58839781077711506
  0.59461708974664973  0.60071845932847745  0.60683047210940000  0.61297810139275466
  0.61903003845984728  0.62504567824494017  0.63103999707198910  0.63698243954065170
  0.64308425277013448  0.64943765089303251  0.65579062918157860  0.66200816010195207
  0.66826069532072108  0.67431133018993872  0.68018650896773791  0.68602073851081347
  0.69196215914154491  0.69823687280203672  0.70494069981106289  0.71178202232569210
  0.71883777315217856  0.72597787928430502  0.73304601338568187  0.74011439432792159
  0.74711559057991550  0.75433108853908537  0.76203941044576928  0.77013051583708114
  0.77875863195702377  0.78810611604330827  0.79794015576664701  0.80787437164704867
  0.81797501343571777  0.82865057022775790  0.84116384399559219  0.85523038656162709
  0.87087130213504771  0.89004782964958395  0.92103171536067208  1.00000000000000000
   1.2102739905111184E-009  -1.0000000000000000     
 F F F F F F F F F F F F F F F F F F F F F F F F F F F F F F F F F F F F F F F F F F F F F F F F F F F F F F F F F F F F F F F F F F F F F F F F F F F F F F F F F F F F F F F F F F F F F F F F F F F F F F F F F F F F F F F F F F F F F F F F F F F F F F F F
  <DiscreteSampler_grid>
  grouped_processes
  1 # 1 for a reference and 2 for a running grid.
  10 # Attribute 'min_bin_probing_points' of the grid.
  1 # Attribute 'grid_mode' of the grid. 1=='default',2=='initialization'
  0.0000000000000000 # Attribute 'small_contrib_threshold' of the grid.
  0.5000000000000000 # Attribute 'damping_power' of the grid.
 # binID   n_entries weight   weight_sqr   abs_weight
    10   10   6.952326188725511E+002   1.500067025964128E+006   6.952326188725511E+002
  </DiscreteSampler_grid>
