  0.00920062892048051  0.01626551842186341  0.02705495801622579  0.03821959434552866
  0.04941507771400307  0.05991382676235570  0.06919304683195324  0.07823890841204112
  0.08755730690367658  0.09750179822865403  0.10808994519381093  0.11939025828590769
  0.12951672305190703  0.13974745209526493  0.15015227653990387  0.16056903268254372
  0.16979108745191920  0.17779855667789513  0.18593705617778195  0.19576256507513987
  0.20697276506395226  0.21856400496158110  0.23001917975104308  0.24091293559982202
  0.25108804176221294  0.26071746635286197  0.27050141538601069  0.28082947006834130
  0.29115783068381307  0.30133203144789772  0.31165040944730932  0.32222291624532345
  0.33267959437412808  0.34289238015246881  0.35276145714609158  0.36263912905348822
  0.37277396754347125  0.38285592348040898  0.39303502190596185  0.40317289805334255
  0.41318212059311937  0.42330983673309935  0.43344067312260542  0.44338580741485700
  0.45340695492357558  0.46353637031977080  0.47375098836516727  0.48420707483226055
  0.49493094633008144  0.50593568725471927  0.51680639857114408  0.52754601130032164
  0.53825824052792914  0.54927014651963946  0.56056106726535049  0.57176748619528572
  0.58268522477429430  0.59300068823954577  0.60271670761663154  0.61198161225643155
  0.62090148930431577  0.62992024946143366  0.63931099301653260  0.64931293931553136
  0.66023640514592219  0.67137503010785160  0.68266149552849853  0.69431660429037656
  0.70628289213580564  0.71830595048400359  0.73000654238505513  0.74117207084375913
  0.75171099755763426  0.76170942722673340  0.77179675509191303  0.78197742490134681
  0.79201773528984876  0.80175703949081845  0.81204380115711794  0.82300882304425382
  0.83401665207705244  0.84493947279080461  0.85595464543108568  0.86699010224455209
  0.87771709453333246  0.88813388841521035  0.89866808001797227  0.90949451768035694
  0.92088558143328714  0.93212061292506843  0.94320180114029462  0.95385044877798708
  0.96498102891136961  0.97668740836139090  0.98814603138143875  1.00000000000000000
  0.00000278650738696  0.00000294153677043  0.00000305761446333  0.00000318716607563
  0.00000333738911369  0.00000349799808632  0.00000365974566638  0.00000384244959377
  0.00000403199322996  0.00000422965879691  0.00000445517482208  0.00000470589303822
  0.00000497346613886  0.00000526622376334  0.00000557462419410  0.00000589000054668
  0.00000624408301750  0.00000662635002285  0.00000702071168517  0.00000742462900892
  0.00000783693703311  0.00000826975009081  0.00000871366064857  0.00000919110201161
  0.00000975753617441  0.00001036214939287  0.00001098780170600  0.00001163473377228
  0.00001229517614628  0.00001298546421785  0.00001372304284280  0.00001451885079090
  0.00001534208019863  0.00001619797860412  0.00001710263891454  0.00001803675568916
  0.00001899745921109  0.00002000394006972  0.00002108583642978  0.00002217814562289
  0.00002338125568670  0.00002466368800214  0.00002600736845868  0.00002742559393735
  0.00002891248363448  0.00003044774177584  0.00003209076126950  0.00003373959588253
  0.00003544397669946  0.00003722191953843  0.00003909124547228  0.00004108398437855
  0.00004324787158779  0.00004553298580855  0.00004800782164489  0.00005067230832768
  0.00005351557376721  0.00005654982806947  0.00005976470647309  0.00006320342172548
  0.00006702046007071  0.00007122382315184  0.00007547042521877  0.00008021857857084
  0.00008535796082255  0.00009095909232796  0.00009720466204178  0.00010422188710026
  0.00011172230931833  0.00011979005235297  0.00012882380165565  0.00013806470195080
  0.00014768490357433  0.00015848137181600  0.00017004660236318  0.00018394996993366
  0.00020125007609182  0.00022087468908166  0.00024246804296508  0.00026713523167446
  0.00029753612224143  0.00033301308695336  0.00037592892701412  0.00043026670060432
  0.00050379164841632  0.00060153245225621  0.00073253923291889  0.00092110870044640
  0.00121295360377142  0.00168161811604531  0.00254978298729821  0.00428878130922297
  0.00801360929538151  0.02792606888251553  0.38621355478327790  1.00000000000000000
  0.00000235191079239  0.00000260881446265  0.00000285046967812  0.00000308324937370
  0.00000336077071753  0.00000365492652197  0.00000396555746350  0.00000430287989194
  0.00000468249382705  0.00000509353122804  0.00000550052616453  0.00000591169852949
  0.00000637248472546  0.00000685782322630  0.00000735525200309  0.00000788106496320
  0.00000844133294268  0.00000902770372542  0.00000962223003370  0.00001021581659886
  0.00001082477418708  0.00001147579955427  0.00001216373776287  0.00001287203911711
  0.00001361423998284  0.00001437774268318  0.00001519882011690  0.00001605015044885
  0.00001692314951034  0.00001784891885602  0.00001875501909776  0.00001965855254383
  0.00002065858084323  0.00002169407125047  0.00002270980396659  0.00002381199825992
  0.00002502286961362  0.00002630192228947  0.00002762786272617  0.00002899270276336
  0.00003030664182213  0.00003166715947139  0.00003308377572877  0.00003456552646157
  0.00003617211238405  0.00003792721134465  0.00003982714136685  0.00004186324685400
  0.00004397914914892  0.00004609329028822  0.00004840317410913  0.00005087907610795
  0.00005344675914044  0.00005602647197019  0.00005861964246125  0.00006126928766928
  0.00006394784948638  0.00006674622339160  0.00006994421123047  0.00007358712967225
  0.00007774977775084  0.00008239534276581  0.00008731382064041  0.00009262264844085
  0.00009847424136236  0.00010471473281158  0.00011152082922551  0.00011862418320112
  0.00012599643636881  0.00013382691518151  0.00014230111590446  0.00015150357718576
  0.00016162813315852  0.00017263762542626  0.00018508958704164  0.00019852258055295
  0.00021208363025409  0.00022818701862434  0.00024633460505362  0.00026894308971959
  0.00029794507637223  0.00033221543490013  0.00037579515532136  0.00042716267149249
  0.00049038547143845  0.00057375323014896  0.00067531420805706  0.00082055779222504
  0.00104601643637415  0.00139314349079206  0.00192224572102804  0.00310267992714871
  0.00564086351433483  0.01759745203768762  0.10543763415084466  1.00000000000000000
 -0.00189846834359707  0.00807543434787268  0.01738711724724282  0.02717837343636002
  0.03784182539001520  0.04814760769149472  0.05909162329055204  0.07035983528593992
  0.08210593832685928  0.09301773681311097  0.10296541433262195  0.11334194860959469
  0.12383025103769967  0.13411920756964957  0.14426003711467594  0.15464526527201869
  0.16596965541556788  0.17746557786578773  0.18888918757377723  0.19930286686168461
  0.20924354464672515  0.21861542602581777  0.22828625673322153  0.23803600804919831
  0.24784032690051869  0.25774266259324552  0.26778114717463147  0.27801795864868173
  0.28830849202704445  0.29903297863080980  0.30964274209664888  0.32000282401496921
  0.33038680028984374  0.34116260465886450  0.35220706629143012  0.36293300429161013
  0.37346975560238826  0.38384969377328099  0.39397428013958052  0.40454153060117548
  0.41528704451717613  0.42653040768745515  0.43829824646384963  0.45081359128075349
  0.46352845001793924  0.47587192079939755  0.48721350496260091  0.49775628589044513
  0.50768456334453671  0.51682732954605171  0.52593056699946572  0.53518576907748372
  0.54509597658295017  0.55591389549601633  0.56601082555994209  0.57510987402793057
  0.58451073071359561  0.59411418847525477  0.60441436667831405  0.61527917143968103
  0.62664888517870254  0.63817856510258197  0.64908794546384485  0.65968932123521862
  0.66999237071149975  0.68010984963666465  0.69022838042445356  0.70023568945719850
  0.70966866344496426  0.71862267993512396  0.72792083856003775  0.73828811206281275
  0.74941622565340871  0.76028872284251436  0.77092633111608366  0.78161677734235424
  0.79190739188654735  0.80193306171035550  0.81210997494264781  0.82290489867035876
  0.83411046498357422  0.84515412714077776  0.85600020312228875  0.86713645197810241
  0.87822475472398431  0.88903657229924204  0.89973014297623677  0.91044363200015799
  0.92126268533041356  0.93201961238099218  0.94326982215089916  0.95484250498737422
  0.96647391602983235  0.97766490197546274  0.98874122069654391  1.00000000000000000
 -0.00248452860743766  0.00931846644727820  0.02001983969572084  0.03211328187281238
  0.04456845188591133  0.05588339370940008  0.06656341904479735  0.07714293515450467
  0.08786720281118826  0.09875109186674438  0.10974291118538450  0.12084914970063275
  0.13130682999723514  0.14115523950349032  0.15137600212117877  0.16195434422897578
  0.17246745648103470  0.18251764505226781  0.19237107718091326  0.20203735769795164
  0.21123633694788432  0.22053135056013481  0.23058545698049376  0.24132339769244884
  0.25228890115446129  0.26336501703116000  0.27440497426615335  0.28521355223047545
  0.29542711802692306  0.30512130725064740  0.31460143152953585  0.32389779795100959
  0.33330991233847945  0.34313505140954081  0.35357616705836920  0.36467377685222263
  0.37602896481636666  0.38693654146426348  0.39655645985993448  0.40595098862841184
  0.41529865371810254  0.42517337255874815  0.43615889807860375  0.44729887175337041
  0.45852135992347115  0.46967137633296618  0.48055356844990810  0.49099692749253493
  0.50126809420264751  0.51190250236981549  0.52270513802720309  0.53431753922452530
  0.54615597601369636  0.55859763068893886  0.56964551675785091  0.57991651015744339
  0.59041987574157151  0.60091631589598504  0.61087671180288872  0.62051021441204190
  0.63042064606180592  0.64095015702008229  0.65090511704047505  0.66099463775523948
  0.67166285896107425  0.68179909618680579  0.69118922561766749  0.70037311223264631
  0.71020840804568386  0.72057143496351794  0.73101007278054975  0.74160214161744853
  0.75214352467702983  0.76241240571205215  0.77278481250326225  0.78270310371337015
  0.79178262906085750  0.80052365023941119  0.80981054735233904  0.82058079489193481
  0.83195922412582157  0.84285783625923083  0.85349069018931434  0.86389834880296068
  0.87466667221963934  0.88574285445864887  0.89721238074365817  0.90945389578382940
  0.92201465777732372  0.93490544950226984  0.94666321408846710  0.95738088357908369
  0.96712610025639112  0.97734174735229029  0.98771557852836867  1.00000000000000000
 -0.00234568082694654  0.00875299089614082  0.01947534775803236  0.03080420072536577
  0.04124322037837245  0.05122896302639371  0.06103243623529844  0.07038867160136403
  0.08190571754534889  0.09246982339773849  0.10320640629494353  0.11416599454430038
  0.12557297583616159  0.13651201920581638  0.14744625553076707  0.15846146929772031
  0.16865013485933961  0.17843593292601945  0.18823941617592826  0.19896742473800524
  0.21005722676617217  0.22133928924089627  0.23263625238739208  0.24417439226027801
  0.25612131310655556  0.26815505284245694  0.28020510285606737  0.29141760026709357
  0.30172624052282265  0.31210961764074996  0.32150633213807367  0.33152974335735702
  0.34070633670404882  0.35106788527170607  0.36125836072069312  0.37115237582546995
  0.38128597024222094  0.39184079830368984  0.40272715025797196  0.41366309072615026
  0.42425034345907187  0.43404620152200440  0.44417563121827808  0.45418803514998712
  0.46495516932148184  0.47603304146724340  0.48745249304988547  0.49908336344091769
  0.51035405496592323  0.52139554410183997  0.53227701665239968  0.54308331109905827
  0.55372737163122632  0.56421163298696930  0.57476693868485040  0.58532987142072279
  0.59577657429889175  0.60593406580092080  0.61599629008166845  0.62607439965263800
  0.63622533252613522  0.64661484613614029  0.65723604648069356  0.66784607218631376
  0.67814969911284750  0.68807982486058406  0.69791447490874658  0.70849981678725360
  0.71989663658410452  0.73123566111884630  0.74159373951597207  0.75170142958883224
  0.76240403832522674  0.77288180915752092  0.78270143997072195  0.79226457717870336
  0.80158448447356445  0.81121713629678538  0.82145854795770479  0.83234398376681551
  0.84295166094077556  0.85353164665416725  0.86450592269326354  0.87534448152882027
  0.88621410381618460  0.89750455636422666  0.90908316399376343  0.92004731209729962
  0.93051333377000178  0.94066758553712193  0.95115754789399709  0.96082387843496841
  0.97022678472351576  0.97984398087219482  0.98867488135422676  1.00000000000000000
  0.00001075715419470  0.00018181251930615  0.00048976287863131  0.00090299201143132
  0.00141754387184125  0.00185764972294832  0.00225706640708960  0.00267534514806062
  0.00311475870655875  0.00356891587564627  0.00403212541214449  0.00449648625742988
  0.00496562386600771  0.00544160548949427  0.00592208535738742  0.00640554373809605
  0.00689271503332310  0.00738976872763779  0.00789559816445038  0.00840337072132038
  0.00891828648042931  0.00944744580615630  0.00999461990026627  0.01055618773032986
  0.01112608221974379  0.01170677843790801  0.01232221033453429  0.01296193701085546
  0.01360361163108280  0.01424980732096546  0.01489785549462232  0.01555046485243954
  0.01621635482271691  0.01687474458883255  0.01751471925762526  0.01817726950150100
  0.01885720613486781  0.01957183325664854  0.02032359035564447  0.02104408260324480
  0.02178509633652130  0.02255103894136068  0.02333723419625741  0.02409841477200846
  0.02485039419603192  0.02559235665551630  0.02637621940585185  0.02715715207298123
  0.02791120399000527  0.02864846096290501  0.02938249207807750  0.03016715286640533
  0.03104194365435971  0.03204671816779648  0.03313962244589062  0.03426150828093250
  0.03532059358813440  0.03633891907112434  0.03740414529562237  0.03852065400335555
  0.03965319480650169  0.04079398423714691  0.04197127521861921  0.04313563741636200
  0.04440005513716026  0.04565400995422547  0.04710135060847562  0.04850700013692297
  0.04997733966376150  0.05150364094976285  0.05305223935501281  0.05454888404552140
  0.05617259525712298  0.05781886672647146  0.05930214927173914  0.06072384236462199
  0.06226065163150401  0.06405279636554881  0.06583349459150849  0.06757698181894914
  0.06968691279243093  0.07237925640811403  0.07532621285608501  0.07790946066968187
  0.08045810135406084  0.08326086735761375  0.08824285658177734  0.09481070800200035
  0.09973647348355799  0.10474668250147597  0.11369279344606720  0.12649443620986670
  0.13918527291275778  0.20690540870331198  0.22288455810153843  1.00000000000000000
 -0.00293623295938308  0.01172297924973438  0.02407268552375136  0.03602863905115467
  0.04752283636323426  0.05845094876341815  0.06980215108054844  0.08079657398785595
  0.09188239327401627  0.10284059624299771  0.11357173913483230  0.12423690049187974
  0.13575279150229483  0.14830520578080200  0.16145090789665159  0.17427689951539435
  0.18646514375861722  0.19814883097215213  0.20966640820377863  0.22137659287897929
  0.23324003510165764  0.24505305281877512  0.25549027855120399  0.26548472356026914
  0.27567807456781873  0.28752280606127634  0.29868859003271503  0.30924484358355642
  0.32009646425763305  0.33098634753670825  0.34163489487383303  0.35114763692260459
  0.36108401440124593  0.37124236692587315  0.38218948450505980  0.39364298475148068
  0.40477573068241973  0.41496562432615397  0.42491485303259890  0.43406769232597109
  0.44289088521558245  0.45179663592225239  0.46092477212926430  0.47041650789320139
  0.48008598184651136  0.48955324275524637  0.49780485999484164  0.50607714302178997
  0.51468852809202081  0.52311793893664749  0.53229037891353348  0.54170873652319262
  0.55078116964506940  0.56022313082094999  0.56982317248490078  0.57916221745383167
  0.58811430561147038  0.59706379971337453  0.60635762809301841  0.61646905924388040
  0.62645950824176455  0.63664707100486284  0.64656070831484558  0.65630754249293488
  0.66620873578079043  0.67635659930832071  0.68689691113028251  0.69723927637661987
  0.70725335426377756  0.71710794886771678  0.72762512124680112  0.73768756113558154
  0.74648264146566756  0.75538213986199421  0.76456569376101791  0.77534489369926940
  0.78627382300325943  0.79716283140386091  0.80863800441510425  0.82000526204793112
  0.83184295629122007  0.84354041968504379  0.85503166118200247  0.86571622101074419
  0.87644857650159547  0.88792698932620995  0.89885622795446374  0.90898425640342495
  0.91963240250688050  0.93182191111005774  0.94470516192231502  0.95636293039609377
  0.96728693709737146  0.97801178989683768  0.98854246117684941  1.00000000000000000
  0.01759922778142457  0.21948176427870744  0.32716384047203545  0.40864083680850399
  0.47063516501821634  0.52233843106547662  0.56424782329997925  0.60001698905118073
  0.63163112191485604  0.65850974865459921  0.68222731628578781  0.70306544527811765
  0.72193241797995311  0.73905208886246121  0.75491611102396294  0.76963919037431305
  0.78331770516289467  0.79605502517771520  0.80761121964152704  0.81807250497688122
  0.82778912611078193  0.83703963128300485  0.84565326296075927  0.85373011973062152
  0.86128348391183707  0.86842919099809635  0.87517296898145613  0.88128088884142242
  0.88696897275520648  0.89236650244318216  0.89723397308989017  0.90185820090914626
  0.90631312615679793  0.91066617270215211  0.91484238731821688  0.91858986978637147
  0.92216917218590699  0.92561874119954701  0.92888726501914642  0.93208519672575085
  0.93507084641184113  0.93793619497894520  0.94055538426070950  0.94302019646272428
  0.94542304294104995  0.94772188547853498  0.94998912001203195  0.95222831538288832
  0.95440656849618211  0.95647661963243902  0.95836278925647200  0.96009405868177466
  0.96173877825816834  0.96333973344086832  0.96491404296281125  0.96646014837953176
  0.96795642424616513  0.96936739275507666  0.97069928679811313  0.97195299256029855
  0.97314273631288650  0.97432144790850084  0.97549272294067324  0.97663364460741897
  0.97775382128061605  0.97886892096389044  0.97998139305421095  0.98109019422114219
  0.98218017111062328  0.98318362497002276  0.98412433338990180  0.98500915492691921
  0.98583031846726610  0.98658370067607581  0.98731133696012696  0.98803222569663285
  0.98872078234290672  0.98939360373254093  0.99006452890824226  0.99072598547238921
  0.99135133428076150  0.99196147488859709  0.99256507064519273  0.99314050552239808
  0.99369009362391025  0.99422289996163093  0.99474439022636074  0.99525280901728530
  0.99575363599925848  0.99625029225018957  0.99673319680060823  0.99723885546776236
  0.99777719708499724  0.99837005817260638  0.99909937871600518  1.00000000000000000
 -0.02156312181721675  0.10557823678041836  0.14752648561270032  0.17299588373966665
  0.19347805498667184  0.21092884917168525  0.22504820313035767  0.23781449042139638
  0.24979971420297339  0.26221163693232225  0.27360580106917382  0.28482200994109852
  0.29554252244264201  0.30593742853984074  0.31542306862310215  0.32371662396343048
  0.33124517539974774  0.33882588121768970  0.34605992199929564  0.35391772458720477
  0.36091415015441886  0.36801569468040374  0.37496181018682240  0.38201320949741885
  0.38922615647765352  0.39648240731222184  0.40384724579632303  0.41133663889568545
  0.41863784444952107  0.42595526909929343  0.43303245381516309  0.43973335487164217
  0.44625975290700343  0.45260123215494519  0.45902399301122970  0.46578677335375146
  0.47267004070998442  0.47941625056134934  0.48573697760596757  0.49176086102814770
  0.49774449967213646  0.50381502496979325  0.50994854910186538  0.51594936290734761
  0.52162367785821295  0.52710766297264555  0.53261067984051869  0.53828504591908644
  0.54447091364732070  0.55115120038765597  0.55782017935306250  0.56423025605087540
  0.57047490927037481  0.57672527160536546  0.58288176510644862  0.58916100052366638
  0.59538605175391290  0.60182939853033068  0.60836634230612696  0.61491430971663452
  0.62149021055562514  0.62808425477303276  0.63450107940104694  0.64065432435499114
  0.64665380919834836  0.65256913493592994  0.65861963290895076  0.66503748606544288
  0.67132658373172460  0.67730707472102714  0.68338926064363015  0.68962395316441483
  0.69617827410097821  0.70267708785253125  0.70885299978697369  0.71508180722111336
  0.72141254974033342  0.72799223325363560  0.73504350331128965  0.74245495009641138
  0.75002708494229187  0.75757323640907082  0.76513450064993760  0.77311667603748646
  0.78174325440218162  0.79080274860798394  0.79972365162946901  0.80862255344932632
  0.81844535524962336  0.82967348468030422  0.84222766326583987  0.85600971990890840
  0.87174309558433283  0.89036555640337678  0.92072901725702860  1.00000000000000000
   1.2235377785002574E-009  -1.0000000000000000     
 F F F F F F F F F F F F F F F F F F F F F F F F F F F F F F F F F F F F F F F F F F F F F F F F F F F F F F F F F F F F F F F F F F F F F F F F F F F F F F F F F F F F F F F F F F F F F F F F F F F F F F F F F F F F F F F F F F F F F F F F F F F F F F F F
  <DiscreteSampler_grid>
  grouped_processes
  1 # 1 for a reference and 2 for a running grid.
  10 # Attribute 'min_bin_probing_points' of the grid.
  1 # Attribute 'grid_mode' of the grid. 1=='default',2=='initialization'
  0.0000000000000000 # Attribute 'small_contrib_threshold' of the grid.
  0.5000000000000000 # Attribute 'damping_power' of the grid.
 # binID   n_entries weight   weight_sqr   abs_weight
    10   10   1.252234782191786E+003   6.956070304399815E+006   1.252234782191786E+003
  </DiscreteSampler_grid>
