  0.00906676456471068  0.01819383816743001  0.02863853545121312  0.03714895008956361
  0.04607580091650060  0.05523433714577791  0.06611671604888053  0.07589838711610646
  0.08617196451144435  0.09728056905275495  0.10868605500916477  0.12003296952879283
  0.13115408772257611  0.14243328770640784  0.15417128436764024  0.16547374022567718
  0.17658774437839558  0.18766514379277741  0.19852495995841604  0.21000886103040609
  0.22180513707897462  0.23146789057946227  0.23780927919649147  0.24436261707159262
  0.25192004044205896  0.26042012215118654  0.26781777954058117  0.27510276011431162
  0.28278373672836499  0.29145013940256054  0.30303227738087973  0.31497020800412556
  0.32489412750434238  0.33461210580158690  0.34380460441885147  0.35042456063713917
  0.35708253986572297  0.36432149506979677  0.37154996497586945  0.37976425965698540
  0.39062749341757280  0.40263354251394895  0.41455198515738140  0.42668891872669767
  0.43943762733651914  0.45215612141504008  0.46419869569407352  0.47514909449603027
  0.48539774698416682  0.49524869191982313  0.50668760118739842  0.51737318265872123
  0.52610827702593033  0.53382255366299758  0.54173649975995763  0.54953015252234338
  0.55833173679179959  0.56735526642550327  0.57730225484397257  0.58918496923017638
  0.60185099933639163  0.61581238394522564  0.62949926883189433  0.64258190678353466
  0.65519345785025507  0.66754933448747844  0.68030883494287497  0.69303311781808552
  0.70462198405183685  0.71662308762899662  0.72819213214487011  0.73947819692840311
  0.75010659538826496  0.76035627028770647  0.77027033482229634  0.77957678932317975
  0.78952438161120231  0.80071687291944738  0.81214451143696864  0.82247719263225316
  0.83235876254060648  0.84340544794481054  0.85506461875284445  0.86736970936738611
  0.88003319147305803  0.89054534456928702  0.90175578746423846  0.91268442229715130
  0.92447714256767544  0.93693075876228815  0.94893214700194861  0.96088038859119673
  0.97177868404563794  0.98185873513689881  0.99077735957026281  1.00000000000000000
  0.00000304747464743  0.00000335595109764  0.00000355570184135  0.00000371581255753
  0.00000389574375707  0.00000408522262184  0.00000426780267168  0.00000446079776808
  0.00000468814166211  0.00000496504456252  0.00000534127429916  0.00000575762059397
  0.00000620697124653  0.00000666778984543  0.00000712517554236  0.00000763486935701
  0.00000816459871961  0.00000870310053604  0.00000923902825855  0.00000975332466830
  0.00001025954929376  0.00001082714630786  0.00001146982257229  0.00001215479359186
  0.00001289407413273  0.00001374512115733  0.00001460986332038  0.00001551477208008
  0.00001642143695560  0.00001740051483159  0.00001849020234976  0.00001977629552423
  0.00002126448477788  0.00002253801981947  0.00002390328655739  0.00002527046260150
  0.00002657861769620  0.00002802587547842  0.00002974307254138  0.00003166733479125
  0.00003366061591820  0.00003573540867948  0.00003801630050918  0.00004049833754887
  0.00004307648696461  0.00004561918728796  0.00004817611549572  0.00005079355414880
  0.00005343513060528  0.00005591687352924  0.00005825161606934  0.00006069062183327
  0.00006359049356084  0.00006683938607132  0.00007013144864244  0.00007366494894218
  0.00007738145882562  0.00008098742559318  0.00008449879202717  0.00008786028849370
  0.00009497929219848  0.00010196180897649  0.00010951682532235  0.00011516434389043
  0.00012009020606347  0.00012610183396269  0.00013179724196022  0.00013837893543100
  0.00014873616347842  0.00016329579513815  0.00017808807901405  0.00019428026811362
  0.00021267794714677  0.00023305284570595  0.00025474866456866  0.00027996039059912
  0.00030860503598203  0.00034369802153222  0.00038968301414811  0.00044022055402398
  0.00048977041692477  0.00054002892848380  0.00060279521835140  0.00068438447859671
  0.00077926220991755  0.00090640576377543  0.00108839972321359  0.00135944177881038
  0.00168074539515783  0.00220624413746663  0.00305825973945996  0.00464092538758572
  0.00674332006005744  0.01101544752700459  0.04424114701756336  1.00000000000000000
  0.00000229172168525  0.00000305827677520  0.00000336603336279  0.00000367763884051
  0.00000398103884131  0.00000431968483593  0.00000470113469242  0.00000507409095704
  0.00000544102962718  0.00000582414558525  0.00000626380280248  0.00000674650146304
  0.00000721871257674  0.00000767251520209  0.00000815627361067  0.00000868029537165
  0.00000922927346232  0.00000981124942068  0.00001043101759858  0.00001107194646030
  0.00001174983264531  0.00001249961909151  0.00001330971087285  0.00001416463979188
  0.00001506526446544  0.00001601333116929  0.00001699818926986  0.00001802951507102
  0.00001903043332793  0.00001996955151538  0.00002080066856703  0.00002147953166733
  0.00002210143208403  0.00002269192752738  0.00002329651084409  0.00002391972717428
  0.00002465788369882  0.00002557053920700  0.00002666783500714  0.00002802547615947
  0.00002939888044492  0.00003034376449836  0.00003202869028539  0.00003377031940907
  0.00003538779792318  0.00003746511400997  0.00003985037034512  0.00004238730383075
  0.00004514740333047  0.00004808979991978  0.00005071965367378  0.00005349214630872
  0.00005633118802141  0.00005932289234595  0.00006268020390105  0.00006552565598934
  0.00006878454619882  0.00007230314375311  0.00007590056690535  0.00008125330414025
  0.00008774524889117  0.00009460589021538  0.00010196857018164  0.00010969052546217
  0.00011776861268035  0.00012644087575676  0.00013590069225752  0.00014565086907300
  0.00015530342200209  0.00016626649363623  0.00017762711715645  0.00018988147927182
  0.00020327379749430  0.00021762375114701  0.00023456179080540  0.00024910832070142
  0.00026562065785473  0.00028385352068106  0.00030719039418068  0.00034175165945254
  0.00038568333490173  0.00043319186561478  0.00048543654014825  0.00054788761632833
  0.00061575914136401  0.00070473328556616  0.00082430994505816  0.00097605212492326
  0.00118443303855680  0.00155535307568550  0.00195930049448754  0.00283987753411158
  0.00430798153858205  0.00664683691012186  0.04252084176577067  1.00000000000000000
 -0.00163271503012687  0.00888369452131993  0.01642412124062044  0.02417775306098692
  0.03220375653785724  0.04067783188224174  0.04862091969763056  0.05610867944859328
  0.06444830057751827  0.07686180014981396  0.09081304293830084  0.10400100440699456
  0.11625920228355016  0.12786589826901126  0.14043328433411301  0.15447062389004190
  0.16820469837981208  0.17963098453094972  0.18890053234508536  0.19712098115235763
  0.20579811020963901  0.21540356248375767  0.22530123954722633  0.23489660738221990
  0.24337430193377660  0.25203436590475126  0.26115032597479459  0.27309904845130450
  0.28498134107554079  0.29621151506919691  0.30753097704229754  0.31902515842957774
  0.33081106364309865  0.33998442194270451  0.34825018852778250  0.35610146787965036
  0.36491938907056831  0.37459141995428552  0.38375963526789419  0.39128657548535634
  0.39936656210758670  0.40864810576914695  0.41975404377143960  0.43149621079983586
  0.44192605238133370  0.45101193363392822  0.46006398582723329  0.46921779324636093
  0.47823068311864581  0.49008052817453479  0.50159514458881937  0.51296494486025213
  0.52389664582215223  0.53409012187643556  0.54601768321805777  0.55762415294198486
  0.56858619273562805  0.57848966926379952  0.58928063575421374  0.60117632302595114
  0.61468290528264335  0.62731182734070567  0.63764781158831796  0.64636627912713851
  0.65392123802305480  0.66239367461308651  0.67078965956492331  0.67886207098223539
  0.68914433133033071  0.70207451295241941  0.71505111262832466  0.72850342845765370
  0.74266212771049045  0.75630794849368510  0.76970763339776238  0.78309017564461747
  0.79732398331001864  0.81239927462885408  0.82557573616832114  0.83681834419880918
  0.84752539497741120  0.85801333108470335  0.86858675316121492  0.87870418338017142
  0.88812101487790873  0.89796661954091295  0.90891160855817110  0.91951106257224646
  0.92929403417297884  0.93944577187236844  0.94919889166526639  0.95869055549821713
  0.96892348268050643  0.97798866165474696  0.98929961973627323  1.00000000000000000
 -0.00285744967779873  0.01276384985555832  0.02464497805173208  0.03638686135302663
  0.04842704285037670  0.05995000843918213  0.07018394906082535  0.07946006254311415
  0.08862935597198421  0.09831425180428563  0.10848916170755699  0.11759098259124888
  0.12635685028475399  0.13497139804037386  0.14433613938856948  0.15507423788680555
  0.16626974120734414  0.17819184353753956  0.18944946530649959  0.20051800953733376
  0.21172762382128310  0.22312121520666697  0.23457909719836678  0.24604524414244572
  0.25690724544927285  0.26683157445235278  0.27585480076416902  0.28509115443420280
  0.29497792951727692  0.30616501768299365  0.31739322486366928  0.32925017202698520
  0.34245116376102991  0.35731207351505639  0.37151096633616648  0.38433388890942294
  0.39719325334208239  0.41107014998944447  0.42595736712048782  0.43977132709234351
  0.45254871689820586  0.46368292601168232  0.47441379507941966  0.48426639077561817
  0.49283732148900045  0.50057480661329856  0.50714398088039525  0.51395895001482073
  0.52247339335661680  0.52991742427642141  0.53632742837978031  0.54232855839378213
  0.54973725247437877  0.55838928562909729  0.57009005562693482  0.58365471640265154
  0.59677764518392529  0.60872002440350936  0.62011687804410653  0.63195672390111790
  0.64448870793449464  0.65695624932882524  0.66756928934872095  0.67874255978491826
  0.69082247511812456  0.69766949712440118  0.70453461846698140  0.71121754297872652
  0.71726177391126289  0.72360982271523100  0.73225729767516079  0.74282094416176647
  0.75572404803006210  0.76833635599560834  0.78344349947048675  0.79609495872285330
  0.80678124640241544  0.81631894514646131  0.82572094279951580  0.83704835452998938
  0.84793733725386500  0.85694405644602167  0.86553620469711090  0.87441733198676042
  0.88684082382238449  0.90170858591423275  0.91494207261414040  0.92560211441335849
  0.93525891780237802  0.94454491241772953  0.95579419675835542  0.96620677444279868
  0.97584914182033011  0.98445103492177821  0.99237213744179364  1.00000000000000000
 -0.00219805281089061  0.00921603413616130  0.01813180585537460  0.02776273209044400
  0.03777861227135296  0.04723717671124761  0.05649952528664508  0.06626179664687119
  0.07441556936684816  0.08102393322975666  0.08841661939281829  0.09684788700115897
  0.10516255301889693  0.11537934233476596  0.12799592565759108  0.14031223350560365
  0.15169188394371255  0.16229825136297618  0.17287831802601247  0.18409363984592023
  0.19600591967234729  0.20881079640208236  0.22191716994586208  0.23347347230180332
  0.24295113744453598  0.25214981807607695  0.26206521500319441  0.27343395027259759
  0.28525821245977334  0.29760215205516583  0.31029035967668545  0.32364844733853859
  0.33833950463856610  0.35365039964493700  0.36515262217648142  0.37449048180226735
  0.38326243645714986  0.39299594999525711  0.40484333641354270  0.41527274851920565
  0.42522796486010250  0.43550395147060306  0.44707354362453888  0.45943402533030009
  0.47195231388379499  0.48412518982706931  0.49607188192720370  0.50906574946297745
  0.52176560087657797  0.53074932653983642  0.53946033058474019  0.54831478036745340
  0.55743258205348134  0.56475684312508856  0.57100603459953492  0.57737574677904357
  0.58724369518227182  0.59836875302588355  0.60914786065522275  0.61927866970172663
  0.62946896007195952  0.63989693509143608  0.65055637856924031  0.66136173133080689
  0.67164088182109971  0.68089262880956936  0.69059048505499288  0.70224338118090301
  0.71490293144554262  0.72584281960553854  0.73524278969706758  0.74442774717931992
  0.75177295401931565  0.75859274293712919  0.76514067328419100  0.77422073637297173
  0.78506393335508962  0.79590841615115659  0.80660908122528474  0.81776183471669750
  0.82865996052258828  0.84188609433672612  0.85445388878253281  0.86648395479789220
  0.87794673017633018  0.88911984228506236  0.90123441745667932  0.91356409835741970
  0.92417249218472974  0.93322176842379156  0.94192071401286748  0.95154660035232252
  0.96202002028319333  0.97381979744205227  0.98697738681863856  1.00000000000000000
 -0.00010725482378696  0.00012231814125740  0.00060745134339117  0.00118618702670696
  0.00156937310314339  0.00197130222385668  0.00238201982983412  0.00279902639266352
  0.00320920610579592  0.00361647547763563  0.00401865385861669  0.00441597210921155
  0.00483036746659325  0.00525352444818728  0.00570385386735726  0.00617249712091750
  0.00665034239931498  0.00715397012717322  0.00764962916863187  0.00814584565324656
  0.00863294519983277  0.00909340191871270  0.00957886843020221  0.01005301032567315
  0.01055578335464281  0.01112815207218479  0.01175554957153590  0.01240154591644179
  0.01305479719963329  0.01364538089493751  0.01417340192641322  0.01473948603268028
  0.01528835271503157  0.01576153720197407  0.01623664316576828  0.01668269572346925
  0.01710482735353984  0.01750199737971669  0.01794913211246593  0.01846564993514464
  0.01904238464020958  0.01964106811033939  0.02016435889060624  0.02065301050991500
  0.02113580019759907  0.02160684663845203  0.02207170986279460  0.02260019688298210
  0.02309176040245996  0.02360094277320986  0.02408242549066415  0.02452392819086594
  0.02495270317986885  0.02543081083075421  0.02595787896637259  0.02646594240595430
  0.02705711239240717  0.02773488769396729  0.02821178579050556  0.02856537308467388
  0.02891190612222417  0.02927803323076707  0.02963773720892760  0.02998469965111614
  0.03032718241010450  0.03067612229151901  0.03215608809396538  0.03378248603254001
  0.03489856880060871  0.03582021766736956  0.03689725500158030  0.03787823967022511
  0.03870756044256696  0.03935799439420815  0.04009682889047827  0.04108290812076819
  0.04236944176621815  0.04359514722747081  0.04466541584328841  0.04543925517899294
  0.04618105517670617  0.04689918361174285  0.04761986303755539  0.04849449698474937
  0.04948339394060275  0.05081228877624650  0.05271735417272504  0.05509073122123474
  0.06110250810596085  0.07104415808309157  0.07388922269927130  0.07866954806270209
  0.08058931086990039  0.08668633923774607  0.09436243522099559  1.00000000000000000
 -0.00234600926512656  0.00857969294760474  0.01813210490043061  0.02831984009145744
  0.03858327871319113  0.04776864996658304  0.05710845584931759  0.06655767163500712
  0.07657851029855528  0.08730146428780301  0.09917372455366416  0.11110622499080643
  0.12327002785284844  0.13604575199205701  0.14938891535110813  0.16251752523869487
  0.17584713057567117  0.18835954210265640  0.19925694904207422  0.20872052641839955
  0.21761531735762313  0.22803336637116445  0.24013584708761360  0.25411409521038103
  0.26827702053536762  0.28284208378404696  0.29625663789378681  0.30875342645034970
  0.32095863194478103  0.33359484599714606  0.34689197997383564  0.35975404535368422
  0.37184695431039066  0.38321974754791338  0.39462584578067222  0.40638170822907954
  0.41845781925299813  0.43093957359605456  0.44385028948296273  0.45670383912788404
  0.46881182083562328  0.47870212370878934  0.48747754168412932  0.49591807693406642
  0.50455976554358306  0.51382215019893385  0.52520287488130146  0.53666048924647225
  0.54872380041170787  0.56015335282958756  0.57040297559741127  0.58057194335269302
  0.59044520990187521  0.59931266616653600  0.60730291059771946  0.61531573829136110
  0.62331656732623975  0.63115411241713404  0.64052595907447785  0.65151792743958670
  0.66320348284474240  0.67511863985211529  0.68658305928786234  0.69688936512962463
  0.70594771207420903  0.71377681111951297  0.72181859049764174  0.73033945602693084
  0.74031145731472658  0.75144227319076518  0.76278553250194647  0.77471483482319015
  0.78560140282360580  0.79403381410817142  0.80101756006254665  0.80746890190099363
  0.81342896202138604  0.81905917618453605  0.82863231079388544  0.83743148282091373
  0.84403453513908344  0.85176079016698347  0.86033902024065623  0.86776438229129604
  0.87439072049266209  0.88153609419380541  0.88957911966191683  0.89956628056183130
  0.91260312920839959  0.92446332802622344  0.93425237165383812  0.94509319882072218
  0.95747134061535089  0.97489795486404596  0.98865381600460400  1.00000000000000000
  0.05276222166348733  0.19300351421640183  0.27388422158066983  0.33852649223910053
  0.39073911716364063  0.43564060210056954  0.47377482436133617  0.50667416083556516
  0.53831456789118748  0.56860534686840936  0.59579073291327411  0.61981600521928693
  0.64101391462879842  0.66058385165412115  0.67961679774409278  0.69686266858950507
  0.71312527163010020  0.72867415643772704  0.74260270475249834  0.75518871381922481
  0.76706534205362664  0.77875441041087046  0.78990443435151925  0.80053888432380282
  0.81081243772541700  0.81918439361869833  0.82704528244258635  0.83421595489204559
  0.84085910463703806  0.84736632118508426  0.85378748188051001  0.85964812861011697
  0.86503182308512550  0.87023756815040598  0.87577565371610677  0.88192027097592829
  0.88825617590252615  0.89419619827496810  0.89944997543314231  0.90417406060117400
  0.90856648887549829  0.91268842256816907  0.91658392437729197  0.92014223960922981
  0.92344535584180076  0.92688336405818994  0.93036811404599107  0.93377269318411427
  0.93698368461168802  0.93969088271014900  0.94217059340679055  0.94473884034491773
  0.94733713660708685  0.94992723130327195  0.95227767526772633  0.95448669217034521
  0.95654222388522758  0.95846420170721225  0.96032196093868250  0.96220206709501799
  0.96415228327646640  0.96596553632033788  0.96758864833138791  0.96903962713523539
  0.97041164139430192  0.97175890994767677  0.97313289012403825  0.97455048194203919
  0.97589753480021979  0.97724111104675127  0.97857892492505960  0.97988554256265903
  0.98095786844982014  0.98194334565328456  0.98284931384702268  0.98366782960380317
  0.98453192705481907  0.98542351875521939  0.98635839610777687  0.98734526341251905
  0.98831182402407125  0.98926456972087606  0.99012817825368082  0.99099628174858700
  0.99182815704320404  0.99262363490211281  0.99341286005971141  0.99409669371226905
  0.99478560572344643  0.99549713020027641  0.99623939458861333  0.99691206782638253
  0.99759517514647811  0.99829347531249968  0.99902422741183383  1.00000000000000000
 -0.01607054197004151  0.09766590224869037  0.13654148624305773  0.15904567641218079
  0.17531026251149986  0.18994690929681191  0.20247866446950186  0.21387665800129527
  0.22506400532086268  0.23659967748270114  0.24906814834270999  0.25927008236182886
  0.26872533643945318  0.27732121282739447  0.28683964204952550  0.29717131753469650
  0.30705870372041244  0.31548498049986601  0.32309811184745185  0.33037052359144936
  0.33811877141209079  0.34696312172699084  0.35526778813942828  0.36203773467198297
  0.36783031004696853  0.37351003698508578  0.37964966879243978  0.38675101998056255
  0.39430870481370361  0.40186306365455338  0.40918093291494068  0.41651859420408949
  0.42499992098014694  0.43260719547484694  0.44076330994219559  0.44825758432952595
  0.45564187059254663  0.46295914841505620  0.47053008659606060  0.47844734079938134
  0.48640432175596493  0.49534289282155541  0.50195250617259368  0.50757918827195481
  0.51300746506647599  0.51837248646428169  0.52351755387353471  0.52912117950502680
  0.53497580674557654  0.54055529767196919  0.54617429278343688  0.55263832151482939
  0.55934689080686972  0.56370063588257135  0.56964600185038361  0.57547751086370347
  0.58167649092267604  0.58875840875271701  0.59773863306157071  0.60638395839589487
  0.61443133564178676  0.62225184916793741  0.63023894163312832  0.63859036368541666
  0.64726649696256056  0.65563591559093970  0.66335556615632685  0.67113412375970793
  0.67831416948039569  0.68570039642802083  0.69376208211622015  0.70095623311811839
  0.70806666263705231  0.71463641261419930  0.72089607780214371  0.72738367576774487
  0.73504995210277246  0.74335049041172452  0.75195985286032552  0.76120019766545843
  0.77023838102102316  0.77900648155553021  0.78715118203131385  0.79629914488553821
  0.80444966641705584  0.81222193453740044  0.82084326079548720  0.82883926093362637
  0.83599152507543451  0.84436216858106172  0.85310007662383003  0.86317695965302255
  0.87929017052504788  0.89847071830307468  0.92769856666407746  1.00000000000000000
   1.7419408447726316E-008  -1.0000000000000000     
 F F F F F F F F F F F F F F F F F F F F F F F F F F F F F F F F F F F F F F F F F F F F F F F F F F F F F F F F F F F F F F F F F F F F F F F F F F F F F F F F F F F F F F F F F F F F F F F F F F F F F F F F F F F F F F F F F F F F F F F F F F F F F F F F
  <DiscreteSampler_grid>
  grouped_processes
  1 # 1 for a reference and 2 for a running grid.
  10 # Attribute 'min_bin_probing_points' of the grid.
  1 # Attribute 'grid_mode' of the grid. 1=='default',2=='initialization'
  0.0000000000000000 # Attribute 'small_contrib_threshold' of the grid.
  0.5000000000000000 # Attribute 'damping_power' of the grid.
 # binID   n_entries weight   weight_sqr   abs_weight
    10   10   1.883579609696831E+006   3.546203204512255E+013   1.883579609696831E+006
  </DiscreteSampler_grid>
