  0.00909145583203397  0.01664886371793151  0.02739374997572021  0.03860983104848018
  0.04997065635914568  0.06057878332250812  0.06991863520241759  0.07884641618182961
  0.08800864931329395  0.09796349370564812  0.10890113134707620  0.12103887727153843
  0.13087269590606726  0.14137903549265360  0.15172369836231792  0.16214055293376850
  0.17090707112486322  0.17864756437684434  0.18662613034288725  0.19596463710613876
  0.20652089986653871  0.21753233305664704  0.22868911707851788  0.23937101037484609
  0.24929551966136473  0.25892951239621920  0.26884568324232871  0.27907425554357901
  0.28915792915964517  0.29913897805311251  0.30943282002896449  0.32019550342965930
  0.33064475040651042  0.34054675129738415  0.35010894763399375  0.35986488155928187
  0.36996173405279897  0.38016354629902338  0.39031261107327425  0.40052822242416997
  0.41071321596243915  0.42101395308905182  0.43137482760797302  0.44154722168423505
  0.45190413347985403  0.46234346077385569  0.47264873285337106  0.48285350039444463
  0.49332044713948836  0.50418382848788523  0.51494866915983739  0.52545049762153240
  0.53599592640078475  0.54702187686379722  0.55845160769730973  0.56977783675968363
  0.58089351392034694  0.59163698668768161  0.60168718647247799  0.61108079642270174
  0.61984656737311228  0.62862947696648075  0.63776791095756169  0.64757710677229852
  0.65829473860098375  0.66913636003167409  0.68007918671096190  0.69133444741285965
  0.70313846127091306  0.71518580250848374  0.72673736688827129  0.73771556589493104
  0.74803241702037493  0.75798970107620578  0.76799442436187892  0.77868139213030751
  0.78964606892186395  0.80046101197441577  0.81128886414049739  0.82256503719924579
  0.83391150042868556  0.84505830617726918  0.85611478963689525  0.86708904600266035
  0.87799995185710655  0.88873533232498136  0.89971271712674861  0.91075832194811657
  0.92226206626392082  0.93345950321076276  0.94440233625413117  0.95487967282105557
  0.96572258645182707  0.97728457957646675  0.98829758024888203  1.00000000000000000
  0.00000279277112808  0.00000293500309530  0.00000304423601960  0.00000316993288679
  0.00000331602987902  0.00000347136818590  0.00000363400673325  0.00000381714031477
  0.00000400534095205  0.00000421018971422  0.00000443347247404  0.00000466540521057
  0.00000491494247111  0.00000519321884218  0.00000548315505426  0.00000578937791952
  0.00000611936679199  0.00000645556931388  0.00000681996773879  0.00000720262995592
  0.00000759408108183  0.00000799820922851  0.00000841443143107  0.00000884424536420
  0.00000932822597940  0.00000989061562733  0.00001045021954562  0.00001103656382814
  0.00001162772279332  0.00001223377164456  0.00001288843539404  0.00001361549271374
  0.00001435824218685  0.00001514046571081  0.00001592670157633  0.00001673722398967
  0.00001760969926640  0.00001854509488540  0.00001952289984534  0.00002055641813587
  0.00002163806959179  0.00002277320924588  0.00002398617303155  0.00002529351694025
  0.00002663633071661  0.00002800919380327  0.00002941375058899  0.00003085379124567
  0.00003234023760822  0.00003387449906914  0.00003536647776867  0.00003713690312456
  0.00003892574466373  0.00004084572898607  0.00004295466843322  0.00004522809737656
  0.00004761439883256  0.00005009681946040  0.00005273668607565  0.00005562303480477
  0.00005863065289192  0.00006188900134541  0.00006550277423602  0.00006935909164407
  0.00007361117069577  0.00007827174905344  0.00008328453988721  0.00008876160057902
  0.00009470895768260  0.00010083864680520  0.00010690797581028  0.00011311593086058
  0.00011970675302116  0.00012721688923991  0.00013578156019088  0.00014591491142893
  0.00015748932009703  0.00017011058696972  0.00018428749115037  0.00020155441947134
  0.00022212760059241  0.00024541020596805  0.00027164915832574  0.00030239735267019
  0.00033999373548825  0.00038779683294073  0.00044769782708737  0.00052587580123935
  0.00063044585319415  0.00078010277966566  0.00103361424179388  0.00153293793218979
  0.00267768772214459  0.00735995215204116  0.39157977061058080  1.00000000000000000
  0.00000234660288364  0.00000259899870619  0.00000283418500460  0.00000307190190753
  0.00000333451987174  0.00000362290788778  0.00000392402580520  0.00000423793344409
  0.00000457291837603  0.00000494743075212  0.00000531226807963  0.00000568653498914
  0.00000609108150885  0.00000652859222365  0.00000700171897141  0.00000748789717061
  0.00000800147275777  0.00000853788074882  0.00000909119429205  0.00000964557789778
  0.00001020081341734  0.00001077973711266  0.00001139249797046  0.00001202923643715
  0.00001270743804800  0.00001343615009770  0.00001418378591955  0.00001494909372247
  0.00001572678418983  0.00001652903196986  0.00001736801788410  0.00001823935714523
  0.00001917800071790  0.00002018680240617  0.00002122744394375  0.00002223895731594
  0.00002337093904883  0.00002456902913203  0.00002579875784400  0.00002706390075525
  0.00002835019311527  0.00002964670655167  0.00003092302487202  0.00003226967633843
  0.00003370894873097  0.00003528087043088  0.00003700054650287  0.00003885022101504
  0.00004074552725773  0.00004261576322491  0.00004458885200871  0.00004668325778757
  0.00004895860208819  0.00005157318946315  0.00005410426631536  0.00005661896068063
  0.00005916125468300  0.00006170350295511  0.00006429158767039  0.00006716563802126
  0.00007046216370770  0.00007410841144341  0.00007819162441919  0.00008256478274420
  0.00008715331171693  0.00009237731837717  0.00009770374731226  0.00010334778616186
  0.00010951727495615  0.00011607498856339  0.00012303004856027  0.00013071319996307
  0.00013931203939239  0.00014824420589296  0.00015759929596959  0.00016780567340507
  0.00017916949390547  0.00019243422775337  0.00020612604996991  0.00021989388155896
  0.00023778253616198  0.00025668163637333  0.00028203365360354  0.00031391811232308
  0.00035260734587374  0.00039978736956002  0.00045628768318485  0.00053454823468080
  0.00064081882319772  0.00080074305744558  0.00105466486781099  0.00145781986166662
  0.00250190347181879  0.00751612689187829  0.11155515256842014  1.00000000000000000
 -0.00183534716125781  0.00793736901442550  0.01715216131928000  0.02686195530040973
  0.03738802696255741  0.04768060075958694  0.05858970293602675  0.06996153629163492
  0.08145565224857081  0.09186982761780635  0.10141105139170084  0.11130827890620752
  0.12153159466444018  0.13183933092480035  0.14218975795222932  0.15273072087310224
  0.16395749623952183  0.17525695693330953  0.18673486774645157  0.19743672369431195
  0.20760697746050055  0.21694429748322921  0.22631336670639490  0.23601148603013541
  0.24591353731135335  0.25617830067108277  0.26636159061523085  0.27656405706802722
  0.28659996987458530  0.29681544310354346  0.30721743888671088  0.31762597583361130
  0.32818943742772044  0.33886745028790993  0.34982477528390404  0.36059255858259276
  0.37128287387673081  0.38186017659884836  0.39241010494567158  0.40327718423119552
  0.41427271271853139  0.42547424585694998  0.43708029945116378  0.44946652167393913
  0.46208986214652514  0.47462294510739605  0.48637189592526386  0.49707703137929560
  0.50704857016861959  0.51613164110744236  0.52530990625612550  0.53466129412874874
  0.54458729758317670  0.55547421749612269  0.56560548876472505  0.57482863939089368
  0.58416580123830486  0.59358354208430719  0.60357955600853719  0.61413150925009585
  0.62518475442379062  0.63640712792556631  0.64726134475456176  0.65789605037119958
  0.66837772800749884  0.67864309026725222  0.68888215638861872  0.69919430212938027
  0.70858682656943339  0.71740658486611220  0.72630340422560102  0.73610068575858090
  0.74691510727143229  0.75766989609254565  0.76808986459802309  0.77864029027169646
  0.78931953943640520  0.79997469927060449  0.81087562056870710  0.82220977309151910
  0.83381834911305275  0.84532016953958877  0.85655397755164953  0.86783841733559342
  0.87895699401286520  0.88979550987775047  0.90049768816033160  0.91107853333335131
  0.92172983059428004  0.93216913634388299  0.94305038119238838  0.95408024907680888
  0.96520577090330451  0.97662354620307568  0.98799524759103519  1.00000000000000000
 -0.00248848953776523  0.00946835470612382  0.02040887675837641  0.03207734038829434
  0.04428649287125396  0.05533756082556286  0.06615392604315612  0.07656993056930092
  0.08710514169483909  0.09778490478073559  0.10872138782208363  0.11966473730404556
  0.12992381691384583  0.13974833649199600  0.14998311669612321  0.16063227429407323
  0.17120921385280544  0.18137013900906468  0.19137147899987977  0.20095519540494397
  0.21031215155997543  0.21962934604349837  0.22968488928377023  0.24040285838032599
  0.25129112587371344  0.26200973578802983  0.27329570969044192  0.28416165165338336
  0.29454744573756908  0.30415216627832187  0.31372639506792394  0.32324842742312276
  0.33303913755571385  0.34259667419144757  0.35254437153065632  0.36319153749896760
  0.37456121758757172  0.38565246911975981  0.39470604190805347  0.40358005079577636
  0.41263236719435897  0.42197531767501051  0.43255525714285120  0.44367617239147278
  0.45504857617755629  0.46632678325785171  0.47745457876133540  0.48837167685590799
  0.49927677956407784  0.51054235523610736  0.52176963572147228  0.53322539884008091
  0.54505007620289170  0.55729516878016028  0.56869003712655419  0.57870751927672670
  0.58872607266230570  0.59883620487131362  0.60891714101365646  0.61856637361509825
  0.62854920087086785  0.63883537227927689  0.64917360022123038  0.65964458347053845
  0.67057174606878711  0.68076621570224660  0.68996340212197205  0.69885876968512339
  0.70833712769914825  0.71834824506781736  0.72858918557520425  0.73923504795520478
  0.74988341606960041  0.76039416489162970  0.77112864366042888  0.78186554660920071
  0.79218668365841383  0.80218379967163345  0.81251286743419160  0.82350506905241860
  0.83453727680788214  0.84507895443689385  0.85559458655983733  0.86611794000431208
  0.87707336692682047  0.88817723441653862  0.89968286387104535  0.91200170179461104
  0.92458781240310528  0.93720673004853949  0.94837792110199126  0.95862732883807655
  0.96825792031725710  0.97819832367220927  0.98835217193660907  1.00000000000000000
 -0.00240674989799764  0.00916681320400846  0.02013824621467257  0.03171717805809733
  0.04288487042505790  0.05366095527016091  0.06401927923755009  0.07463738809980314
  0.08532837323916982  0.09534155276107029  0.10567256467517006  0.11601259912993854
  0.12731552039294672  0.13777634351540885  0.14887293987008660  0.15971580956057793
  0.16972599932706314  0.17940553025049655  0.18889856587980641  0.19993934665139318
  0.21108064736270413  0.22250110697195505  0.23359796688329329  0.24490347967061818
  0.25644626948350679  0.26822270347479921  0.28007153971226156  0.29115617872911526
  0.30152748366883875  0.31158724002159993  0.32144208900562249  0.33129685569166512
  0.34138437583567682  0.35164135409830322  0.36173033147695316  0.37143035604274849
  0.38146665638219024  0.39215524496697568  0.40303890764320821  0.41382179408479225
  0.42431603008473240  0.43443363907393789  0.44470541730379654  0.45505362850728887
  0.46578594129962320  0.47677266228357751  0.48787471427171891  0.49930728631344823
  0.51057856134094592  0.52150694773080586  0.53233595775898168  0.54334377456056060
  0.55443302530105343  0.56538569110979076  0.57620446329892305  0.58680690479355380
  0.59713743179713341  0.60713559162601138  0.61731539742764630  0.62773875340386576
  0.63802712637742931  0.64825692353927089  0.65884254927114294  0.66966992729526120
  0.68017096658241361  0.69014710847253846  0.69969531400851681  0.70981490186316043
  0.72075342501978135  0.73216723500944436  0.74289041935343758  0.75321893745539559
  0.76414877271418058  0.77458326029316427  0.78425587068643410  0.79358801763456643
  0.80276065334142310  0.81265068325102485  0.82278623226486158  0.83336638203664715
  0.84349373656242832  0.85342417080520150  0.86391229420197779  0.87458495900175259
  0.88555876148054002  0.89692268283977972  0.90849463667286567  0.91977632341174353
  0.93059551823848330  0.94116960708033282  0.95167933263419624  0.96131578716260557
  0.97060341482024082  0.98001351993423225  0.98853239525856207  1.00000000000000000
  0.00002165790865326  0.00017138228603870  0.00047235789506432  0.00088413979762261
  0.00139579879150356  0.00182066828002489  0.00220198186731158  0.00261198789271226
  0.00304104740830670  0.00348651118562678  0.00394132565062243  0.00439382149991489
  0.00485056313859675  0.00531195627200426  0.00577794123685778  0.00625050817125922
  0.00673080958615722  0.00721474392482530  0.00770394118663061  0.00819162064961974
  0.00868513742882371  0.00919038772888271  0.00971101432260837  0.01024730541744844
  0.01079797329871700  0.01137029568821345  0.01196768385421003  0.01258218064391845
  0.01320608407335449  0.01385391295451774  0.01450548151964451  0.01514786043670027
  0.01578923841310792  0.01642132899141023  0.01703107043018507  0.01762957089031485
  0.01824979821660099  0.01889584717737353  0.01955774811190290  0.02023728668041895
  0.02094744006026805  0.02169274801061558  0.02245894423857592  0.02321490860983497
  0.02396511922763590  0.02471604825440425  0.02548953608144760  0.02627276072843541
  0.02704617632148092  0.02779484297686485  0.02857118562030522  0.02935172978244945
  0.03021253953193031  0.03117059343924059  0.03226219397570193  0.03335884001693883
  0.03435113158114319  0.03531142988579190  0.03628950178127213  0.03734301898769853
  0.03845322255487392  0.03957650743041524  0.04066653876015393  0.04172078383234969
  0.04278844618129318  0.04397901123558228  0.04522361723137738  0.04666344254953009
  0.04818967240633645  0.04973001371808797  0.05127067565165538  0.05275477044991476
  0.05435610336120518  0.05600362786252259  0.05751802684451760  0.05899089236534997
  0.06059108085002186  0.06229204241447311  0.06407240611448363  0.06602207131238332
  0.06815639755380373  0.07091847813261278  0.07384128348030893  0.07605617600480043
  0.07830717740612249  0.08063314739793868  0.08454592673501278  0.09019778612603102
  0.09626938237826087  0.10475673521733024  0.11631184519823863  0.12850688432365939
  0.13826869081783957  0.19169742792002273  0.22682272153166244  1.00000000000000000
 -0.00320239927014461  0.01283981980699117  0.02588444902158363  0.03865305176777552
  0.05079645932372538  0.06228679330151980  0.07359715759092386  0.08494135363670094
  0.09651060682099588  0.10807442037476965  0.11924589317106954  0.13055123158427684
  0.14281556499445361  0.15577088840796896  0.16876036466427058  0.18099318248125720
  0.19284412824119160  0.20428524564183803  0.21586488113890259  0.22775624711191886
  0.23962021954422991  0.25065504122459809  0.26037053831589818  0.27014331668636393
  0.28058023977387314  0.29220230413807563  0.30292642718908935  0.31345323373119838
  0.32415174826888471  0.33478181623178288  0.34507470938766288  0.35491838370558509
  0.36509759004484038  0.37533959938189188  0.38615314960107044  0.39713310565629034
  0.40772565092666219  0.41759592085793318  0.42712074944221873  0.43657582543601176
  0.44606354914144664  0.45574689982921779  0.46529717522802788  0.47478221427834738
  0.48468061481403546  0.49368438665595687  0.50130281780657870  0.50957339856660389
  0.51775474067344240  0.52638294533213648  0.53553273463315954  0.54461702543915969
  0.55357278365800189  0.56305047061616598  0.57240618907170426  0.58146334816799183
  0.59016161921092181  0.59894836873764723  0.60829470420250120  0.61823332712899903
  0.62778364934468600  0.63755183207316257  0.64673972805013735  0.65633516387586943
  0.66592103980633233  0.67590197315762168  0.68602415716022069  0.69606237409417493
  0.70562974654747124  0.71508554595202511  0.72491563317108876  0.73440010659410693
  0.74309023343884784  0.75170101625914376  0.76070431648830283  0.77105319331906397
  0.78158212142103167  0.79200708911855333  0.80296512859527636  0.81424756591034098
  0.82621097473200678  0.83824556348331591  0.85017050963986585  0.86139733045670219
  0.87258270241868019  0.88434126484322872  0.89548546727344080  0.90580328735018167
  0.91660011999756297  0.92889825342826193  0.94210775893620113  0.95419228070178208
  0.96574815768107047  0.97714477189258730  0.98808843567706828  1.00000000000000000
  0.01865120239085842  0.21402083184422746  0.32183678475381033  0.40381388869860302
  0.46592480157700900  0.51721887554500168  0.55906771728840721  0.59495003614623854
  0.62666752129157377  0.65341418010412233  0.67691673445902212  0.69770845005442617
  0.71663894579282361  0.73382120370800819  0.74976094163156259  0.76467795881682510
  0.77855759752874487  0.79149452578590707  0.80318790772772242  0.81387858679876546
  0.82374099148850677  0.83312352885202645  0.84188650234900664  0.85010522013242829
  0.85779946468588664  0.86498422791499940  0.87179854760136377  0.87800457316543468
  0.88376991597913190  0.88926786569530625  0.89438242643367283  0.89921736881711789
  0.90373631195165427  0.90815916743149760  0.91240059430011611  0.91629750537166377
  0.91997992198941392  0.92347286026416098  0.92680998889782695  0.93001543490764904
  0.93310784342360154  0.93611480839561689  0.93889977055951612  0.94140769983080830
  0.94387325301445135  0.94622052694796288  0.94852304643425156  0.95081529766326167
  0.95302692371870201  0.95512361374623778  0.95709335867579748  0.95891580770553331
  0.96059236097757195  0.96218849723031497  0.96375958823602703  0.96532537499580007
  0.96688286286056091  0.96838019790247398  0.96981030512576794  0.97116999460176523
  0.97244200584586982  0.97369633970217973  0.97492996846926339  0.97611781913182694
  0.97726972392729439  0.97840127957390344  0.97952521023879890  0.98065067416019513
  0.98173457643641648  0.98273511115831147  0.98368434924775350  0.98458602323745548
  0.98543068177765547  0.98621936889627959  0.98698864222769866  0.98774646100113572
  0.98846310999586062  0.98916227964815850  0.98985685485193087  0.99053826258775524
  0.99118440083968584  0.99181517697872201  0.99243050076225880  0.99301730464511828
  0.99358413045240024  0.99414272439468720  0.99468959051106742  0.99521858019910969
  0.99573460225014354  0.99623863421072489  0.99671865838467355  0.99721943747715247
  0.99775094787911611  0.99833509782088747  0.99906426084582922  1.00000000000000000
 -0.02150263604409632  0.10573290341652816  0.14628604979504217  0.17126928882444736
  0.19212949161542819  0.21058241512339831  0.22517809754363260  0.23805152550932818
  0.24987081923537485  0.26208475601019171  0.27323474261298658  0.28392924316354157
  0.29433872176590464  0.30425468861202065  0.31357919326760630  0.32201632064689656
  0.32947742623481807  0.33730510036867389  0.34432450075323201  0.35211917409860310
  0.35940234705924240  0.36672474638240909  0.37381867758825765  0.38090832135705743
  0.38826071541568435  0.39558899423940519  0.40296895712419700  0.41041593799833997
  0.41764708066201750  0.42496758520367095  0.43204607762510638  0.43886363071391427
  0.44541078138263551  0.45175302396227668  0.45816154792007374  0.46490517598788783
  0.47184109108352723  0.47858126131183620  0.48482529007967745  0.49080019647515583
  0.49685613791248451  0.50306104138973839  0.50944017308674960  0.51556074421378650
  0.52124128084486854  0.52672269972460661  0.53226648228663553  0.53798415826043400
  0.54419741524729637  0.55078628590484680  0.55737524559702967  0.56370842544294142
  0.56983016354523230  0.57610484728870870  0.58230252347697997  0.58870793283160561
  0.59477178624899607  0.60096443227778895  0.60713641825736198  0.61350888319223262
  0.62008718698820608  0.62692209275082933  0.63366200442601173  0.63999303433521870
  0.64604108411758865  0.65195146001260673  0.65789216619497404  0.66425137068164863
  0.67050601775296004  0.67643210786349561  0.68243223806333098  0.68855027999264762
  0.69497691549781282  0.70158745451908044  0.70838145676885722  0.71527329318981292
  0.72210226120270149  0.72888985919309435  0.73592821765351479  0.74330966339985438
  0.75093487729507402  0.75855614436242436  0.76606278609622169  0.77394453223418247
  0.78245787882025486  0.79161061145487654  0.80060395603919743  0.80940229360744798
  0.81901151586102328  0.82998734098636040  0.84227011122039441  0.85590803589380748
  0.87171462590198689  0.89057717013409943  0.92115726048871582  1.00000000000000000
   1.1706770039270898E-009  -1.0000000000000000     
 F F F F F F F F F F F F F F F F F F F F F F F F F F F F F F F F F F F F F F F F F F F F F F F F F F F F F F F F F F F F F F F F F F F F F F F F F F F F F F F F F F F F F F F F F F F F F F F F F F F F F F F F F F F F F F F F F F F F F F F F F F F F F F F F
  <DiscreteSampler_grid>
  grouped_processes
  1 # 1 for a reference and 2 for a running grid.
  10 # Attribute 'min_bin_probing_points' of the grid.
  1 # Attribute 'grid_mode' of the grid. 1=='default',2=='initialization'
  0.0000000000000000 # Attribute 'small_contrib_threshold' of the grid.
  0.5000000000000000 # Attribute 'damping_power' of the grid.
 # binID   n_entries weight   weight_sqr   abs_weight
    10   10   1.147551128337596E+003   5.587815406930475E+006   1.147551128337596E+003
  </DiscreteSampler_grid>
