  0.00891916437742011  0.01779636156755297  0.02849053941486981  0.03936470386674598
  0.04956817805339311  0.05973189509669698  0.06938321403694996  0.07857673799433404
  0.08789590175628904  0.09725329065193675  0.10678981758731940  0.11618876541175063
  0.12596539526607864  0.13609101599237583  0.14639697377622349  0.15682117959128716
  0.16730156321746664  0.17728265818930947  0.18694025694711372  0.19672100315657226
  0.20717434585927363  0.21825677149446321  0.22955057910486723  0.24076982436267072
  0.25178614236283314  0.26252361293956800  0.27319530120139213  0.28394833606960257
  0.29462576228515025  0.30487371135935798  0.31538720266712778  0.32639051910518568
  0.33756690674597456  0.34838991427122418  0.35874869677932059  0.36915349019760796
  0.37997143980066311  0.39088978725162571  0.40149953207608097  0.41105359708905470
  0.42075024953493162  0.43042380758189958  0.43851807783691249  0.44665247302856231
  0.45474412487323040  0.46387746959203346  0.47430885275052509  0.48522627988124528
  0.49628404759639261  0.50746640163750356  0.51861756724276276  0.52928115253225938
  0.53941969194743999  0.54919191566034653  0.55940877484016616  0.57026518352872646
  0.58091601494881751  0.59082056408333916  0.60014891852978647  0.60927301843498061
  0.61837674298699974  0.62794412205977235  0.63786277629464216  0.64860133968639422
  0.66013319593110042  0.67135141393008835  0.68200575824794418  0.69239689081242062
  0.70303133906849502  0.71421480222329070  0.72566444534696628  0.73703548900412019
  0.74822997602995067  0.75934563809063094  0.77043787373505934  0.78127124850719754
  0.79170695391008461  0.80192817989898368  0.81257255433193554  0.82371508141201877
  0.83515285506671832  0.84608160156121626  0.85649354998492799  0.86666699962886862
  0.87695769707356064  0.88787723261827367  0.89900427496149049  0.91010756124473724
  0.92119974980320085  0.93248218280326267  0.94309709677284159  0.95337356461450373
  0.96383078553540458  0.97512671103824744  0.98754268357982655  1.00000000000000000
  0.00000254692738601  0.00000265156896306  0.00000272834902736  0.00000281194497167
  0.00000292336488446  0.00000302778974877  0.00000313007564694  0.00000324655028171
  0.00000340240081197  0.00000357015293156  0.00000375637883756  0.00000396922891726
  0.00000420134489864  0.00000444936005621  0.00000471164358769  0.00000498752214685
  0.00000527933260464  0.00000559425745583  0.00000593287156370  0.00000629107241459
  0.00000668035279168  0.00000709317279170  0.00000751303004789  0.00000792083403546
  0.00000829058038579  0.00000868712267695  0.00000909792526631  0.00000955290555041
  0.00001002198102289  0.00001060444326664  0.00001123299342673  0.00001187792367106
  0.00001257368349868  0.00001333467495057  0.00001414202484714  0.00001496919993414
  0.00001581037089899  0.00001667973845254  0.00001758748638205  0.00001854023705335
  0.00001957347626020  0.00002063830583515  0.00002177548613439  0.00002299060978650
  0.00002429933143478  0.00002571063427614  0.00002721086059862  0.00002876865824135
  0.00003033487724522  0.00003196680809860  0.00003370599838663  0.00003562509689875
  0.00003772158486586  0.00003997380739075  0.00004237306751210  0.00004493449793299
  0.00004775454698398  0.00005060159527742  0.00005364169509145  0.00005690392404988
  0.00006033265072444  0.00006386427534478  0.00006753968224733  0.00007149901019710
  0.00007583866906478  0.00008082358956337  0.00008625760911461  0.00009252761532735
  0.00009924579924889  0.00010638510303582  0.00011404473478478  0.00012292749912048
  0.00013271295434663  0.00014342629822339  0.00015559015776907  0.00016940256233918
  0.00018505441413496  0.00020243296614338  0.00022158830162817  0.00024363512506573
  0.00027131463703850  0.00030543447059317  0.00034913648048409  0.00040417980514586
  0.00047513724852326  0.00056169910133163  0.00067079258360420  0.00082496574313863
  0.00106172518056282  0.00147991907947636  0.00224115578803249  0.00391268108828841
  0.00782749069985678  0.02583943319334953  0.29182891212550849  1.00000000000000000
  0.00000235687263420  0.00000259252746862  0.00000283110115238  0.00000307482899195
  0.00000332732230741  0.00000360153165712  0.00000393073855331  0.00000430547677989
  0.00000469690056494  0.00000509082440743  0.00000548966326918  0.00000589570526329
  0.00000629981820059  0.00000670182466760  0.00000713773248461  0.00000759836301334
  0.00000807848085631  0.00000859704640499  0.00000913413484766  0.00000971066383160
  0.00001035135832052  0.00001103499938773  0.00001174561496143  0.00001245497727069
  0.00001314859986914  0.00001389253326377  0.00001464951421871  0.00001544853448313
  0.00001630170162690  0.00001718730654124  0.00001811116136507  0.00001907045080787
  0.00002004690364203  0.00002106403674975  0.00002209911949988  0.00002317069013109
  0.00002430522833280  0.00002550512536812  0.00002676210781892  0.00002804572159564
  0.00002936021830371  0.00003075420735460  0.00003221684026399  0.00003374802776257
  0.00003540203569078  0.00003725404989442  0.00003904501767962  0.00004096375270218
  0.00004305660409579  0.00004529648473146  0.00004766617587914  0.00005017209270270
  0.00005287361195439  0.00005561531372477  0.00005844613567816  0.00006146424026176
  0.00006450741887513  0.00006750367343921  0.00007055150774464  0.00007371486353618
  0.00007705276450166  0.00008071970054621  0.00008485958823878  0.00008956484768438
  0.00009485589743530  0.00010067935024745  0.00010701859737337  0.00011412116008540
  0.00012205066193577  0.00013065195791976  0.00013976149859217  0.00014998331725998
  0.00016128471828035  0.00017452747351242  0.00018914295633790  0.00020491319404892
  0.00022206932447766  0.00024213108628870  0.00026571162355340  0.00029455497052020
  0.00032797688687645  0.00036971573348478  0.00041999675900349  0.00047886701653615
  0.00055148407612800  0.00065163041282162  0.00079394343643910  0.00098208978357151
  0.00125762022279692  0.00175500775579518  0.00260271830054296  0.00456254109650311
  0.00909993632290786  0.02766210997883899  0.20997898116587077  1.00000000000000000
 -0.00212359553754339  0.00855788684709379  0.01862638315850651  0.02905702769143920
  0.03909579224103243  0.04903028931667541  0.05915289458968216  0.07012227188119902
  0.08079692706214389  0.09158656042173985  0.10185603891593892  0.11236379275075037
  0.12270855882366508  0.13311450402572375  0.14350066903676803  0.15395413200552160
  0.16443789865680433  0.17527499176351882  0.18656390084191166  0.19786580622163552
  0.20923994582264274  0.22050431131056794  0.23137344839808313  0.24183225517719109
  0.25174040492438515  0.26181506918149766  0.27191491601741657  0.28191512468343621
  0.29176136003199676  0.30125967285278138  0.31040550513089965  0.31933205907123308
  0.32945011825296733  0.34054397548259824  0.35136899934712151  0.36180733481855137
  0.37222840886893516  0.38292172951665132  0.39363813124567476  0.40393660055729319
  0.41421457328308631  0.42477960786431224  0.43553205641275905  0.44608062067268850
  0.45669959401026811  0.46770699437389496  0.47925820266266445  0.49060633183967345
  0.50136401197540903  0.51165611718949000  0.52176254674604616  0.53239735146456990
  0.54327027502976011  0.55465884943982680  0.56623064493249253  0.57818998785804843
  0.58982620502263294  0.60092143689752531  0.61142264166695548  0.62171028768357839
  0.63194788314288597  0.64234610838382189  0.65278088772675935  0.66395200399919752
  0.67555509448664874  0.68739361753774708  0.69905898080384132  0.71020567019812808
  0.72094003563679820  0.73202369346526397  0.74346313956671128  0.75443556788833810
  0.76502041239662211  0.77528869213873286  0.78552853923952892  0.79558281675461806
  0.80569352905336455  0.81568716329905788  0.82588593336871163  0.83612297498496990
  0.84667079194487016  0.85734311106106886  0.86827064995458114  0.87917459036076995
  0.89018512981676101  0.90136651312779281  0.91288325511081436  0.92385350587846815
  0.93289114642796289  0.94114912283734053  0.94959226957594300  0.95824772144619497
  0.96859541566538088  0.97891402471529299  0.98937858643843979  1.00000000000000000
 -0.00227708286643316  0.00887806087421699  0.01893702321151447  0.02948267457208027
  0.04016941035978549  0.05140990873633621  0.06187254479351618  0.07091630392614433
  0.07987279618421503  0.08944246770850993  0.09958215786661671  0.11156742333019533
  0.12419585881068615  0.13586370522170038  0.14706475272071756  0.15799671388842959
  0.16867521856795362  0.17920951700642657  0.18975809766100352  0.20067288823840657
  0.21208052017703977  0.22266171058110140  0.23371651528160858  0.24428878466425372
  0.25455031474792827  0.26455776549446358  0.27480489778774037  0.28547857391441445
  0.29660418304972841  0.30789708305601532  0.31898541232941091  0.32975275640760704
  0.33985945563686776  0.34978912243539650  0.35952998193074676  0.36956644799713323
  0.37989196216325433  0.39044639086992150  0.40072144960849698  0.41148447242311981
  0.42294098323277846  0.43479471739588915  0.44573482314661272  0.45601742754201330
  0.46596604200854613  0.47564530502128022  0.48514231753888654  0.49489152849109158
  0.50532648446325079  0.51636292675226758  0.52727209426146615  0.53835879420226385
  0.54980826664992211  0.56149760261224080  0.57259182740807513  0.58364983330056763
  0.59448724266428143  0.60512487343183408  0.61551739647932247  0.62567222745917050
  0.63595341399284344  0.64645668932006206  0.65700401676382647  0.66752865484468649
  0.67796880984842378  0.68842300063928485  0.69899311414246901  0.70962090984447246
  0.72006483376502761  0.73021617283616980  0.74034436964722850  0.75076282871832245
  0.76150252226979376  0.77189271458682718  0.78276376305724527  0.79454189152000787
  0.80644567890937080  0.81725875973739803  0.82678561051413391  0.83599839819083499
  0.84555984572262965  0.85606814346105309  0.86703296565522181  0.87712450201398162
  0.88662297496262488  0.89585308660401808  0.90531103126579382  0.91578910218483678
  0.92635481215017978  0.93688028543597324  0.94708426280833014  0.95775836343570453
  0.96863616021519783  0.97968280927869889  0.98996951013241885  1.00000000000000000
 -0.00251569187380408  0.00961141081360221  0.01938230097799307  0.02989234439066163
  0.04069238041599787  0.05170573936246180  0.06284475392719222  0.07178633745094126
  0.08065474327160257  0.08941454794282797  0.09864546844339861  0.11004742542066923
  0.12222706952291354  0.13393877074933225  0.14480554320576192  0.15571481149185101
  0.16660989205094848  0.17784897035707128  0.18919338776601846  0.20018685571273045
  0.21084814556633191  0.22130656265868839  0.23150454130892956  0.24156579496868144
  0.25215647920872125  0.26313765268924011  0.27362123954767797  0.28374829773385074
  0.29399070350539258  0.30474880835966034  0.31546504888024479  0.32592708657391933
  0.33600342477008560  0.34602391900781138  0.35646547402025847  0.36725460812687222
  0.37774217955357708  0.38825796513671956  0.39857079875051543  0.40926028071586884
  0.42031286359915365  0.43141093942880865  0.44260823081229478  0.45334753805389966
  0.46407165939522244  0.47508368981505877  0.48670194367168029  0.49904250952619245
  0.51137470939945440  0.52304712924228569  0.53431003168288127  0.54523332216931952
  0.55618103789545803  0.56676567645474474  0.57773808608687660  0.58883045713597026
  0.59976910355623037  0.60944156965199181  0.61881781472292252  0.62794636524416969
  0.63789676079233137  0.64835646818717285  0.65905740058216378  0.66945234684047883
  0.67900287450486896  0.68848388644795910  0.69811203883578521  0.70872739113529948
  0.71938399883164017  0.72987802179771910  0.74032843163152784  0.75066000698922453
  0.76099357852054839  0.77123356971240886  0.78143424276180795  0.79152187309860245
  0.80133701972315796  0.81139406667016234  0.82130512011001477  0.83151946033527246
  0.84179092047447168  0.85209739298884779  0.86267434428543954  0.87369846588224298
  0.88498315592947707  0.89638048019260763  0.90761176841318647  0.91758681330807390
  0.92708629270533494  0.93643274935279286  0.94700200829571579  0.95698737522387567
  0.96681790556041713  0.97674890354617472  0.98833785876353653  1.00000000000000000
  0.00001941666634109  0.00017063855428510  0.00050019096624723  0.00096061028603050
  0.00157367769491814  0.00209483075916224  0.00256509127133654  0.00304852241950377
  0.00355632641589281  0.00406891012401481  0.00458221878836612  0.00510945679188095
  0.00564891309801733  0.00619068517082565  0.00673315942010684  0.00727686361921620
  0.00782251757632296  0.00836201376570246  0.00892017324242261  0.00948610588144838
  0.01006613370448936  0.01066184774326107  0.01126242593782379  0.01185928026755771
  0.01246507413600880  0.01308121636320640  0.01369944428939386  0.01432721828338245
  0.01496640879279829  0.01561446050487443  0.01628606899637075  0.01698522903988854
  0.01771051403944518  0.01845740779639698  0.01921033685144084  0.01996500114927272
  0.02072672016708884  0.02150860123757082  0.02230664347944143  0.02311961623717529
  0.02397631155208042  0.02488173729502005  0.02578278311060631  0.02669767867744230
  0.02760308370448682  0.02853661602152106  0.02950692068941821  0.03048921333325788
  0.03148817587175760  0.03253887771797110  0.03363554869410196  0.03485733986473848
  0.03605101309142955  0.03720340608315953  0.03826115543097844  0.03929980985482918
  0.04047783222782579  0.04172834113340527  0.04289846231914959  0.04401207108684758
  0.04514078018272838  0.04635494321638371  0.04770317163768566  0.04907946150078430
  0.05038978728720935  0.05181262272154872  0.05333095129304033  0.05492844614952709
  0.05653804563949456  0.05808021081304232  0.05977839873058823  0.06160822958417157
  0.06367786391497446  0.06565715982722176  0.06755242126314680  0.06949781586907521
  0.07163419997879175  0.07397058872234330  0.07646827014185618  0.07920837490480026
  0.08200510454678786  0.08461525634759638  0.08726805960225834  0.09008170815339418
  0.09270572087889070  0.09583712927745545  0.09947133315906607  0.10526158361084872
  0.11421873607355915  0.12366572254100540  0.13152975151207391  0.14661816059265745
  0.16059629140297199  0.17262123404000349  0.66749378781198798  1.00000000000000000
 -0.00246953181830747  0.01011789226546324  0.02065033653757585  0.03258764776863439
  0.04446525561937426  0.05717517841538683  0.06938195968680774  0.08095361221019243
  0.09227239691099935  0.10355992028214067  0.11451994025783611  0.12523267870940968
  0.13607241051605085  0.14700557895484612  0.15786549721952137  0.16851321561437832
  0.17974170113463409  0.19096977290972056  0.20178157936224703  0.21259433944468337
  0.22304084090098494  0.23298737765184083  0.24262937452714212  0.25256778263476354
  0.26303662062555427  0.27360597076733889  0.28389940717455414  0.29396254805168431
  0.30385817349589855  0.31364077262577528  0.32384627294957163  0.33367145845329327
  0.34185447509498978  0.34967601277920296  0.35732038415496165  0.36572507668208620
  0.37643523802136869  0.38674752697495651  0.39582635641053476  0.40480524241426663
  0.41374938940623718  0.42260631036613960  0.43163357068424341  0.44119082104846330
  0.45110817294522154  0.46096929966374328  0.47052555975652166  0.47985825202050414
  0.48905794458896967  0.49824635595910161  0.50744404015456201  0.51730956862733868
  0.52724489879400394  0.53739852363867879  0.54795679684881926  0.55885510112082815
  0.56906869799402360  0.57864491230844217  0.58881756233320859  0.59987701434749152
  0.61142143014403649  0.62250127357635132  0.63306726668677271  0.64316793750557288
  0.65352290028883420  0.66440506988280645  0.67571214627788390  0.68657754485104527
  0.69693281028063314  0.70740607259784305  0.71806559077380794  0.72897659505717050
  0.74000317608466482  0.75070585933607858  0.76116716231311088  0.77204045368455110
  0.78348326775233301  0.79451748501774067  0.80493164732762867  0.81534507995673544
  0.82711622877482416  0.83850028684096878  0.85001504622069679  0.86159051262504682
  0.87360328169071111  0.88580970248636659  0.89819297728924863  0.91068768769242237
  0.92188542910104176  0.93237153930646355  0.94345124097893551  0.95484723416012129
  0.96602006842445731  0.97654208407820020  0.98831421333609548  1.00000000000000000
  0.00183163423306909  0.18213385859673775  0.29659603256084394  0.38333572312806052
  0.45072389131385876  0.50546376170660567  0.55006081849726884  0.58737216239383205
  0.61963424601723405  0.64777259007687427  0.67277238394234673  0.69491116894378191
  0.71435203718132934  0.73214564178223362  0.74856197092381915  0.76355920403455191
  0.77731635169363877  0.79004697501928756  0.80162901753730420  0.81228533718691964
  0.82219001551428761  0.83146706843594564  0.84015986522320774  0.84845190805301152
  0.85622031968990542  0.86346186368940414  0.87027891505439026  0.87674270855991732
  0.88270398311898146  0.88841820046655529  0.89393619714371853  0.89907007366440783
  0.90379582721210139  0.90827233283472297  0.91253547421381120  0.91659328741500223
  0.92030826200020732  0.92379885974602294  0.92716721487748399  0.93040673835239007
  0.93354764918132471  0.93646947835530836  0.93921532044424594  0.94177371230625084
  0.94422454125164246  0.94662980561465593  0.94891949040154855  0.95113772162404620
  0.95336132737329971  0.95549899371996028  0.95753740710833102  0.95935948073321575
  0.96105843699955684  0.96269415550389736  0.96428045539179108  0.96583816789104970
  0.96737246355930484  0.96887051242579858  0.97031223218523976  0.97168473125112231
  0.97300781135655467  0.97427425964917169  0.97547812537380940  0.97661713628329949
  0.97771254364289406  0.97879817904781186  0.97988358981981905  0.98093167635336154
  0.98189887047407887  0.98284682726863548  0.98375655451109012  0.98464065531448608
  0.98548782206741770  0.98631177318095009  0.98712365787423961  0.98792597933159920
  0.98871568258132880  0.98943675411376142  0.99011600975016945  0.99076624703745775
  0.99139586496245224  0.99200598949552798  0.99259723621408713  0.99315221953333421
  0.99368059455654556  0.99422094970505759  0.99476027322924654  0.99527531488769494
  0.99578413260781307  0.99629645085381646  0.99681302624679169  0.99732722522523598
  0.99786182605892659  0.99844693039303023  0.99914016346761347  1.00000000000000000
 -0.02142934738602330  0.10609067770129194  0.14496731152746625  0.17006631618695389
  0.19060038541631835  0.20811637519617732  0.22316926640558268  0.23669782611463588
  0.24866164211851380  0.25978447275798999  0.27083853992093776  0.28151627944708363
  0.29132159509688915  0.30052861025920447  0.31011820586676819  0.31925313318701998
  0.32787005430870747  0.33620685345600926  0.34454111487289835  0.35305089758742642
  0.36139785298717525  0.36947453529170904  0.37718526245869033  0.38450359765097331
  0.39158288548713988  0.39847524003370871  0.40502419920638583  0.41144107372408140
  0.41791512956717336  0.42473310562912864  0.43130347166188160  0.43780807159509116
  0.44434588645233947  0.45090363225190616  0.45776670063633629  0.46473106163169986
  0.47157070154405506  0.47808173863163517  0.48470022182520106  0.49155895180452275
  0.49810160450816571  0.50408500468303363  0.50969938018158489  0.51525917908606511
  0.52058705291324359  0.52621555317423341  0.53247507694257645  0.53899304943648518
  0.54534433201778887  0.55143559985795287  0.55735532878002536  0.56316589633835656
  0.56874791387507551  0.57425350899293304  0.58001042652893242  0.58588026030608986
  0.59187392719697018  0.59798891677540722  0.60403060539551212  0.60993765582965176
  0.61601821025501580  0.62201426285651851  0.62839132589503144  0.63452791741738590
  0.64058943027272319  0.64697511069201596  0.65322240771449447  0.65948484684345454
  0.66571232176517148  0.67194938597397891  0.67804578140600380  0.68408911375299120
  0.69025043674483944  0.69662038073005650  0.70322255595027627  0.71004235138091665
  0.71698581318546550  0.72398614455384935  0.73106101607816554  0.73825778894171512
  0.74568552139657929  0.75344044932445353  0.76168591243424832  0.77034971886665182
  0.77925955006320313  0.78844722696246661  0.79780701582371993  0.80769021357574255
  0.81774354832727281  0.82903392223696737  0.84124762660059793  0.85462590485408463
  0.86966783479790444  0.88817661518469282  0.91855947750162792  1.00000000000000000
   1.2210848784929211E-009  -1.0000000000000000     
 F F F F F F F F F F F F F F F F F F F F F F F F F F F F F F F F F F F F F F F F F F F F F F F F F F F F F F F F F F F F F F F F F F F F F F F F F F F F F F F F F F F F F F F F F F F F F F F F F F F F F F F F F F F F F F F F F F F F F F F F F F F F F F F F
  <DiscreteSampler_grid>
  grouped_processes
  1 # 1 for a reference and 2 for a running grid.
  10 # Attribute 'min_bin_probing_points' of the grid.
  1 # Attribute 'grid_mode' of the grid. 1=='default',2=='initialization'
  0.0000000000000000 # Attribute 'small_contrib_threshold' of the grid.
  0.5000000000000000 # Attribute 'damping_power' of the grid.
 # binID   n_entries weight   weight_sqr   abs_weight
    10   10   7.776914022038635E+003   2.116214938172069E+008   7.776914022038635E+003
  </DiscreteSampler_grid>
