  0.00966327608665155  0.01594609756790865  0.02423391743996854  0.03316264458180725
  0.04263490209831797  0.05261531261722128  0.06268152399491976  0.07319008975374887
  0.08419711664377691  0.09552529227397856  0.10712751594794724  0.11880673200636344
  0.13041867831294460  0.14177137775643195  0.15248601246071544  0.16274235828250161
  0.17302164849213370  0.18337596505326578  0.19355600471200635  0.20356920893890842
  0.21411939731457655  0.22529417508705282  0.23623132118646448  0.24677035351305129
  0.25716320990809444  0.26730088156692700  0.27729860851566052  0.28718354934253321
  0.29754213807691954  0.30806051962665532  0.31868388856139768  0.32921284188566879
  0.33972426155281310  0.34995601779788338  0.36019156046406670  0.37056508269833044
  0.38091097058625850  0.39073724584585240  0.40096154466550477  0.41160408463113002
  0.42261007948214535  0.43320250522259429  0.44368740184217620  0.45357421518392171
  0.46364113548777047  0.47422856465723129  0.48498120012821611  0.49534943392451125
  0.50554589734041577  0.51571288502349055  0.52598400284428981  0.53619047715609047
  0.54650569817444838  0.55682773343956349  0.56709373563082255  0.57713314396781379
  0.58741756416177671  0.59820412361317088  0.60930282347779485  0.62046262318932499
  0.63154157447616177  0.64245736892117455  0.65356535065423027  0.66461773636174859
  0.67480931629153540  0.68466391741609234  0.69490276319710609  0.70553236229496585
  0.71643926996121621  0.72723719769824069  0.73832696771664419  0.74917894623997405
  0.75952538620555998  0.77014395636867772  0.78114305283687957  0.79211493894343310
  0.80135819672327990  0.81130659862642496  0.82142729587016194  0.83169097027551186
  0.84199925956256894  0.85269514219292408  0.86418484540348728  0.87571583015574928
  0.88671175944630776  0.89739424853589744  0.90799789169461742  0.91881639637083434
  0.92947644700398968  0.94026223630276873  0.95136395677337127  0.96252744284540181
  0.97313262066326045  0.98241529140141759  0.99140417124935476  1.00000000000000000
  0.00000244347311753  0.00000252733356168  0.00000257260343968  0.00000262010691679
  0.00000266587594468  0.00000272471846449  0.00000279449218424  0.00000288036590492
  0.00000298082843286  0.00000309747637283  0.00000323062847148  0.00000338107056044
  0.00000353703566595  0.00000370647976001  0.00000389164055648  0.00000408495708369
  0.00000428848066368  0.00000451161785758  0.00000475605650425  0.00000502829499225
  0.00000532430930322  0.00000563205538918  0.00000596333434104  0.00000631154621100
  0.00000668380466406  0.00000709030485967  0.00000753007942624  0.00000799478133715
  0.00000846206761555  0.00000892624948664  0.00000940448014079  0.00000992351075412
  0.00001049062312194  0.00001110134680970  0.00001173537667560  0.00001239316624137
  0.00001313185989439  0.00001392592559130  0.00001476276144569  0.00001563912858594
  0.00001655561390349  0.00001751763112090  0.00001852399140491  0.00001957062404323
  0.00002069640060339  0.00002187168632601  0.00002310028034499  0.00002442529321465
  0.00002583015738608  0.00002731920530693  0.00002890922580909  0.00003059616505242
  0.00003241342772659  0.00003435543685382  0.00003635172719826  0.00003835460001918
  0.00004055887448294  0.00004298780650313  0.00004562927996515  0.00004848518323214
  0.00005148086082234  0.00005455660646648  0.00005776899451469  0.00006123726771711
  0.00006482108828236  0.00006876284864045  0.00007294210845415  0.00007783818119542
  0.00008348002712502  0.00008953854793227  0.00009588232835269  0.00010264004040814
  0.00011009855275231  0.00011844940607880  0.00012789960139043  0.00013868370680353
  0.00015104586976530  0.00016437726052450  0.00017892201710791  0.00019589243521603
  0.00021590045288081  0.00023898208305225  0.00026535185278036  0.00029578356396311
  0.00033211841461009  0.00037943980853099  0.00043331175366291  0.00050780998361769
  0.00062728467478152  0.00079447249331373  0.00108548692626879  0.00165772760112815
  0.00340077355091055  0.02234434678699264  0.45782272447664918  1.00000000000000000
  0.00000235439684254  0.00000261973184560  0.00000287263261729  0.00000313431098817
  0.00000342540211036  0.00000372766243772  0.00000402426189657  0.00000432504615770
  0.00000466178207238  0.00000501101235126  0.00000536865572223  0.00000574935894331
  0.00000615954083100  0.00000658379198268  0.00000702225843627  0.00000747670990994
  0.00000794316855278  0.00000842427708827  0.00000889825454487  0.00000938425234536
  0.00000988154534063  0.00001036883594837  0.00001090066744452  0.00001145048102677
  0.00001205249035628  0.00001268754353972  0.00001336706802027  0.00001410035904735
  0.00001488356446715  0.00001571479676948  0.00001658591625738  0.00001748652716821
  0.00001841272337869  0.00001935045705587  0.00002031294008219  0.00002131808423928
  0.00002238489878080  0.00002350696596234  0.00002469048763475  0.00002594343631268
  0.00002724970178205  0.00002855699635990  0.00002985768869315  0.00003120706215551
  0.00003262939419718  0.00003403749234996  0.00003551140147235  0.00003707371149435
  0.00003869458143507  0.00004038203391061  0.00004222156391999  0.00004424102351685
  0.00004636074167602  0.00004872415226329  0.00005114905414391  0.00005373281668866
  0.00005646315881418  0.00005940929442587  0.00006241675201686  0.00006571598145339
  0.00006937820458595  0.00007320650685187  0.00007721083210489  0.00008128155078388
  0.00008546396225210  0.00008990296323545  0.00009462367052011  0.00009956026401488
  0.00010479395853764  0.00011045564514982  0.00011669382518843  0.00012418022497715
  0.00013253585229336  0.00014179976061113  0.00015236136959434  0.00016375475797845
  0.00017568312617462  0.00018882989144765  0.00020396877534247  0.00022179842695114
  0.00024281760496983  0.00026691309445975  0.00029392073671346  0.00032531419326806
  0.00036326901610958  0.00041173280833714  0.00047762268843759  0.00056591587870444
  0.00069247978264933  0.00087949116694975  0.00112672630890003  0.00157966381025144
  0.00302355255194692  0.00724296859019268  0.16141074096323155  1.00000000000000000
 -0.00238828609842973  0.00893257418041018  0.01983698160631855  0.03035699313490878
  0.04076570754783791  0.05146743574616615  0.06256484701798150  0.07422961496135269
  0.08539213058179090  0.09559297572782204  0.10548761969874887  0.11510557123885477
  0.12477572586382138  0.13411700239801680  0.14308630773584646  0.15304256199647745
  0.16356640941901679  0.17475006430729956  0.18600489305674692  0.19742172865434487
  0.20796980105006840  0.21865554237261281  0.22999900216240204  0.24230609469581274
  0.25369215329446609  0.26435066060070028  0.27525679687768401  0.28689015322728895
  0.29710297441486688  0.30709348257195435  0.31669773559724579  0.32691694639604607
  0.33730018260020023  0.34758757939718921  0.35773497489733008  0.36774051742730501
  0.37766600968882097  0.38760658797369946  0.39761881007979721  0.40743099522675819
  0.41725794787961135  0.42727173347615655  0.43773818299878792  0.44912736624397082
  0.45957472193675231  0.46903819116978268  0.47832173372962800  0.48764748316839157
  0.49661788980997068  0.50502901173896309  0.51363038741923051  0.52232297936818506
  0.53138014741822648  0.54070247328907195  0.55083473422036977  0.56167989435782406
  0.57270292314720939  0.58360437837338774  0.59407487351086619  0.60426526647669654
  0.61437404112964333  0.62465273837908997  0.63511480284865274  0.64541533213317082
  0.65582071443373247  0.66650162476231911  0.67733157731951010  0.68815578444938197
  0.69881372203772363  0.70972673472863512  0.72070633857380895  0.73177913943332984
  0.74274363338957583  0.75421329980527174  0.76609180235097918  0.77817951186761936
  0.79051449033682453  0.80290679963519029  0.81504911553370041  0.82641342870247114
  0.83753233388733883  0.84827008413463789  0.85910078611389507  0.86972860474985936
  0.88065635851561253  0.89155197951968113  0.90261044947869418  0.91358971857021098
  0.92492098250901111  0.93645725162613624  0.94813035503822440  0.95950804141612667
  0.97020026609177024  0.98070862642595769  0.99042913205388750  1.00000000000000000
 -0.00230004273894281  0.00926521373073550  0.01927835287809777  0.03060874247204678
  0.04169032892127845  0.05358896863062104  0.06509813681008542  0.07609533217622075
  0.08658941336877872  0.09745515994523882  0.10885629825544375  0.12033900508678377
  0.13137575072819282  0.14211849536788793  0.15339299079145172  0.16488606978633574
  0.17616711228054110  0.18744354964725241  0.19877628206692649  0.20995862391217449
  0.22086370489120788  0.23166993806738392  0.24250443237341190  0.25299958959387647
  0.26307319425795722  0.27247853867162886  0.28142715088788606  0.29064030494221144
  0.30076439261492616  0.31070583334594981  0.32093160398170273  0.33137792486491374
  0.34112035914634675  0.35110978362175643  0.36108632666513557  0.37077857074951631
  0.38078695483607494  0.39054563111323159  0.40036019064243916  0.41091516818731677
  0.42165010270534109  0.43269459942169269  0.44353657094233079  0.45424823979658485
  0.46490445147691811  0.47561015807910018  0.48702967141456099  0.49896633686872138
  0.51075873490989376  0.52201790493158196  0.53309865501757769  0.54382553906314635
  0.55412847928167175  0.56390762013799023  0.57314106159130995  0.58210563221404144
  0.59124085387597591  0.60059524528213659  0.61080026143256594  0.62168986070638199
  0.63277109572707169  0.64347111345815200  0.65403944371403844  0.66449917803658298
  0.67486252506405475  0.68512892608651543  0.69547677413749232  0.70578551128870426
  0.71609272405417157  0.72649205383930093  0.73692771822963687  0.74760868104620759
  0.75840564191809545  0.76972003909698150  0.78085203333148179  0.79180648577671242
  0.80285131629716722  0.81377434969333418  0.82464748294519541  0.83471134360547827
  0.84420866162992847  0.85365776970966223  0.86355667957224158  0.87377074076839123
  0.88419004397386014  0.89484249259585980  0.90592996128357883  0.91676334226709710
  0.92716250655344035  0.93707159986285660  0.94767370566740816  0.95809430077514279
  0.96846058417757142  0.97891192437303098  0.98960912291625425  1.00000000000000000
 -0.00251637111460244  0.00941530019399552  0.01938253955274659  0.03027766302074468
  0.04196076251148097  0.05146690964154244  0.06111140599540595  0.07079145454839843
  0.08058729029007128  0.08989825848246667  0.09921556297003481  0.10885843483921594
  0.11896921619850931  0.12908056447271002  0.13912294681716333  0.14924494868029387
  0.15920395865230402  0.16944235509966146  0.17987919300662233  0.19022601276925552
  0.20040114294815653  0.21073129525915674  0.22156006751389187  0.23272851144374507
  0.24382791725885475  0.25481533727708955  0.26566213649979431  0.27648073996818490
  0.28732635622896274  0.29835244825511886  0.30982795221020093  0.32129772539197621
  0.33319204208407904  0.34459296867779388  0.35609691299433194  0.36685961831907499
  0.37744334480648140  0.38716848665765230  0.39732172937643395  0.40796757168934000
  0.41912458245294931  0.43039983731786491  0.44131882482449125  0.45216563046234198
  0.46285320348021175  0.47399771348595759  0.48569133739944220  0.49769904324885444
  0.50912689751981244  0.51957435912693006  0.52948659309724044  0.53867132876852319
  0.54863242362761111  0.55883478020591359  0.56990010193032348  0.58124123398367400
  0.59219986375827172  0.60311959764734235  0.61374384841840013  0.62385276648198962
  0.63324475379465961  0.64286531827603366  0.65303549763825652  0.66362692530678724
  0.67358955286500855  0.68343800969788304  0.69365043668425452  0.70423101142872657
  0.71463077414460374  0.72493778114755858  0.73550667691514016  0.74593625204401814
  0.75709594789545709  0.76795010158005894  0.77870191827300972  0.78950480292539538
  0.80014408765353207  0.81082733931126472  0.82197055763766391  0.83301190808761705
  0.84391520981698376  0.85453735162221434  0.86537917614717141  0.87561735507335514
  0.88548942884234982  0.89509275399281107  0.90476213838595221  0.91439640315272075
  0.92480492080656063  0.93577789335565043  0.94678752264887645  0.95763182039841610
  0.96855032804780161  0.97957302596052009  0.98963100492554779  1.00000000000000000
  0.00004429708597539  0.00010695118240135  0.00046261726067720  0.00095965383006557
  0.00154089510750115  0.00192292071880585  0.00232153348584847  0.00274101871531900
  0.00316945804201904  0.00360299500104764  0.00404085734030485  0.00448541002354326
  0.00493934340490758  0.00540478368899638  0.00588041533325676  0.00636259421635481
  0.00684993499466315  0.00733767845514733  0.00782691226380061  0.00832874734711688
  0.00884752393987664  0.00937009028650109  0.00989959367364745  0.01043090120901782
  0.01095534661306635  0.01148475719564434  0.01202314253732634  0.01257057186481367
  0.01312426906357463  0.01368628172058877  0.01426075523572648  0.01484715877306732
  0.01545205098276494  0.01608407469306312  0.01671944743418917  0.01736037159728851
  0.01802327583461740  0.01869847134934598  0.01936830033631498  0.02008492176540173
  0.02079701725083529  0.02150680703892468  0.02220271975613811  0.02289093758261920
  0.02359386375702884  0.02434772884557727  0.02516129745406064  0.02602223320891149
  0.02695545464749303  0.02797011292548949  0.02905214240501092  0.03013582982487009
  0.03112805869530251  0.03204843646363632  0.03295879038225018  0.03387942719052996
  0.03479648258672918  0.03572646583609237  0.03670955624740178  0.03774063490732693
  0.03881400909920100  0.03996716249616675  0.04118989533809026  0.04248272630036340
  0.04385306720119056  0.04528912631235803  0.04683380456525306  0.04847050898905132
  0.05000917309627716  0.05152896998417707  0.05300139950512996  0.05426018493070050
  0.05566288507710651  0.05720486780674133  0.05865222459753854  0.06032889709921808
  0.06237934130062091  0.06430905242960817  0.06638870523609169  0.06846264774316459
  0.07084291858263238  0.07382834578157543  0.07690998583335426  0.08092256774943132
  0.08589893900764781  0.08977031887760137  0.09477813066026207  0.09772653790783377
  0.10233300167547142  0.11063642936435482  0.11841107853323912  0.13027001932521734
  0.14989055185710246  0.17457438768328618  0.52194634688211450  1.00000000000000000
 -0.00279431498944612  0.01115156701915640  0.02258579935072662  0.03297319164328127
  0.04380313965289466  0.05537944199872619  0.06711137645345362  0.07728402505886493
  0.08761896760537120  0.09805595852827000  0.10808117968248446  0.11792813877915444
  0.12873092968295313  0.14058561319323234  0.15207221446455846  0.16273705277220546
  0.17300640102874976  0.18298022353751703  0.19273590717510478  0.20258883160394045
  0.21262057185740729  0.22273869762629447  0.23284397109020577  0.24324735142555440
  0.25391214146755686  0.26441698847806777  0.27475729936290422  0.28522426333199108
  0.29559281287474209  0.30551547650912075  0.31464183865064477  0.32315360904353069
  0.33169621885582162  0.34107678873132036  0.35111294563213352  0.36148150450580441
  0.37193715842656111  0.38210640720848954  0.39200593825756186  0.40186462999241818
  0.41137509871326411  0.42032359069592418  0.42900460353035197  0.43787390829435618
  0.44727457687928490  0.45705223691153229  0.46641463218066453  0.47542228702848099
  0.48448281455852527  0.49394280834117715  0.50349538089352563  0.51304799339065821
  0.52276566416270709  0.53288978042339707  0.54316029280685385  0.55224557574294020
  0.56112321414113375  0.56985278214594093  0.57846451925291009  0.58687101526895902
  0.59532122876584159  0.60438825107601646  0.61472538025491941  0.62490851569951988
  0.63523543561690765  0.64503972153741740  0.65531014756703676  0.66556891858275480
  0.67659333545581235  0.68770991331109055  0.69881196604225049  0.71007049469891936
  0.72149128077823155  0.73311228851130872  0.74474430241119027  0.75634179408130953
  0.76767719240852261  0.77906623374953654  0.79072820224350138  0.80248706886167509
  0.81482375744404223  0.82673100824889645  0.83824519906190631  0.84986958568420168
  0.86219171535836381  0.87504117983402618  0.88724757275390265  0.89922867565243914
  0.91101527318147812  0.92368954235466216  0.93666252475659972  0.94961147118675371
  0.96282107602764755  0.97598570203919166  0.98828832266741917  1.00000000000000000
  0.00988096996544447  0.19561366644677231  0.30469727210639053  0.38441168418925259
  0.44534107338868900  0.49651452088653286  0.54009368979563099  0.57714425976044625
  0.60970006478805738  0.63830336083640293  0.66376740396674860  0.68620929040337997
  0.70624769123412556  0.72451580666053284  0.74136480690528883  0.75663869873194867
  0.77064119792883223  0.78359430745274294  0.79560430686476535  0.80689977304313243
  0.81747430674263644  0.82734917072270664  0.83628273557145483  0.84461415095819659
  0.85241487557898210  0.85967888467651599  0.86652716463199786  0.87308472438287588
  0.87922055857590409  0.88496584510721243  0.89049309040616698  0.89580763962962118
  0.90068969922351616  0.90521419058687214  0.90949147384894047  0.91352341147157456
  0.91735356762123255  0.92079863576541288  0.92406471247993183  0.92729140496310636
  0.93041731877049283  0.93350928788455623  0.93648117538999709  0.93919992017050202
  0.94172242352976021  0.94414970734378767  0.94647896616429206  0.94872149236293735
  0.95091042393069014  0.95304805277324545  0.95514995452450413  0.95719933128215595
  0.95914574484066539  0.96094136237165073  0.96261061821609961  0.96423792714865741
  0.96581073059124634  0.96733977074491517  0.96878446037836730  0.97013792402599863
  0.97140830498665431  0.97262572019508853  0.97379461106975118  0.97495599291099311
  0.97608948518929473  0.97718644259994536  0.97828315146127820  0.97936437950314414
  0.98042346201566521  0.98145101648797795  0.98242719063175277  0.98336295251566719
  0.98425768622384546  0.98510916301442086  0.98592529722159050  0.98672243570973839
  0.98748766945759991  0.98823672217857683  0.98897156418367649  0.98968134425718912
  0.99036972513740362  0.99105287217390192  0.99170292539690086  0.99231849109568648
  0.99290763784940661  0.99347794694786062  0.99404401221909333  0.99460493427131913
  0.99517470419721310  0.99575769449098117  0.99634313520273643  0.99693968823025736
  0.99758907557190490  0.99830714130779885  0.99911070810529090  1.00000000000000000
 -0.02153270229647306  0.10664321913897609  0.14587338318965121  0.17202801658453418
  0.19306925707053180  0.21050761547028427  0.22512834779480131  0.23862825101046561
  0.25114428016645740  0.26198781015102968  0.27209753515771551  0.28200060528754756
  0.29164687606258960  0.30103693916841107  0.30994892114245215  0.31885132311768571
  0.32770718429622520  0.33648199106396087  0.34516588909708606  0.35360029061032905
  0.36212514521663969  0.37085357274320874  0.37908389991328373  0.38624787366433411
  0.39349182187282727  0.40049544856654545  0.40790284295782447  0.41546929790259768
  0.42278203014169419  0.42973198821377007  0.43658977434390855  0.44326683848009790
  0.45000841947148512  0.45683643804673990  0.46319049231752424  0.46920056336826188
  0.47514913936124470  0.48124298160201084  0.48770951104021065  0.49449098298173289
  0.50146347406261949  0.50822531753093225  0.51492218096647435  0.52139947407380172
  0.52752051404366140  0.53371714500263134  0.53973722330114737  0.54562276023869660
  0.55135578231812943  0.55733820809775303  0.56343266100250211  0.56917234178795784
  0.57443603173226809  0.57953623924212594  0.58489536906998418  0.59071995445684611
  0.59649998629770251  0.60212632690015921  0.60774147507602228  0.61331177611766485
  0.61883847812488502  0.62446775557746370  0.63047929941295955  0.63696458047577531
  0.64371253286741559  0.65038979332326230  0.65697758063440848  0.66369422625551777
  0.67035016238638534  0.67709321603531059  0.68361994398163473  0.69037094053447545
  0.69699194418038057  0.70373650497853490  0.71074052980904567  0.71772944657342919
  0.72487295385063477  0.73191285770264836  0.73891468090829848  0.74610973170806949
  0.75360579480367595  0.76109960754656880  0.76883216252238340  0.77639761979609379
  0.78390020485900203  0.79145998763622338  0.79964268841446784  0.80842851915014846
  0.81819510944610141  0.82925179661145831  0.84119480250461443  0.85455674290934369
  0.86957142505138807  0.88824303689118189  0.91746581964795826  1.00000000000000000
   1.1579808278087007E-009  -1.0000000000000000     
 F F F F F F F F F F F F F F F F F F F F F F F F F F F F F F F F F F F F F F F F F F F F F F F F F F F F F F F F F F F F F F F F F F F F F F F F F F F F F F F F F F F F F F F F F F F F F F F F F F F F F F F F F F F F F F F F F F F F F F F F F F F F F F F F
  <DiscreteSampler_grid>
  grouped_processes
  1 # 1 for a reference and 2 for a running grid.
  10 # Attribute 'min_bin_probing_points' of the grid.
  1 # Attribute 'grid_mode' of the grid. 1=='default',2=='initialization'
  0.0000000000000000 # Attribute 'small_contrib_threshold' of the grid.
  0.5000000000000000 # Attribute 'damping_power' of the grid.
 # binID   n_entries weight   weight_sqr   abs_weight
    10   10   2.364341938000175E+004   4.957170551050372E+009   2.364341938000175E+004
  </DiscreteSampler_grid>
