  0.00923407707997330  0.01693918184246856  0.02713555925310856  0.03731587115158762
  0.04774205974331046  0.05824483241556389  0.06904486052669895  0.07960278345557989
  0.09035545998333729  0.10144370319162450  0.11281569380991151  0.12443996695240930
  0.13528427351739741  0.14618848892281872  0.15769402433976187  0.16894039206962727
  0.17907262559382486  0.18888351223064853  0.19899977905585334  0.20935017188319996
  0.22012789173775235  0.23154818277671244  0.24309538650079093  0.25519574205903806
  0.26736758612974421  0.27874474533114146  0.28953125106298216  0.30027638883789831
  0.31095237259989039  0.32132490381389367  0.33119255208649712  0.34092867861569920
  0.35087733324687825  0.36118165561932530  0.37161603545501160  0.38224743106345160
  0.39294626020004714  0.40357683071838057  0.41432792913348437  0.42500913666275558
  0.43575763839920495  0.44649429218354447  0.45735969525013015  0.46790844958588901
  0.47822241356379963  0.48839045239272311  0.49867741983634090  0.50879130975791775
  0.51884169742565889  0.52894907637960631  0.53906691062679613  0.54921813256303587
  0.55955418781231292  0.57019219868868354  0.58087483089963121  0.59144502957670331
  0.60191071250585004  0.61245186514459526  0.62305676901415163  0.63377221386664950
  0.64446067795226147  0.65512901824809178  0.66601145349097324  0.67712101626618837
  0.68842855315458429  0.69973418362318274  0.71104859204632143  0.72243620920532570
  0.73383810546058093  0.74489491102167582  0.75522581468529759  0.76481795507646622
  0.77419538646844444  0.78340074251138314  0.79309392033199277  0.80348500868375017
  0.81369657066887591  0.82298750324909675  0.83213182105951589  0.84191239070484869
  0.85230375627532418  0.86220653404069114  0.87165734535443784  0.88102722378121734
  0.89079317189337004  0.90012926067992771  0.90940764262281581  0.91848349248849004
  0.92755076654273572  0.93675974457843358  0.94664024608793529  0.95658582885747445
  0.96701289766589082  0.97752878303680713  0.98851183727404979  1.00000000000000000
  0.00000233596535152  0.00000373335787767  0.00000494727900740  0.00000677697285036
  0.00000921633260113  0.00001247860797786  0.00001658795789398  0.00002118889106386
  0.00002705872933317  0.00003350793774398  0.00004086117280200  0.00004883324752563
  0.00005719598205164  0.00006608975324789  0.00007632633434011  0.00008820140257560
  0.00010157225029708  0.00011626335261219  0.00013217702031791  0.00014952186899672
  0.00016803534917848  0.00018769449234358  0.00020872245512683  0.00023092317161505
  0.00025436268460681  0.00027962761399739  0.00030741879499086  0.00033867388825245
  0.00037405021827589  0.00041309768431424  0.00045507692266673  0.00050107932418376
  0.00055028666523283  0.00060223784128123  0.00065886839926730  0.00071968979776209
  0.00078072145346789  0.00084152865125218  0.00090421481173221  0.00096956773508001
  0.00103901326489521  0.00111677954248324  0.00120311591047647  0.00129401034060043
  0.00138825917215020  0.00148074453563568  0.00158988458701456  0.00171330875699732
  0.00184965036485930  0.00200494059485269  0.00217119079586838  0.00235602910833071
  0.00254068049372667  0.00272759586858816  0.00292728491851621  0.00314254415542839
  0.00337304905911791  0.00361130930238536  0.00387557453593231  0.00418371761271604
  0.00450410522541808  0.00484401043517651  0.00522085770369329  0.00564336545333182
  0.00606801597676894  0.00650496074022046  0.00695965152595951  0.00744300524100099
  0.00795978254617537  0.00849744000682796  0.00905953644852488  0.00966677555678827
  0.01041110593460260  0.01118874232044362  0.01210622984350005  0.01314865335996772
  0.01421224237832906  0.01522661134245283  0.01618463151499240  0.01722156238193913
  0.01834007856250962  0.01950643807930958  0.02077276341142208  0.02221910098297279
  0.02420829686799598  0.02658715303385414  0.02989506030214241  0.03353096533065464
  0.03768291568712421  0.04406707427586568  0.05182207850132529  0.06622623107382346
  0.07986954779247732  0.11880884695126348  0.39039476328061767  1.00000000000000000
  0.00000217882148327  0.00000392657880620  0.00000599296201026  0.00000859198817137
  0.00001143779497050  0.00001468962808915  0.00001861155782085  0.00002344040596652
  0.00002896648034154  0.00003503382231022  0.00004148433811546  0.00004823470901273
  0.00005558297974067  0.00006322150582357  0.00007166654918531  0.00008086793180803
  0.00009125991844576  0.00010209992782328  0.00011364242860986  0.00012594927258176
  0.00013932110960975  0.00015424114691101  0.00017040124744239  0.00018752070237735
  0.00020631171852445  0.00022638631260087  0.00024738768586870  0.00026999314480938
  0.00029326051431911  0.00031739686436227  0.00034249624503369  0.00036830459698624
  0.00039573865473893  0.00042559462292087  0.00045869879048890  0.00049462825329202
  0.00053370722741939  0.00057681162175577  0.00062315152029614  0.00067212006967142
  0.00072424115376338  0.00078004559619596  0.00084041130920619  0.00090236581660384
  0.00096696168862440  0.00103381675722866  0.00110475121776253  0.00117864832552486
  0.00126436351416056  0.00135592603314192  0.00145738897735573  0.00156038261143996
  0.00168162109289496  0.00180994666493702  0.00194719478208378  0.00209568743904726
  0.00226538681596620  0.00245748781389268  0.00266625786157333  0.00288129687124588
  0.00310109649134542  0.00332948564574847  0.00356991863855915  0.00382947091933020
  0.00410740167954307  0.00439745994430661  0.00471529493953020  0.00506845959559342
  0.00547678451805630  0.00593603640669785  0.00643187197232240  0.00698834916723364
  0.00762872101200920  0.00833826099771981  0.00910843114896564  0.00980509675930861
  0.01047374589210333  0.01121959860064470  0.01212308786112909  0.01314692761782647
  0.01410958430531488  0.01505409224347818  0.01613821946572122  0.01747969858672271
  0.01883024312404073  0.02033100476099289  0.02194838384345615  0.02489158860561858
  0.03028299673875714  0.03816104758500730  0.04364657360342263  0.04755455732253114
  0.05282995760908346  0.05924727076907515  0.22635221216873211  1.00000000000000000
 -0.00264051710071141  0.01048394612040257  0.02113599352940346  0.03174321742536047
  0.04223102857292436  0.05268024700855270  0.06308208889966781  0.07368670343933378
  0.08423703966520107  0.09548734328499124  0.10525835497415573  0.11532015226765475
  0.12493241084511789  0.13491944581088566  0.14545384110907494  0.15623592543656434
  0.16725314723253351  0.17821896471867510  0.18928824148093579  0.19972108491912235
  0.21041562843303013  0.22133045273107260  0.23171465560771420  0.24152596433668944
  0.25125265352616688  0.26151734755573980  0.27169241231850916  0.28140228511359139
  0.29114980544829216  0.30154662783157871  0.31227837051545870  0.32320139769432282
  0.33396492557249052  0.34468881033630649  0.35519361137977334  0.36536327990154283
  0.37533124588397521  0.38473716160415333  0.39418822943225229  0.40347330242102980
  0.41285063937906108  0.42231396336446014  0.43198921878731750  0.44205503895563186
  0.45262601308294026  0.46359919376636816  0.47475609982857186  0.48580203095731711
  0.49699086195799042  0.50799521798798897  0.51871618475221826  0.52941185769067201
  0.54034111232040172  0.55111024526012498  0.56174809395003322  0.57250644310348064
  0.58334362962225961  0.59413473979332709  0.60492206021266659  0.61571073910735741
  0.62664878168583216  0.63764186626694563  0.64851419310916558  0.65904933208645045
  0.66941760826169094  0.67986219973501061  0.69150919943026246  0.70335587974452762
  0.71473066455040524  0.72596690884372728  0.73759994582025890  0.74941188174656215
  0.76089694667301999  0.77206845376057376  0.78307907478434668  0.79414974320779974
  0.80536299300272629  0.81615808742801021  0.82633405197305099  0.83648358054784999
  0.84656947902938751  0.85659192249621963  0.86641323205369947  0.87626387356750413
  0.88632201499029695  0.89621438688716670  0.90595662421196910  0.91597710286603629
  0.92639272314975474  0.93674571540099516  0.94709158168313667  0.95728384889034868
  0.96773809173371184  0.97844073564010192  0.98928486693601680  1.00000000000000000
 -0.00260107779510640  0.00947126448256286  0.01958439778376566  0.03013143435789592
  0.04098162710928718  0.05215956883869490  0.06293931850094138  0.07308546491601052
  0.08312549778185459  0.09327811791024604  0.10356879447702205  0.11398290695850441
  0.12391206599862961  0.13479268516492418  0.14402586062138692  0.15387711361575718
  0.16330781442968231  0.17412722624997953  0.18462582622523041  0.19538423592144502
  0.20621786494208585  0.21834637432499904  0.22918017276741570  0.24068252582079866
  0.25153374257555355  0.26246404297584996  0.27379940224379318  0.28486966214539483
  0.29552926268191521  0.30561194342504999  0.31627014379866020  0.32768213794877860
  0.33894719880066143  0.34997962211473221  0.36090282846009125  0.37191860553530764
  0.38283913835847111  0.39393755194818364  0.40510349541532475  0.41566118692961507
  0.42619083230919136  0.43663088673854922  0.44774643878725690  0.45935074158280004
  0.47070526870399609  0.48141110717479318  0.49161543113282663  0.50212911090929457
  0.51343299024301503  0.52524211110059371  0.53711088721674927  0.54907440443935895
  0.56058562103057341  0.57148328136763005  0.58198684625068664  0.59210319150355961
  0.60231623284674185  0.61307170179097714  0.62441453153312365  0.63573531737581268
  0.64650743079747419  0.65686073283112290  0.66691842007866398  0.67711962555607597
  0.68777428528670559  0.69890114366083478  0.71008006805037860  0.72072362355043562
  0.73070542605144495  0.74037664225833666  0.75007336332876273  0.76019957625123225
  0.77017001828716947  0.78026721951727451  0.79015226927201843  0.79969984698790164
  0.80869982202322177  0.81777275508846858  0.82742563132980518  0.83776237879116355
  0.84808362018587202  0.85823678742779774  0.86826309400943613  0.87824561705820980
  0.88789433843546528  0.89852337050624964  0.90891133596213880  0.91891928257006295
  0.92822382826143202  0.93819562330938644  0.94817509584994630  0.95782158598862643
  0.96729258538641960  0.97626644998336587  0.98776271675827021  1.00000000000000000
 -0.00240352328809560  0.00987356964094574  0.01944084363433777  0.03019593192089646
  0.04022176352912268  0.05093007307190501  0.06141716904322270  0.07301947868554229
  0.08445270171755838  0.09512495608704553  0.10590493488521664  0.11706445011354663
  0.12846923208235606  0.14032103558616790  0.15183647543449957  0.16237145117866419
  0.17212923900583282  0.18176805075881441  0.19108432223849614  0.20061738962494399
  0.20959047283977714  0.21849692952225513  0.22719014336979437  0.23655809172978823
  0.24506050625164089  0.25433452354600705  0.26468247487626129  0.27510203340850442
  0.28547385218809090  0.29616507133947523  0.30768710688642337  0.31936094787777453
  0.33028550539637558  0.34166777357611683  0.35312319782176727  0.36555003934500130
  0.37748699695078619  0.38925465319322733  0.39986846976913104  0.41020997759103445
  0.42097033098328251  0.43240648668707082  0.44232897694261680  0.45164202650015089
  0.46133763095446517  0.47140194693467252  0.48137936028550721  0.49080356837956540
  0.50052810742744136  0.51101897058348855  0.52198012556402740  0.53307332904993310
  0.54434403833913270  0.55514065319672579  0.56648163614410629  0.57790804226519832
  0.58907978768826275  0.59867576119317822  0.60864202168322046  0.61866154406489071
  0.62870403214721682  0.63845913211615957  0.64870188512772453  0.65953176333235974
  0.67024565414169912  0.68060803310990703  0.69066285775646719  0.70074963306277738
  0.71102598591834354  0.72167634684493198  0.73225170682774965  0.74300520271706205
  0.75379866678448437  0.76468827064721845  0.77572639805660515  0.78678180815821241
  0.79760659641013543  0.80829166581673562  0.81940252530538449  0.83085401837907191
  0.84226890237127428  0.85335875911543679  0.86404484387621083  0.87460195309082400
  0.88466440656616174  0.89503580841508978  0.90511500276501711  0.91578925528229671
  0.92593365413254358  0.93639870838757611  0.94704776630771115  0.95795842847182844
  0.96859868602005683  0.97916000857036667  0.98957609162690074  1.00000000000000000
 -0.00028619812876702  0.00111970429942193  0.00263719732811030  0.00405727340756405
  0.00534022068440403  0.00655319392947301  0.00772448197291453  0.00886525530129235
  0.00996534369815410  0.01102776406161772  0.01206575731835229  0.01309489494160152
  0.01411890717039220  0.01514085428539647  0.01613368871398341  0.01712508383376653
  0.01813425181177281  0.01917288894612910  0.02021983283247906  0.02123018532242520
  0.02219187270167276  0.02313301590781678  0.02403989522776043  0.02498493501777118
  0.02596608519366709  0.02694425960799964  0.02791838705677970  0.02890847023409047
  0.02994032955997157  0.03098780161218390  0.03202836888014351  0.03303828849438906
  0.03400825764829568  0.03496315987781148  0.03590942718839698  0.03684246152461998
  0.03780436110661821  0.03879525271544512  0.03981911076248892  0.04089265722629554
  0.04201237203911214  0.04316187677105361  0.04429596729376189  0.04536353303862346
  0.04639370672128255  0.04739693240786169  0.04839249557240625  0.04939124033427943
  0.05042577638662454  0.05150285314113292  0.05267604846299916  0.05391233047725107
  0.05517805332765495  0.05644622685280493  0.05766359628305671  0.05894376950099205
  0.06030134995217393  0.06178263103051889  0.06341691823405063  0.06507439245426472
  0.06667935235926217  0.06827392926144425  0.06988953958276309  0.07146962397054978
  0.07305842237966825  0.07458129026192192  0.07642130158671141  0.07822436548286270
  0.08018555485841444  0.08213417981566092  0.08385083749059599  0.08565232960883037
  0.08763126761755259  0.08949286586499831  0.09128154061901424  0.09321905076221472
  0.09580994417747413  0.09849066831263466  0.10136954655292768  0.10428833010544764
  0.10699269072035889  0.10940179487213611  0.11298189008566076  0.11679153400299176
  0.12145883654913035  0.12657498064072273  0.13103889572340593  0.13670002132688155
  0.14188450727714386  0.15203981801131614  0.16820138765063392  0.18513831297344185
  0.20500021422688300  0.24728011014730952  0.66357609330606893  1.00000000000000000
 -0.00266890955193428  0.01094628776597435  0.02245554776274125  0.03631340454353158
  0.05036569033138391  0.06579951630365263  0.08243508459345426  0.09998346065796791
  0.11762739956620313  0.13541464110878995  0.15364146792469652  0.17153956092417860
  0.18893285667216050  0.20649004990635147  0.22455912376194137  0.24257715371603356
  0.26195218167041023  0.28145128849632484  0.29984131524055047  0.31821517828708534
  0.33765684067112955  0.35858809554703508  0.38107690885591078  0.40578306071105436
  0.43216599682748535  0.45750031131156255  0.48095790032621005  0.50205381625432366
  0.52086835032743706  0.53725795848554858  0.55120608142196226  0.56251684233118471
  0.57352904613492084  0.58401502645521497  0.59491796617835679  0.60518806962489990
  0.61564962976838533  0.62554514810361583  0.63460826277065152  0.64294402861912658
  0.65055460214248972  0.65775014328425707  0.66499060554724065  0.67198563563635050
  0.67858598947818782  0.68495408449987638  0.69110292926268690  0.69717848602741117
  0.70344484090849935  0.70966787107556806  0.71596120148066722  0.72222248919687471
  0.72862713763878484  0.73469722152619932  0.74048074538432429  0.74594058748068093
  0.75120957198357019  0.75644841383231698  0.76157787356403617  0.76693296537461986
  0.77238354479292370  0.77773400570034790  0.78310599664392300  0.78843511207585260
  0.79379656536690446  0.79927581886196841  0.80461290308132394  0.80997818600834093
  0.81562273868385904  0.82122681217278115  0.82674053261095570  0.83209093113723498
  0.83737638309283569  0.84281126202015599  0.84863733609478609  0.85440535082935498
  0.85960884841690455  0.86504452670055187  0.87084933665740683  0.87705222006144679
  0.88318097244800797  0.88927004906993712  0.89534238099946084  0.90165982721378757
  0.90824779869407923  0.91497849173217061  0.92220850439790325  0.92934076602553051
  0.93640583677508515  0.94368194088416513  0.95167367973919981  0.95985641286214840
  0.96950574538051915  0.97909351264795486  0.98965079610746753  1.00000000000000000
  0.00929606810148263  0.27136759255453569  0.40346435295308980  0.49288951505267892
  0.55912180303327152  0.61103392376583898  0.65342699553313000  0.68827278875273545
  0.71701700313418915  0.74196312764731542  0.76373070921124997  0.78279241613346884
  0.79972812567107643  0.81487246703905547  0.82841299326941764  0.84031155753915898
  0.85106048308210192  0.86087647279721280  0.86994492654362221  0.87822886052408666
  0.88567380354073377  0.89265143340958530  0.89901065677937886  0.90474656114279239
  0.91014925201386609  0.91513268676385984  0.91966158691940691  0.92386749758090358
  0.92789798684907243  0.93177360719962432  0.93541519655089511  0.93872036224524391
  0.94166099064707565  0.94449167799928502  0.94722369869231593  0.94982860386672574
  0.95222648604121718  0.95454018306106858  0.95666903371886614  0.95867400646777190
  0.96032173218903794  0.96190863180568686  0.96346697215551336  0.96497342995877988
  0.96642355684650649  0.96782141445152481  0.96917131950110369  0.97048851397675318
  0.97176394568846702  0.97297016884857501  0.97411878128662466  0.97524687955041867
  0.97632234696379805  0.97735958365498199  0.97837208613307813  0.97935052034014847
  0.98026273322544977  0.98111617336932122  0.98194136704154533  0.98274650745684555
  0.98352204174377422  0.98426718936226631  0.98498188039406775  0.98563416875395771
  0.98627257936262014  0.98690545281327247  0.98752309413198536  0.98811917617202838
  0.98869683093810146  0.98926132276821599  0.98981134766881618  0.99033268363379612
  0.99084962516270492  0.99133571463691517  0.99179293689567227  0.99224033523194266
  0.99267694119362693  0.99309303673996197  0.99349433409276156  0.99388302901856862
  0.99426255013359133  0.99464457977878096  0.99501691191189234  0.99537177700864476
  0.99571501009031949  0.99605650340279217  0.99639817686871168  0.99674332584957082
  0.99708935873405413  0.99743357131418320  0.99777140486093119  0.99811864715496501
  0.99848130062375562  0.99887615083114800  0.99935741364553421  1.00000000000000000
 -0.02213446930724859  0.11057058600698395  0.15154138334575490  0.17808049631969883
  0.19847505962040773  0.21559371694699289  0.23082400699111455  0.24424589685261444
  0.25638181085112105  0.26817044910108029  0.27916782765934184  0.28921845681292707
  0.29852324415477899  0.30767291649406731  0.31691276212395741  0.32587443865908461
  0.33455572911784348  0.34291151872910769  0.35121635956784170  0.35940965669923786
  0.36763344276584164  0.37577129401348031  0.38346689336519979  0.39088867294106688
  0.39786183549014142  0.40489619710679570  0.41194001264916125  0.41898315378542084
  0.42552480427729150  0.43185769694126336  0.43810191277884464  0.44439625547347567
  0.45079763993067046  0.45720300385986412  0.46343184463304216  0.46950021808002818
  0.47550028239701786  0.48155563073566487  0.48780870837872303  0.49423957074943098
  0.50066208451860084  0.50699673340714979  0.51343670832250055  0.51978173023994823
  0.52565739075801454  0.53131365725671731  0.53700126525307279  0.54262171259481728
  0.54792766263824833  0.55338813349457405  0.55910552238583200  0.56479511893954892
  0.57072024901606977  0.57649225645178326  0.58225408765424147  0.58811174653576304
  0.59382273161746446  0.59945371522272850  0.60515756413089772  0.61092656919731736
  0.61681925821613370  0.62291602808653967  0.62916389760909985  0.63564052948272076
  0.64219580602333892  0.64861212554115166  0.65517688109051364  0.66167966836767267
  0.66829136951973878  0.67458071287815913  0.68072210198723215  0.68668713517594482
  0.69263323634245899  0.69895627322054632  0.70567038080875233  0.71256847928228562
  0.71953019050515310  0.72663275384880321  0.73347919070636658  0.74055766742928009
  0.74769259552184286  0.75486285594810232  0.76196273564273864  0.76922260284047372
  0.77672685030899313  0.78429986711640265  0.79196374744337017  0.80044061485380025
  0.81010519351220567  0.82103302224786778  0.83331946148007152  0.84709190664709078
  0.86319691073675164  0.88433206428942734  0.91835856935754090  1.00000000000000000
   1.0949279849532840E-008  -1.0000000000000000     
 F F F F F F F F F F F F F F F F F F F F F F F F F F F F F F F F F F F F F F F F F F F F F F F F F F F F F F F F F F F F F F F F F F F F F F F F F F F F F F F F F F F F F F F F F F F F F F F F F F F F F F F F F F F F F F F F F F F F F F F F F F F F F F F F
  <DiscreteSampler_grid>
  grouped_processes
  1 # 1 for a reference and 2 for a running grid.
  10 # Attribute 'min_bin_probing_points' of the grid.
  1 # Attribute 'grid_mode' of the grid. 1=='default',2=='initialization'
  0.0000000000000000 # Attribute 'small_contrib_threshold' of the grid.
  0.5000000000000000 # Attribute 'damping_power' of the grid.
 # binID   n_entries weight   weight_sqr   abs_weight
    10   10   1.124335061576641E+003   5.822514276164082E+006   1.124335061576641E+003
  </DiscreteSampler_grid>
