  0.00879255627047023  0.01803774704522718  0.02908589298453519  0.04015189901257054
  0.05039599958041677  0.06041590014072021  0.07011917548005991  0.07950280841945997
  0.08914860082527951  0.09857503896407180  0.10816804855934721  0.11768160260152384
  0.12768758871893121  0.13812403336643750  0.14850581171380026  0.15920728004137075
  0.16982358884845261  0.18013270338533413  0.19008294671541756  0.19993605031990844
  0.21006669589359797  0.22059633782954860  0.23164673699857855  0.24287787785888484
  0.25407727358736615  0.26514511531802792  0.27601887030424971  0.28684562348543235
  0.29742226394740068  0.30781740944573888  0.31834378297015431  0.32945212255560252
  0.34091104087529189  0.35217794246301942  0.36242819813665539  0.37294023474575921
  0.38347561663394120  0.39428630964718692  0.40411652878369825  0.41325546266396340
  0.42266005436580134  0.43210442451648029  0.43969069598916433  0.44782956904944665
  0.45621913984186735  0.46576855460154060  0.47657530727048608  0.48750129872174741
  0.49831633246063051  0.50925537177130320  0.52034996788358834  0.53113395298910204
  0.54134103536038225  0.55121666087099142  0.56134717312501670  0.57192078858764328
  0.58243607932070440  0.59261682439919927  0.60242330705915959  0.61197930450145033
  0.62142034220486841  0.63112989723079427  0.64127873024498538  0.65220283677454716
  0.66421611609412723  0.67565692907690711  0.68641523838214236  0.69702903111369641
  0.70774696720000818  0.71901095976431240  0.73066176186541854  0.74208688950772117
  0.75334281346305942  0.76428893809404408  0.77529714096329772  0.78570018343909087
  0.79588028237365149  0.80612804412622807  0.81726219566487501  0.82871125404636581
  0.84001452659869280  0.85063378241572096  0.86094770654757746  0.87097691953592771
  0.88095567922115003  0.89134722434498426  0.90199763339205530  0.91280947363592024
  0.92360123979838116  0.93411806185092072  0.94404823785577441  0.95379197191332332
  0.96397655327038800  0.97545671535353429  0.98769494991368867  1.00000000000000000
  0.00000254798509105  0.00000265717810693  0.00000273756871390  0.00000282863249336
  0.00000293337710289  0.00000303098328670  0.00000312596189651  0.00000323984018499
  0.00000338236614802  0.00000354395438577  0.00000372037511738  0.00000392020230183
  0.00000414552325442  0.00000438146058523  0.00000462645728949  0.00000488090256425
  0.00000515026964452  0.00000544071267501  0.00000575390364936  0.00000609138609044
  0.00000645278613363  0.00000681902720078  0.00000715868844340  0.00000748234044068
  0.00000781720329467  0.00000817719955784  0.00000855442605839  0.00000900574945110
  0.00000954119725345  0.00001009712342942  0.00001066915966356  0.00001126226669509
  0.00001188274263295  0.00001253586048257  0.00001326563428840  0.00001402609021095
  0.00001480454659958  0.00001559296479325  0.00001642949157447  0.00001732360986982
  0.00001826126012660  0.00001923644313817  0.00002025452211089  0.00002132541804611
  0.00002248647443151  0.00002362629344292  0.00002491572382110  0.00002625440595673
  0.00002765973987402  0.00002914691800431  0.00003070732219898  0.00003237037285277
  0.00003413767642778  0.00003602219558038  0.00003800784270202  0.00004014036158077
  0.00004238867288759  0.00004475045763029  0.00004725557459414  0.00004988934567991
  0.00005269147770266  0.00005560679277588  0.00005864749137275  0.00006188063202242
  0.00006546933260005  0.00006944633540686  0.00007374322258890  0.00007848242637810
  0.00008359662272600  0.00008910321317662  0.00009510316091978  0.00010163845919718
  0.00010881883693064  0.00011683550200934  0.00012602265811243  0.00013639974157658
  0.00014794059382868  0.00016085265117562  0.00017517720350700  0.00019056736851800
  0.00020831592871423  0.00022902019088300  0.00025397552152028  0.00028602782203955
  0.00032546586016852  0.00037529634779678  0.00043735116222079  0.00051303472508253
  0.00061973049859948  0.00076999030191723  0.00099709438443352  0.00139241449647475
  0.00236541529491609  0.00648866367936122  0.27464119020697120  1.00000000000000000
  0.00000236588420029  0.00000259319962055  0.00000282900010625  0.00000307060133477
  0.00000331972696117  0.00000358580901924  0.00000389863041060  0.00000426115327590
  0.00000463122482640  0.00000499946169960  0.00000537181184398  0.00000574446347984
  0.00000613336479434  0.00000651848990373  0.00000693529667670  0.00000738291335760
  0.00000784075147814  0.00000832485535018  0.00000882651606441  0.00000932542592185
  0.00000990380698492  0.00001053989050407  0.00001120730816043  0.00001188960245094
  0.00001257895912162  0.00001327304547541  0.00001397706485811  0.00001471747648512
  0.00001551197780605  0.00001634434468580  0.00001721725342187  0.00001813953324327
  0.00001906866700486  0.00001999839750105  0.00002093146567349  0.00002188099578142
  0.00002286606890225  0.00002390825270818  0.00002501772093500  0.00002618609606633
  0.00002742831992022  0.00002862597188643  0.00002990765127536  0.00003125942669645
  0.00003268330481129  0.00003422647150857  0.00003590118707296  0.00003766687294016
  0.00003949454690190  0.00004139332896458  0.00004338870393563  0.00004549317158077
  0.00004775268345048  0.00005011493878151  0.00005249875599486  0.00005494309095578
  0.00005762008855151  0.00006045786071673  0.00006329229836467  0.00006614310076513
  0.00006906963217708  0.00007206403880472  0.00007519551340595  0.00007858602463392
  0.00008256825409704  0.00008724130393839  0.00009231956539302  0.00009783886246582
  0.00010391183179085  0.00011067766583465  0.00011799210039676  0.00012567544752159
  0.00013400922006216  0.00014358553813551  0.00015457052768756  0.00016692667275193
  0.00018036820144265  0.00019489261682836  0.00021095025443169  0.00022980657821834
  0.00025191365424722  0.00027805191428117  0.00030853339449937  0.00034524796078707
  0.00038913411546639  0.00044361926661446  0.00051077968881143  0.00059769786848152
  0.00071755144644336  0.00088256805440996  0.00114173388396901  0.00163576422056958
  0.00269728819215088  0.00679472655019281  0.21709306478045673  1.00000000000000000
 -0.00232792417958389  0.00920195058836906  0.01946527161978098  0.03050150621088149
  0.04056285268072658  0.04994913347665328  0.05934905536832804  0.06938059207906212
  0.07981051253912297  0.09046036338515896  0.10073255696916601  0.11128564592189398
  0.12169300743233047  0.13207669731610247  0.14249198614048253  0.15301815215061140
  0.16375898632706401  0.17488709031589658  0.18623199689854542  0.19753858536574201
  0.20882222748878049  0.22012812019476194  0.23090684509020795  0.24153467757018951
  0.25159509452038448  0.26185059647763498  0.27202418904472248  0.28206920560817722
  0.29216721334621060  0.30205049303206949  0.31154031249221986  0.32113716495038719
  0.33135227222298486  0.34244922393976202  0.35343421906114203  0.36395970820435614
  0.37433762516424685  0.38473844386560885  0.39533240558209626  0.40551304295793017
  0.41582197408666166  0.42629011756565366  0.43705710009197396  0.44748791082910894
  0.45811756967750394  0.46928297445369677  0.48102067547026428  0.49225660416879746
  0.50264048422425645  0.51265092185137140  0.52270438199673419  0.53364547899423398
  0.54475296494546721  0.55625470684066869  0.56764388094815443  0.57935343406098805
  0.59078924148669376  0.60180591499798608  0.61228096978251301  0.62254914094034530
  0.63282756134494567  0.64306063439345529  0.65354032577163057  0.66458902345440940
  0.67601721666105186  0.68726997286374647  0.69840814427330422  0.70936734515350919
  0.72021643129259860  0.73125881622807498  0.74267663883659762  0.75365476141322174
  0.76410736831297299  0.77426666042281378  0.78441445850982738  0.79451951473893556
  0.80473007867056701  0.81473759198948115  0.82505256173814434  0.83548001549653739
  0.84630774685383370  0.85694151176650568  0.86780163082036621  0.87873300169335311
  0.88989674009310815  0.90116485941133528  0.91257835400447473  0.92341523475095366
  0.93254571324875390  0.94086108072391461  0.94931548512396080  0.95802279304184501
  0.96826272126797441  0.97867499061514140  0.98913192011663387  1.00000000000000000
 -0.00229814390231107  0.00908928536723306  0.01921808043369409  0.02992784198872264
  0.04064338123850625  0.05172465190757942  0.06222003613016740  0.07084959853067506
  0.07971124190538718  0.08904298765763032  0.09929547695619298  0.11083124418408051
  0.12327050918488164  0.13499603737822494  0.14604811359669062  0.15694029205749699
  0.16778339184686031  0.17855877936666217  0.18911631607089707  0.19990741593869776
  0.21082286306907652  0.22131730650328446  0.23182160112644429  0.24231914016559028
  0.25248809533654776  0.26259080550593428  0.27279700818999686  0.28351744771927512
  0.29469114208210806  0.30620248997087818  0.31737302880711882  0.32807927580917795
  0.33819267396622515  0.34850019649873021  0.35884956416673186  0.36934918598957628
  0.37960297087535833  0.38990399828413119  0.40022874906183015  0.41095587326991379
  0.42244145775189662  0.43436456738126772  0.44566681014209070  0.45620657868728520
  0.46663220512786924  0.47691180198469885  0.48703094265377100  0.49726861771504283
  0.50810312732415552  0.51907048633130148  0.52961359265260499  0.54046323542459440
  0.55200260269674961  0.56398728816325516  0.57526703532123025  0.58657411354624645
  0.59788075059585510  0.60844783025346405  0.61861397480501956  0.62845113107075412
  0.63864899537611586  0.64913120129216861  0.65922723665702443  0.66917196608538243
  0.67942700528544941  0.68999253597029930  0.70071988061662305  0.71147554236131216
  0.72206839755474439  0.73237375975631214  0.74253097330615236  0.75294944872247105
  0.76329365307155772  0.77347079851054590  0.78425908960947199  0.79589046720678402
  0.80771935764435521  0.81879971068601387  0.82836507166989526  0.83745797999484073
  0.84679079437735372  0.85717279619750097  0.86778363901758038  0.87804938493192775
  0.88777948955199792  0.89741080637493054  0.90712117122174063  0.91785358493277824
  0.92865378922563757  0.93932878817038179  0.94981254797994874  0.96050375318095838
  0.97106183388850553  0.98123058660224671  0.99084689125979430  1.00000000000000000
 -0.00252542971131482  0.00967103082181667  0.01960083697266247  0.03032386709866905
  0.04130171890178321  0.05236157840238173  0.06343365684035425  0.07252508550958510
  0.08152735017480889  0.09033403132839159  0.09977850998335321  0.11120544239150493
  0.12319764899641153  0.13467881800230341  0.14561923732405027  0.15645987350332788
  0.16747597207594553  0.17879683079861811  0.19032658329076896  0.20154249894875734
  0.21225914781624558  0.22247328092885638  0.23238401503089004  0.24235954182236430
  0.25276317286400402  0.26376592412438044  0.27426927484638552  0.28461461335535593
  0.29510505643590945  0.30615266837701605  0.31705212779670189  0.32767410363266919
  0.33778551923627376  0.34772516323355196  0.35782175378401676  0.36816991019113737
  0.37858625646564481  0.38926749275339378  0.39992145903048409  0.41086000665514139
  0.42187077112989407  0.43289790862886424  0.44373389974913119  0.45424889099411270
  0.46510327747214103  0.47637554312936137  0.48822503897026082  0.50039200322893806
  0.51233139972333319  0.52381202048420350  0.53506502974920367  0.54616257674774338
  0.55711117864024562  0.56775285369742312  0.57860021624710767  0.58953320463594350
  0.60027452665088377  0.61057838008976717  0.62096231789285050  0.63141400308771789
  0.64211533098010465  0.65291635141344073  0.66346831481715618  0.67347476228233683
  0.68296589684965470  0.69241965534329120  0.70225175739764634  0.71250206281183348
  0.72304074463604151  0.73361411015389466  0.74404872214354445  0.75420404551994569
  0.76447839721179545  0.77491068700069632  0.78568518843135549  0.79573987124420065
  0.80536619303786694  0.81470760324127312  0.82393870877400499  0.83386000569975849
  0.84402317634151913  0.85441417237791628  0.86494239574398490  0.87602581393467260
  0.88748539703298279  0.89937645013909884  0.91073896572928537  0.92080864282984232
  0.93047459998321858  0.94016346389844807  0.95051220693295402  0.96049598234096689
  0.96984068515970490  0.97904332978533615  0.98937146516893026  1.00000000000000000
  0.00002137914983080  0.00016853454245836  0.00049478352814215  0.00095081791665384
  0.00155525325494249  0.00206044905842984  0.00251558757723017  0.00298297406088457
  0.00347699844669410  0.00397486651130864  0.00447516834459126  0.00498640304438838
  0.00550815138007071  0.00603571982237057  0.00656931586496549  0.00710893059448858
  0.00765408650231979  0.00820350929191911  0.00875352910445599  0.00930212962537071
  0.00986202090251383  0.01043151697933568  0.01100407006038578  0.01157772942538118
  0.01215719599467829  0.01274775725090142  0.01334529804174755  0.01396556203759390
  0.01461336159690796  0.01527638287196972  0.01594826903832584  0.01664074253664623
  0.01734833979241183  0.01806072819716090  0.01877836259943114  0.01952687391237273
  0.02031386134674220  0.02111323649737071  0.02191631611012034  0.02272805434038515
  0.02355971513665131  0.02440705481115716  0.02527653181271775  0.02614070725115937
  0.02701041705649862  0.02787431952353460  0.02879509180416307  0.02969814759238858
  0.03065168653706091  0.03166560099539587  0.03266571577645112  0.03373489221384678
  0.03480584323499771  0.03582986748164455  0.03683526187767407  0.03789826309728909
  0.03906509600361346  0.04028708350282833  0.04143862746934113  0.04255923089683741
  0.04372801301646861  0.04502710391872212  0.04642428205170102  0.04778481983365652
  0.04917186651769063  0.05055760261298922  0.05194900712865479  0.05327933209648301
  0.05461929091117731  0.05598618638100586  0.05742698904313360  0.05903986978831311
  0.06078345875638727  0.06255325596749994  0.06443713613659222  0.06629698049429000
  0.06822681508402861  0.07034072908817246  0.07260053611259437  0.07483410566393454
  0.07715515701303501  0.07970109571751610  0.08240432902569514  0.08524601478636083
  0.08803932822262885  0.09087647856133882  0.09394183844181096  0.09785037133389693
  0.10296421463223876  0.11139203955851233  0.12065303561391921  0.12941356525661835
  0.13713688128055512  0.14583756180707017  0.66808467311076059  1.00000000000000000
 -0.00239199868320298  0.01005454876950574  0.02075434601158949  0.03309955874873401
  0.04578681969093013  0.05915203523754804  0.07191493396939320  0.08367691734133402
  0.09528772970024359  0.10677409870546971  0.11809922792938148  0.12929708404060386
  0.14069282387684576  0.15217686563084487  0.16358302489186416  0.17529524534473676
  0.18719303646046170  0.19877140581498398  0.21011911626561861  0.22104573310865228
  0.23135120186367739  0.24126345397670093  0.25133121017290533  0.26181013124258989
  0.27237844772357250  0.28277565813609890  0.29301482769391218  0.30300017581367239
  0.31279475795402006  0.32280350617252707  0.33307771220758331  0.34245797723290439
  0.35067033942056086  0.35904108658543954  0.36767392413423455  0.37725443994913299
  0.38754169087892276  0.39757280085378877  0.40689985904457021  0.41580487384812309
  0.42453140534611727  0.43350510334412656  0.44299224749166483  0.45287683774346088
  0.46292007159575699  0.47288108487912711  0.48278840667979528  0.49258939141513242
  0.50212315841292299  0.51146719611240743  0.52069745052163929  0.52994776905793273
  0.53946966153908549  0.54955183755462422  0.55978522461857216  0.56960899880513693
  0.57919364700845322  0.58900941388207084  0.59927354184286152  0.60947751176902953
  0.61960027075735835  0.62944326848577259  0.63898445036293727  0.64847900220194454
  0.65816205434232544  0.66871725960953166  0.67955617082021857  0.68998737826654910
  0.70005659848822888  0.71060788311141043  0.72135882671541796  0.73228056950488352
  0.74281721039990001  0.75289310933406561  0.76286811999562898  0.77314517589554554
  0.78392999362104698  0.79437221495380417  0.80455350965639083  0.81506855901402264
  0.82642978473531470  0.83761920919700816  0.84879358581684072  0.86004206065389943
  0.87159976873614742  0.88359868371865591  0.89612044245366018  0.90886963002962784
  0.92040847515315694  0.93089825034874119  0.94173161186381305  0.95301778493461431
  0.96429959533354404  0.97512015246652073  0.98740295441754233  1.00000000000000000
 -0.00231212393032742  0.20039373435988170  0.31083517358556456  0.39364749520678821
  0.45767139417547142  0.51021083897537745  0.55322215528481844  0.58937763949352107
  0.62081691502366032  0.64831206227967908  0.67289191028155626  0.69479510762488172
  0.71419157728568772  0.73164635093332064  0.74779772806317435  0.76267007181553481
  0.77636222648724640  0.78907565778701172  0.80060175372338638  0.81111046411904630
  0.82094442881746010  0.83019144782206311  0.83891718153026662  0.84719326257875682
  0.85501160619752048  0.86226113110407321  0.86905684481729628  0.87558020710362405
  0.88148651404824119  0.88717769963576321  0.89266511139734106  0.89779912314949317
  0.90256557337357701  0.90703795356415140  0.91131030468626195  0.91538938004117776
  0.91912452912564557  0.92267420629643215  0.92611525661951954  0.92942246781143611
  0.93261553686384857  0.93560400257063403  0.93837565289139613  0.94095859298302764
  0.94338231788597626  0.94580994210610836  0.94810234847546271  0.95033849424649330
  0.95253037541748498  0.95466765085938698  0.95670277945414539  0.95860364823971655
  0.96037602399930100  0.96206333906807373  0.96369811071389455  0.96529509330995966
  0.96685443880072308  0.96836608815144676  0.96981809260812901  0.97120896021722369
  0.97255234569111459  0.97385706443220310  0.97507349498366491  0.97623220825620838
  0.97734418023849945  0.97844163530654626  0.97954323028959944  0.98061365185800065
  0.98160451564825080  0.98257712105134931  0.98350835240255918  0.98441645945396483
  0.98526726673361997  0.98609422403172842  0.98691347010177433  0.98771620871059018
  0.98847901746094713  0.98919029658989088  0.98986645350419267  0.99051624805713412
  0.99114886561275595  0.99177647592239782  0.99237818583608550  0.99294365575451782
  0.99349583666647900  0.99404681200485479  0.99458744991942361  0.99511037237137889
  0.99563580979058641  0.99616713816051472  0.99670547369849127  0.99724473946941261
  0.99780846988764926  0.99842846926857665  0.99915218545874807  1.00000000000000000
 -0.02134653025701637  0.10513632110970740  0.14403324625834638  0.16909590644755762
  0.18993143445827246  0.20740909118650530  0.22176953087497978  0.23451644091531976
  0.24637894775102792  0.25763524972887725  0.26857988688780154  0.27929137154429201
  0.28914882452403501  0.29837309786598526  0.30771111276149354  0.31714069660839123
  0.32583283014032821  0.33425630443815513  0.34273265577403605  0.35136959772561571
  0.35986268952080358  0.36819114091863742  0.37630659961254920  0.38396981769471183
  0.39114539024929940  0.39783400466664476  0.40422737873385489  0.41054303071747106
  0.41711636072140867  0.42398370389907153  0.43058379787763290  0.43673123246375556
  0.44294529428139612  0.44937680759449145  0.45614232750893685  0.46307513426593694
  0.47006241905886698  0.47688472193830489  0.48333657411512443  0.49028289002415482
  0.49724126855826117  0.50347175689915424  0.50921083611348861  0.51497941767619670
  0.52041903768438591  0.52587486524430160  0.53195688139739017  0.53838397525968007
  0.54468908645335612  0.55080852744782649  0.55689956751047331  0.56293875960740636
  0.56881636731614260  0.57459420152392227  0.58038342518929786  0.58623193219091929
  0.59228419661225251  0.59848386156478184  0.60452987699639105  0.61048270180336173
  0.61650063999717919  0.62247500828670044  0.62873439124783725  0.63485055728806561
  0.64094846832578078  0.64721246478045036  0.65335409327768057  0.65969908334279137
  0.66613740898315110  0.67266939025200656  0.67881726368604345  0.68481648610563184
  0.69089384471201543  0.69726121851407152  0.70390171482420105  0.71072777790749098
  0.71768796495681630  0.72472745184353515  0.73190000924085774  0.73928380266409255
  0.74694586795127704  0.75492399641681263  0.76327844709069603  0.77191942035848726
  0.78083521437357517  0.79003924519308077  0.79939824224598188  0.80899111847873428
  0.81870101133582940  0.82963450263951644  0.84168925816228490  0.85503287752032353
  0.87005070341874635  0.88849343052852803  0.91887082948312793  1.00000000000000000
   1.1870802493901322E-009  -1.0000000000000000     
 F F F F F F F F F F F F F F F F F F F F F F F F F F F F F F F F F F F F F F F F F F F F F F F F F F F F F F F F F F F F F F F F F F F F F F F F F F F F F F F F F F F F F F F F F F F F F F F F F F F F F F F F F F F F F F F F F F F F F F F F F F F F F F F F
  <DiscreteSampler_grid>
  grouped_processes
  1 # 1 for a reference and 2 for a running grid.
  10 # Attribute 'min_bin_probing_points' of the grid.
  1 # Attribute 'grid_mode' of the grid. 1=='default',2=='initialization'
  0.0000000000000000 # Attribute 'small_contrib_threshold' of the grid.
  0.5000000000000000 # Attribute 'damping_power' of the grid.
 # binID   n_entries weight   weight_sqr   abs_weight
    10   10   7.670324843507665E+003   2.050639790387327E+008   7.670324843507665E+003
  </DiscreteSampler_grid>
