  0.00900742631316900  0.01669188299229735  0.02790311517774706  0.03941322742250674
  0.05075612554530291  0.06139827917572187  0.07061430947173557  0.07985140511577539
  0.08926104671501126  0.09937970895629809  0.11022419990635726  0.12231196964263415
  0.13148015229198251  0.14209244037518057  0.15254705392997464  0.16320796109304037
  0.17182694149703046  0.17962147172461740  0.18791843373742512  0.19798227148848757
  0.20912521835811412  0.22037377651954207  0.23168197273380212  0.24253139847397884
  0.25263729999811690  0.26234425681091628  0.27228204118684579  0.28268638298668436
  0.29312012174580798  0.30344954781350364  0.31390644477737373  0.32449168827177138
  0.33498852445722987  0.34503698150782192  0.35480454815534179  0.36451792437358843
  0.37450302060331625  0.38442530160425936  0.39428698105370930  0.40417486574600020
  0.41406610149689255  0.42414677877208690  0.43420406656078847  0.44404734207029423
  0.45392743563284749  0.46385689464034607  0.47388503805155557  0.48409695032896172
  0.49460463391655307  0.50539639323559404  0.51613257655534595  0.52670235638400709
  0.53725022423204305  0.54815636673235291  0.55951177498462945  0.57093894113646115
  0.58205717900370413  0.59251091429944291  0.60230296912604331  0.61156069137172331
  0.62035641533012564  0.62926490634525334  0.63857240015411065  0.64849934421825906
  0.65929275918913044  0.67016730723086182  0.68110358549136374  0.69239327128585559
  0.70418419226263174  0.71631511855200158  0.72826313971569867  0.73959901707911468
  0.75017155372660049  0.76009308032853096  0.77006128932834739  0.78026684406388980
  0.79025468206423033  0.79996423429934704  0.81003118411470021  0.82088761756439621
  0.83192457191579583  0.84293408850705021  0.85410023819920988  0.86539868494080818
  0.87652918244764821  0.88731829519420635  0.89823683944452126  0.90932735248709207
  0.92068977571065735  0.93179123092215765  0.94289407955966953  0.95378143156968964
  0.96514183376086471  0.97697085109652881  0.98832202026856786  1.00000000000000000
  0.00000278862157191  0.00000293687993725  0.00000305057768776  0.00000318157073495
  0.00000333794739249  0.00000350723343470  0.00000367164250431  0.00000385338783088
  0.00000403968400152  0.00000424302091303  0.00000446374137098  0.00000470762286501
  0.00000497445469012  0.00000526426326482  0.00000556998705838  0.00000589820087402
  0.00000624963788832  0.00000662519199315  0.00000702482180775  0.00000743350828432
  0.00000784245207890  0.00000827018989123  0.00000872484132701  0.00000920798337475
  0.00000974755651809  0.00001035000526483  0.00001099511739448  0.00001165121713888
  0.00001229456715953  0.00001298863020815  0.00001369962032981  0.00001446910547437
  0.00001528820052303  0.00001613050385538  0.00001699930275019  0.00001792022269420
  0.00001890629456209  0.00001995113270646  0.00002108065219603  0.00002227215584364
  0.00002351134883967  0.00002479111773237  0.00002613091676446  0.00002755952754188
  0.00002907593006391  0.00003064217828927  0.00003229402622943  0.00003395199644632
  0.00003570181649128  0.00003753107931430  0.00003943451840595  0.00004143958499063
  0.00004355463741058  0.00004591171781985  0.00004849932922337  0.00005127549197948
  0.00005416639702342  0.00005718095956479  0.00006037803901279  0.00006382430008461
  0.00006758450004431  0.00007164741655870  0.00007611073978189  0.00008109328520873
  0.00008630768823202  0.00009188752362874  0.00009806869039847  0.00010502308616902
  0.00011271903636025  0.00012120878099490  0.00013059402656316  0.00014072973571979
  0.00015133421328374  0.00016262177351900  0.00017486113865731  0.00018841490965796
  0.00020495291955113  0.00022474247360903  0.00024676487008907  0.00027245490636745
  0.00030373861681647  0.00034074037525333  0.00038532743224309  0.00044301089359864
  0.00052011654805288  0.00062464856849486  0.00076783281052856  0.00097593822430976
  0.00129335655351829  0.00180011627232205  0.00275227229920772  0.00459286184356864
  0.00946254233259802  0.03027680807334710  0.38520402920662655  1.00000000000000000
  0.00000235033048060  0.00000261432885759  0.00000285691763453  0.00000309617074730
  0.00000337304249416  0.00000366720476019  0.00000397745513026  0.00000431711139723
  0.00000469387826778  0.00000510446918798  0.00000550877150904  0.00000591227448845
  0.00000636051297508  0.00000684030242769  0.00000734013457615  0.00000787458915707
  0.00000844726543435  0.00000904349529506  0.00000964255829698  0.00001023478291475
  0.00001083440016885  0.00001148431423196  0.00001216214858889  0.00001287410297853
  0.00001362753303062  0.00001441327864644  0.00001523793027907  0.00001609257928346
  0.00001692613469604  0.00001786682520725  0.00001877447088346  0.00001973103760083
  0.00002075507314705  0.00002183228830305  0.00002290410312451  0.00002402422054975
  0.00002526047869667  0.00002653201352717  0.00002785020733509  0.00002918884032665
  0.00003055618708361  0.00003196516191900  0.00003346267698305  0.00003507411387533
  0.00003680133395482  0.00003863223946588  0.00004054583666630  0.00004251943987853
  0.00004456682669781  0.00004674224743645  0.00004914374633884  0.00005175313784966
  0.00005448184063131  0.00005723824077944  0.00005996643219612  0.00006272981873388
  0.00006553814330822  0.00006852391380596  0.00007182372401489  0.00007570369003464
  0.00008012704816727  0.00008494659300617  0.00009013630386099  0.00009566398958567
  0.00010174979770433  0.00010840662978894  0.00011541309132079  0.00012286773044612
  0.00013072070272676  0.00013897547352051  0.00014786670648486  0.00015755602835772
  0.00016821685612438  0.00017989075771717  0.00019268818548595  0.00020870238671425
  0.00022534038179168  0.00024364912107979  0.00026442099275478  0.00028739224064772
  0.00031606473684529  0.00035323719209617  0.00039770557414705  0.00044937750319098
  0.00051530052555436  0.00060737199791049  0.00071880292383156  0.00087383107898234
  0.00110949334417457  0.00149255195854426  0.00211811728700685  0.00346812465553367
  0.00664842469619904  0.02074974550962820  0.10952625516812008  1.00000000000000000
 -0.00189365231341488  0.00800978265493891  0.01727369407930232  0.02706144338114123
  0.03786992951386597  0.04813652821188082  0.05912742858347553  0.07050692874658346
  0.08228892164183843  0.09319486727874607  0.10302027527108895  0.11318721257313495
  0.12356909209494057  0.13394022870990149  0.14416983208045717  0.15441381050593944
  0.16537845585220598  0.17651735013341638  0.18794132418539636  0.19855912703404804
  0.20874518978362802  0.21822296668078989  0.22785027084678641  0.23763501789410757
  0.24760921154583623  0.25780492385791082  0.26800916411370934  0.27827161484045498
  0.28864622496449138  0.29938003480359393  0.31009606200283024  0.32049280579183853
  0.33092296343923461  0.34165060204092035  0.35255426783198973  0.36307977919099921
  0.37341219613743326  0.38362313272988946  0.39369658966846693  0.40415164197531583
  0.41498004797896609  0.42620999915425739  0.43794614862260745  0.45024422144834597
  0.46282439222621446  0.47500851083844176  0.48628286691311223  0.49672540852172803
  0.50677836710596547  0.51582574543022619  0.52491806363649585  0.53413505906647818
  0.54393744417270418  0.55459094894804517  0.56464333130796063  0.57385522924807708
  0.58319176977928855  0.59279559639221846  0.60302982797903881  0.61391492365173572
  0.62538270763837644  0.63699006415059445  0.64796638192511036  0.65846196077868124
  0.66887273636269595  0.67920977500232504  0.68956778614522729  0.69980477589315915
  0.70934566605178273  0.71826125540594121  0.72735819364050924  0.73735199016988529
  0.74822880751920529  0.75913336596160241  0.76990749859154639  0.78069173204775144
  0.79114183672690097  0.80119972032522968  0.81133674035057224  0.82212670505345609
  0.83349495744034230  0.84469246088772909  0.85553053403993296  0.86656920459499742
  0.87767002191223842  0.88860523370818301  0.89937080916557099  0.91010593294851894
  0.92087950442120825  0.93160568267912403  0.94280700038839393  0.95430920788786955
  0.96575840386264578  0.97699583744718466  0.98818146048459266  1.00000000000000000
 -0.00247442758303773  0.00954957150597321  0.02035867395728470  0.03247759425323084
  0.04494554002507089  0.05614500689647629  0.06680620973914468  0.07754324165344133
  0.08853705337738914  0.09959706064116226  0.11056382740508393  0.12139223367824900
  0.13158192037671451  0.14146616180456839  0.15179770043309537  0.16236250428600954
  0.17283945727443079  0.18290754820433638  0.19290607694165388  0.20253786912673979
  0.21176900161817008  0.22101057405436525  0.23105977661743199  0.24173791304115128
  0.25251986630545487  0.26344745022034199  0.27447935183816219  0.28532346433341121
  0.29547724341461862  0.30495126820219087  0.31426731101857258  0.32341373034359550
  0.33282645479129336  0.34261347070197568  0.35298574703059143  0.36389723712762390
  0.37497071182583441  0.38595944665014242  0.39563617156245262  0.40492398873703456
  0.41411273359980749  0.42354510025324321  0.43445331698365819  0.44578124775106542
  0.45720656135297660  0.46842430351639780  0.47938186844727310  0.49012405396850972
  0.50064447990298289  0.51161891167290396  0.52262232251516871  0.53447540296996521
  0.54641257406096289  0.55915353339159701  0.57018900558483998  0.58035857187955553
  0.59087214459777448  0.60134697788915936  0.61142433476498659  0.62119800980257411
  0.63125795126836926  0.64172653353206732  0.65182153432029699  0.66205944419147278
  0.67277567963639984  0.68295881477650877  0.69218062292934524  0.70118060322084030
  0.71076149144165124  0.72088878358088204  0.73118338680878092  0.74166387767050646
  0.75218059738659715  0.76250665174406351  0.77291135026574331  0.78291874621524271
  0.79221609200769494  0.80112542672107445  0.81070304279623628  0.82163822104630269
  0.83296258172422155  0.84366416379414055  0.85408947523769752  0.86461180023712292
  0.87565667012576265  0.88680920688319520  0.89821616305626051  0.91024491110420269
  0.92284630969631387  0.93552320303755110  0.94708646144301001  0.95767009797828528
  0.96734038928884758  0.97750787705479114  0.98784611087116769  1.00000000000000000
 -0.00225648573443992  0.00879310680138571  0.01933063501343060  0.03088933987233310
  0.04135188533986485  0.05136752643061808  0.06130558758218117  0.07072915724367325
  0.08257779732030293  0.09301791671376566  0.10372179126801086  0.11454863203662342
  0.12586343798937316  0.13663109684828451  0.14758285093368773  0.15865791616032224
  0.16900774817362973  0.17893916824701370  0.18886768856913361  0.19974018724569986
  0.21074434988483939  0.22194251933198283  0.23314030020492726  0.24448388194211743
  0.25619158430751016  0.26801688530464168  0.28002207132467866  0.29130543251286611
  0.30184345526902262  0.31211594034171442  0.32173823282658998  0.33156723203175803
  0.34114847456221031  0.35146559047226489  0.36173651433843718  0.37173365893470772
  0.38194262503514720  0.39261659904386659  0.40338300055752269  0.41402640476458097
  0.42425891028306340  0.43410555037409626  0.44434490213807687  0.45472432644569233
  0.46575784866933762  0.47694469701131659  0.48824842648910849  0.49983012447568642
  0.51108290101161002  0.52207080195769484  0.53292303146815478  0.54382439786805314
  0.55459781226075944  0.56524131629255658  0.57578966496992778  0.58632629829959926
  0.59664514947504921  0.60668254422414203  0.61660437106542354  0.62651096383563332
  0.63641951950612707  0.64655418123098041  0.65693750085023384  0.66735913165635707
  0.67765287593991852  0.68768510111506609  0.69753296731384740  0.70814763188101670
  0.71962997230609993  0.73120277831263392  0.74158019337616077  0.75167095477847401
  0.76242084505463925  0.77306641527350795  0.78292151353319150  0.79250863484709722
  0.80205025958020482  0.81184064730120653  0.82224338793687235  0.83292942328661868
  0.84332035773022651  0.85377034839098731  0.86462450077307706  0.87543730444036216
  0.88625535104707553  0.89754231660871187  0.90917347945798010  0.92027177862882048
  0.93082838382798616  0.94103944913445714  0.95143026137925191  0.96097271053855648
  0.97027595925070043  0.97987963077919527  0.98864853874915237  1.00000000000000000
  0.00001138730830338  0.00017943585910038  0.00049167322313465  0.00091689177805420
  0.00144736094064302  0.00189949337909646  0.00229787741204111  0.00273130337099665
  0.00318018044369171  0.00364470512820219  0.00412174254336436  0.00459736649229177
  0.00508061041501570  0.00556578375991050  0.00605692191681622  0.00655557695724182
  0.00705557930471457  0.00756641555994425  0.00808374971356882  0.00859361070652736
  0.00910844439541734  0.00964206551671043  0.01018586391003881  0.01073708116391426
  0.01133228546574081  0.01194160067223721  0.01258200372441311  0.01324400608623392
  0.01391777597453024  0.01460175166995111  0.01529402524969703  0.01596991031000995
  0.01666352437292752  0.01734420847891212  0.01800397079877861  0.01866266581513378
  0.01934603289008980  0.02005560826529203  0.02078540448707129  0.02151476678022293
  0.02223328047299342  0.02295493708334042  0.02370001065635875  0.02442068974600369
  0.02513058242677215  0.02583800145634314  0.02656949929365215  0.02731723192061216
  0.02804034602957754  0.02878102694604541  0.02953657204449644  0.03033196109488225
  0.03117155304369069  0.03207974073570159  0.03313612488819878  0.03423003272613447
  0.03529750014688820  0.03633793063954553  0.03734750445240379  0.03835887752042895
  0.03939460612368637  0.04057300332637607  0.04174349093190662  0.04293542564887445
  0.04410350145991611  0.04529437198189058  0.04655136331943230  0.04802077172022076
  0.04961634963206007  0.05136018215250490  0.05287596647742197  0.05421939271043513
  0.05563038788168390  0.05714156149610421  0.05860391558565282  0.06006610433833338
  0.06161617281498454  0.06350134770190194  0.06560220569188870  0.06805157934072741
  0.07062154987033660  0.07359570830022530  0.07630597544938729  0.07880501637605100
  0.08157698305215097  0.08476554733599755  0.08923850430215684  0.09541511620360675
  0.10212760697761056  0.11041007042249180  0.12078306024205521  0.13439476395258870
  0.15445393137406618  0.19951704019852382  0.22433554384128881  1.00000000000000000
 -0.00291972895685954  0.01165323413082455  0.02378033854906877  0.03569767941744482
  0.04715149098399520  0.05795003247879227  0.06877603866453647  0.07905953875767624
  0.08955597069579485  0.10004200462128421  0.11029172746796929  0.12041608494391932
  0.13109682424014305  0.14276725968491047  0.15495335905977375  0.16708669325977371
  0.17864612372754279  0.18990630738348530  0.20096399963310946  0.21203044151753980
  0.22302725312507088  0.23392400624616405  0.24424091397164410  0.25389650588087870
  0.26331938010251310  0.27367761970329341  0.28482340847113063  0.29560602624749610
  0.30551962445814790  0.31520221291170319  0.32520531730397173  0.33481145414375824
  0.34398012932732930  0.35322107874906111  0.36319491791992092  0.37375862539250965
  0.38482608561071563  0.39522445162877090  0.40525745363932669  0.41501777475702578
  0.42400059814047775  0.43313228877081761  0.44228634048984483  0.45100232777537319
  0.46021031225414533  0.46946852798166677  0.47897412722104316  0.48714553120004583
  0.49527539076418992  0.50358474742175907  0.51147115698328072  0.52117132889036655
  0.53076651227538763  0.54063702143416392  0.55040538843851372  0.56036483660571390
  0.56969511276154650  0.57895339640353116  0.58788021012792269  0.59761237103802711
  0.60805553021450254  0.61898783675955038  0.62982857203051734  0.63997520960609466
  0.65020112484368320  0.66079934066183277  0.67159630178212881  0.68246112236160450
  0.69297821545073301  0.70356753144261763  0.71446000150119227  0.72536081497274763
  0.73533039232244390  0.74452573352315021  0.75378831716212435  0.76458609614378781
  0.77641061493656605  0.78796982421743822  0.79993472278269973  0.81205268787973395
  0.82477987957565269  0.83730399449410631  0.84949079058690735  0.86088531441407146
  0.87207043564778453  0.88407201240898303  0.89563781204277571  0.90619015940104908
  0.91680479591454056  0.92953389267944164  0.94308409208281718  0.95499551962671425
  0.96612828922847993  0.97738362534115852  0.98815949313657003  1.00000000000000000
  0.02821322403562105  0.21826474374594509  0.32700619394919778  0.40872950201408581
  0.47056789590605430  0.52243317048505244  0.56420143273669476  0.59992051337603969
  0.63148395901281940  0.65835832778544201  0.68198955330301769  0.70276027552088849
  0.72157146753854684  0.73867210208390777  0.75454627209413871  0.76935758496362905
  0.78309734846258894  0.79575209217292631  0.80719698017475705  0.81755326762527203
  0.82716385252372149  0.83634148529231722  0.84491446282704996  0.85299852164438628
  0.86062400521158855  0.86782623706936934  0.87457809007280907  0.88066607363803795
  0.88636015858721617  0.89176789770024367  0.89667304750657262  0.90127665336680618
  0.90571557307715345  0.91007702970444793  0.91420634106640197  0.91796480487690768
  0.92152228289567206  0.92494324011414764  0.92822212050897190  0.93139807405281072
  0.93441852315255780  0.93732945495945719  0.94003062388299841  0.94249236330413455
  0.94492063108034607  0.94722826976545926  0.94947878647925188  0.95170667085750316
  0.95386912552324954  0.95596429240850034  0.95787776862841589  0.95960545604313674
  0.96124940277998550  0.96285877535858966  0.96445059253848009  0.96602647123690077
  0.96755982700929266  0.96901767027141106  0.97039574641595294  0.97169289240403944
  0.97289420844182861  0.97409094801372120  0.97529043666010373  0.97646090485273729
  0.97760569358733429  0.97873592703196655  0.97986029591978541  0.98098441135682235
  0.98210061277468075  0.98311800706178509  0.98407308924544734  0.98496407637824102
  0.98578973270682702  0.98655901331402451  0.98729652321254824  0.98803083498805211
  0.98872569599120697  0.98940346672751212  0.99007688261299320  0.99073860589161733
  0.99136887737560941  0.99198039165438645  0.99258471978886686  0.99315800015634648
  0.99370458178206056  0.99423502858650337  0.99475733198197613  0.99526489899830961
  0.99576469644417354  0.99626198355946260  0.99674182950978729  0.99724377234483264
  0.99777733844377592  0.99836317524466711  0.99909668137980390  1.00000000000000000
 -0.02143636887119477  0.10531673242118057  0.14678070414083275  0.17191400892283593
  0.19251430066961453  0.21029755922485485  0.22432283984338910  0.23693562219714723
  0.24850687195853408  0.26103394346855779  0.27241868129387237  0.28379612652308217
  0.29462314602380429  0.30518903560623251  0.31471688925287900  0.32331930414676108
  0.33104131938494141  0.33882659656684083  0.34615812206518831  0.35388327236449346
  0.36103943080913081  0.36819619163459044  0.37518035622518758  0.38218786516328196
  0.38936009474951089  0.39657025109144872  0.40392193638415652  0.41133185849947523
  0.41856400677591316  0.42584979706148290  0.43291288475412798  0.43966067016003657
  0.44624259871016003  0.45261670482207456  0.45906036155713453  0.46580329509071400
  0.47265485749101133  0.47937480693383716  0.48565105818647025  0.49162011702299890
  0.49754912966323050  0.50348991918984121  0.50952132300916664  0.51553550770405165
  0.52129733428422731  0.52690859029242043  0.53250888311589539  0.53827194953284796
  0.54460489856790606  0.55138141226568882  0.55809377991714604  0.56458485900387601
  0.57082249340029967  0.57719986557884773  0.58338988772079869  0.58967130850336014
  0.59573768219230505  0.60205387889231643  0.60855542195983403  0.61510057846381849
  0.62172019690516400  0.62828806473128895  0.63457730928074263  0.64057907118471069
  0.64644381034116116  0.65230292165825976  0.65836762472660837  0.66474473196900696
  0.67102751280626127  0.67699098798725676  0.68306777381288075  0.68933913151345094
  0.69608461644313191  0.70276705147776108  0.70900545332373477  0.71522182517150812
  0.72147543812551418  0.72793562773495746  0.73504397540073141  0.74247516589643314
  0.75006619742813141  0.75752019669219128  0.76489914911040635  0.77265218314296569
  0.78112939705632434  0.79031143885664068  0.79952399315697975  0.80871278403857350
  0.81860919591985581  0.82971521222875533  0.84219210786728127  0.85607752198574283
  0.87194377596275763  0.89052978269431715  0.92070442436083422  1.00000000000000000
   1.2210851955111360E-009  -1.0000000000000000     
 F F F F F F F F F F F F F F F F F F F F F F F F F F F F F F F F F F F F F F F F F F F F F F F F F F F F F F F F F F F F F F F F F F F F F F F F F F F F F F F F F F F F F F F F F F F F F F F F F F F F F F F F F F F F F F F F F F F F F F F F F F F F F F F F
  <DiscreteSampler_grid>
  grouped_processes
  1 # 1 for a reference and 2 for a running grid.
  10 # Attribute 'min_bin_probing_points' of the grid.
  1 # Attribute 'grid_mode' of the grid. 1=='default',2=='initialization'
  0.0000000000000000 # Attribute 'small_contrib_threshold' of the grid.
  0.5000000000000000 # Attribute 'damping_power' of the grid.
 # binID   n_entries weight   weight_sqr   abs_weight
    10   10   1.162642861889974E+003   5.605514547878691E+006   1.162642861889974E+003
  </DiscreteSampler_grid>
