  0.00872769300500779  0.01804456123679623  0.03046022752045711  0.04278213304373514
  0.05351203497327133  0.06377525257226224  0.07352774761487954  0.08331589320371602
  0.09387811591649069  0.10468342219517886  0.11595765823764152  0.12705327176025710
  0.13770767857279201  0.14829936384892345  0.15908768000802476  0.17003682698232103
  0.18079925411340098  0.19105845463345922  0.20105407525189087  0.21092277588862329
  0.22063675233831198  0.23013871684089451  0.23991243107328489  0.24976992663157874
  0.26036972561339566  0.27111987807603938  0.28217451502285801  0.29349708868108770
  0.30430302613984200  0.31541780630821248  0.32599766855636197  0.33664699440021861
  0.34724217850276706  0.35711726945364097  0.36716106483397232  0.37704781576806717
  0.38815873131990458  0.39916399136924752  0.41021199535457975  0.42098143223138523
  0.43174281334776909  0.44213282436253259  0.45258421760891576  0.46313637165931049
  0.47387496918785782  0.48455429000952460  0.49521932238088018  0.50570072942447286
  0.51609367373590742  0.52615801556649522  0.53631046912153912  0.54637158509302386
  0.55636879767196590  0.56660617203385177  0.57675923450576572  0.58699746370959782
  0.59725517043365872  0.60785945800835062  0.61883451854511806  0.62972669029755468
  0.64064428636147597  0.65168180457872771  0.66248356795223717  0.67269909082235435
  0.68257254295898229  0.69240583813092560  0.70222624035883130  0.71204193281460249
  0.72162580861664516  0.73112375227246507  0.74061329510276663  0.75039832557947372
  0.76085739967040655  0.77157854873486187  0.78256532842437199  0.79341457529595116
  0.80388545291845437  0.81374566697997908  0.82331082258640553  0.83288960903656772
  0.84241228324196826  0.85251881817626840  0.86355662255343835  0.87500278838367240
  0.88646270092658519  0.89787462213760250  0.90928578420934292  0.92001304401656070
  0.93011123446757005  0.94003202887553705  0.94928685387884826  0.95829885182745722
  0.96787095059746475  0.97738889886805735  0.98872953330044033  1.00000000000000000
  0.00000250006425221  0.00000272781512122  0.00000287167298144  0.00000298235687325
  0.00000309456952492  0.00000322521308680  0.00000335870627097  0.00000349021121456
  0.00000362528361745  0.00000378545587765  0.00000397926996536  0.00000418514126970
  0.00000440577608852  0.00000463302059437  0.00000487139078495  0.00000513013763218
  0.00000540886932931  0.00000569623718938  0.00000598491789347  0.00000628300481252
  0.00000659713390625  0.00000694843587605  0.00000735042813149  0.00000776362425062
  0.00000820112504721  0.00000868988443690  0.00000920596680993  0.00000975734333111
  0.00001032422537488  0.00001090704730241  0.00001152214712237  0.00001216782724350
  0.00001285811423473  0.00001361573544230  0.00001442062025312  0.00001526308231006
  0.00001614851877577  0.00001708266401761  0.00001807232953818  0.00001909860315922
  0.00002015525968068  0.00002126819146671  0.00002247168848149  0.00002375804611723
  0.00002515915362300  0.00002660161481728  0.00002802261183214  0.00002946440459023
  0.00003094118936388  0.00003246273126660  0.00003407149610820  0.00003582582395694
  0.00003775997908619  0.00003979653558110  0.00004185129544655  0.00004412930804509
  0.00004668660685477  0.00004939123200671  0.00005245023545189  0.00005566955042355
  0.00005891005403030  0.00006226613191706  0.00006582290826706  0.00006972996342064
  0.00007387474909291  0.00007861228977072  0.00008385559556555  0.00008929464060096
  0.00009511332360902  0.00010133704888638  0.00010787635473034  0.00011504653480922
  0.00012323165838214  0.00013290335320718  0.00014357999803431  0.00015514588364191
  0.00016808084553113  0.00018318857590168  0.00020080743454623  0.00022182768872391
  0.00024687611990556  0.00027630608777233  0.00031445910370258  0.00035837019835418
  0.00041273138378967  0.00048516606474374  0.00058622086936373  0.00072951935633201
  0.00094507079199603  0.00127847760159634  0.00180737690308240  0.00294553598131607
  0.00558857655836130  0.01872403081201478  0.45710701590176001  1.00000000000000000
  0.00000235654314980  0.00000263337956937  0.00000289997930195  0.00000317165857500
  0.00000344911320589  0.00000373650771559  0.00000403146309770  0.00000434226838772
  0.00000468621013680  0.00000503993558417  0.00000541953100737  0.00000583300420302
  0.00000627358432373  0.00000673642164401  0.00000721390923720  0.00000769767452668
  0.00000819625183380  0.00000872224243423  0.00000927297560895  0.00000984897375182
  0.00001045226380557  0.00001108084017680  0.00001172220563710  0.00001236308459694
  0.00001309739148179  0.00001381679552053  0.00001455983232998  0.00001537160021775
  0.00001625165590555  0.00001718404051460  0.00001815688726735  0.00001916729348731
  0.00002024745920916  0.00002139023378170  0.00002258028875536  0.00002375604273392
  0.00002487666672238  0.00002598931929463  0.00002714427548517  0.00002836540214725
  0.00002965001124065  0.00003096175762146  0.00003232242312912  0.00003375532861256
  0.00003528988786279  0.00003698296925680  0.00003876908927655  0.00004064432611482
  0.00004255910406401  0.00004457139987383  0.00004673639369682  0.00004904556913953
  0.00005149440622713  0.00005410180745841  0.00005681761286560  0.00005951610238529
  0.00006230785340700  0.00006537210562074  0.00006878609985894  0.00007253774180175
  0.00007653821842057  0.00008065462788782  0.00008494950989473  0.00008956605560160
  0.00009482482306867  0.00010080452146284  0.00010745011804474  0.00011473981303050
  0.00012257522682174  0.00013090185347288  0.00013960515967053  0.00014881675287068
  0.00015934429617662  0.00017082381219231  0.00018359499812902  0.00019666739322230
  0.00021114820238568  0.00022820844000325  0.00024952060019698  0.00027558328413865
  0.00030440807605774  0.00033842331867276  0.00037606461032007  0.00041992959926919
  0.00047627406219705  0.00055193911070083  0.00064810893541991  0.00078386344922834
  0.00099991993117819  0.00133354136589437  0.00184719394015824  0.00304181825410491
  0.00543582438150628  0.01335011340749999  0.24584563648425628  1.00000000000000000
 -0.00230766133806811  0.00890232589565194  0.01886786925835954  0.02753559830735371
  0.03672996550364643  0.04695186498744714  0.05774271064208159  0.06775322892105511
  0.07771312986263462  0.08820218152972104  0.10015710775504105  0.11089698138379493
  0.12073979663192035  0.13132186660862158  0.14159882531650719  0.15123389148686273
  0.16057694330303288  0.17015397676467700  0.18037168254232636  0.19067817861570760
  0.20060932174848753  0.21028191885292358  0.22009599045109196  0.23018739317857034
  0.24037272572313501  0.25045218077766890  0.26043283237866383  0.27048793223500134
  0.28064611458699829  0.29065583939509426  0.30078381502885243  0.31138338624129941
  0.32219708534863234  0.33285704915021902  0.34329003227576982  0.35399283829457107
  0.36488562248828760  0.37562399568780180  0.38612713641789209  0.39658390947629407
  0.40737952773398273  0.41874873869937290  0.43058747644853762  0.44177941914624025
  0.45204747752596408  0.46215111873849524  0.47290700365741317  0.48392324125262520
  0.49488848985133083  0.50581370998824549  0.51659862398687006  0.52687819757372178
  0.53692469132479914  0.54718495428137337  0.55814709284313302  0.56988639794459994
  0.58197740482216709  0.59387943418781264  0.60512508369666185  0.61588730927250990
  0.62638524654130379  0.63665287228127798  0.64706872673651594  0.65781977374305511
  0.66880109700094847  0.67950933602104513  0.68982991713368691  0.70000519187977162
  0.71022889738642081  0.72051697785688085  0.73073400763094420  0.74142008842573237
  0.75207891604469101  0.76286431652657338  0.77344478382331794  0.78400305069255338
  0.79447916573470956  0.80528848390013852  0.81581312169746001  0.82608209814500433
  0.83617159043331490  0.84659252901861426  0.85695793566890566  0.86734678298929235
  0.87803087096743981  0.88920575062606666  0.90025571494153378  0.91154292331970888
  0.92238451453882608  0.93298701855209942  0.94373088135780592  0.95506327209869168
  0.96617133539760025  0.97708267010429906  0.98844777099120429  1.00000000000000000
 -0.00262634026593082  0.00982792279766200  0.02040674465987367  0.03142033758032489
  0.04249026932248926  0.05330384123807574  0.06443772884870069  0.07586108948499636
  0.08725616998777977  0.09852504661303298  0.10920346296080607  0.11973065681444070
  0.13012011095441425  0.14114958601762811  0.15167096269069030  0.16274133501964691
  0.17362433044406500  0.18477996327114890  0.19536469184614419  0.20577011772018419
  0.21662715850659889  0.22767190901937734  0.23830713678213208  0.24865402816442669
  0.25859801101676028  0.26852950851102114  0.27881602405752015  0.28897453121404798
  0.29998454374024325  0.31122738697857444  0.32224280320163273  0.33304291692496413
  0.34367361668806723  0.35421102743267313  0.36400371169161339  0.37342090264501815
  0.38297841689451939  0.39308867230533884  0.40343153339286925  0.41430110005791282
  0.42567693178875998  0.43706624479167666  0.44810727182160343  0.45924368671894145
  0.47031259090458111  0.48124932487401101  0.49209347567521711  0.50310058352889653
  0.51421566350219328  0.52505178002246589  0.53547085069894218  0.54580118803427247
  0.55620964848567267  0.56683044933306692  0.57764890583870021  0.58863049961694625
  0.59932527587919648  0.60969363062190773  0.61969882132613796  0.62969438542527056
  0.63992984813883824  0.65044783454835997  0.66112021062133297  0.67126966673094757
  0.68101863461691214  0.69071379714931036  0.70012920401001344  0.70994283778390388
  0.71954529461880756  0.72973295012899153  0.74059623729500379  0.75216986342239700
  0.76407600899496797  0.77563857810969672  0.78667506232454010  0.79705864365778767
  0.80740883772611871  0.81840981450489181  0.82929423441842876  0.83872500270933770
  0.84711727043052876  0.85618786577031991  0.86613363933979615  0.87580701987373588
  0.88519939270982617  0.89456434303442545  0.90499208779127560  0.91539664456443171
  0.92587510499433456  0.93640904972014471  0.94685491067163441  0.95709611480944368
  0.96748614458246773  0.97800684884689915  0.98913549433271297  1.00000000000000000
 -0.00262084677741640  0.01004462516686160  0.02162101913563344  0.03265320062989828
  0.04406928506989866  0.05560273474749770  0.06661027423990828  0.07736636179193043
  0.08741322730173316  0.09763809439875816  0.10782948715281801  0.11833291225379351
  0.12861620029899792  0.13877908947760390  0.14897080679557803  0.15937472925661003
  0.17020878919811586  0.18128250667410575  0.19212620697393959  0.20277564688265198
  0.21317044728825568  0.22357817521724832  0.23385925215770670  0.24372513758427455
  0.25359988759462732  0.26370589027499158  0.27392041626941710  0.28449479436512431
  0.29562962173543489  0.30762624166939562  0.31922848256107117  0.32933206973109702
  0.33876755459176228  0.34816345056387227  0.35890467456885994  0.36981266427786302
  0.38098921237426303  0.39246563304191512  0.40246175375602838  0.41182483557970384
  0.42136439803755904  0.43106087225649470  0.44024677649652982  0.44923401319649420
  0.45870385686907267  0.46944783752986147  0.48056481575430071  0.49186083167000644
  0.50333581130265292  0.51455022188816879  0.52591905420598350  0.53739109100464078
  0.54844028644091403  0.55881708067580504  0.56920041415179301  0.57986092135653655
  0.59085304461063393  0.60191679854405067  0.61277195621565250  0.62337769413643762
  0.63397579767583967  0.64461855126153123  0.65508755499260174  0.66573831898026259
  0.67702122383576802  0.68815034014476129  0.69915934874921504  0.70931621302459535
  0.71917843196228193  0.72910031643850592  0.73938523445349857  0.74985688482694757
  0.75992352456604795  0.76977908649622917  0.77956393813682523  0.78931378244907868
  0.79962080980367678  0.81038971512802549  0.82123002715080418  0.83175934558402254
  0.84233258903531072  0.85246983428336176  0.86263594601811966  0.87308736358709649
  0.88397835495647781  0.89501059666477167  0.90567382067635127  0.91628702779220661
  0.92682733438106224  0.93738539748568728  0.94810587537994162  0.95856489516595900
  0.96888793048499000  0.97928755865516259  0.98972358525630699  1.00000000000000000
 -0.00001427020998498  0.00022617476151108  0.00060845641664217  0.00112678598137232
  0.00178064750084418  0.00238072257887520  0.00290294555444824  0.00348441131082327
  0.00408216947415247  0.00468893766314731  0.00529557104267487  0.00590985848539064
  0.00653037022827217  0.00715873715812003  0.00779655958937358  0.00844476733269552
  0.00911802132982912  0.00978367663184408  0.01044030647133187  0.01109423122915828
  0.01174889615041492  0.01239818052913827  0.01308481779933127  0.01377995264368724
  0.01447849335756861  0.01519170069447939  0.01591129602419802  0.01663151468230168
  0.01735603124728396  0.01808174188225877  0.01878619367122124  0.01953658454006396
  0.02031033650026587  0.02107986900059897  0.02181806187873935  0.02253594267327028
  0.02326375650807863  0.02400014349949207  0.02472147082179228  0.02543297498452797
  0.02614711239151532  0.02686166448805035  0.02758437577311688  0.02831674741219192
  0.02908096194917431  0.02987119364592063  0.03065401803745375  0.03143750534073478
  0.03226091465262374  0.03312929071224598  0.03402824801494683  0.03503693953260786
  0.03627847186039891  0.03745621886162550  0.03851207904636447  0.03947727327934260
  0.04043358258526251  0.04142917450035659  0.04254953735334845  0.04385266683134300
  0.04521869871785990  0.04656428945688524  0.04786157624782760  0.04917862616521512
  0.05059507597424943  0.05208087821304260  0.05354555493235107  0.05498197732693059
  0.05640467684432123  0.05791664398391172  0.05950914446693609  0.06120440834463070
  0.06302110992064396  0.06490571740627554  0.06682523838267726  0.06875801656867266
  0.07077363281992430  0.07259647965536740  0.07451985297036551  0.07652588762633843
  0.07842675067803877  0.08040304568828073  0.08333317117986366  0.08830116071204491
  0.09428632341629624  0.09950364504271622  0.10388215612515449  0.10950419550959939
  0.11614453161919874  0.12275032907035885  0.13241133113216624  0.14285787365050615
  0.16131162727770237  0.18218216732364995  0.23126328148347500  1.00000000000000000
 -0.00242113545372226  0.00993311589496573  0.02124441341849784  0.03316898424281552
  0.04597827208738556  0.05859609398632212  0.07114668740883537  0.08293116524453524
  0.09444591055649264  0.10554310315324220  0.11588383922508329  0.12673511054999290
  0.13810740434963201  0.15036808155100206  0.16164524768656499  0.17268878949562261
  0.18372027451853012  0.19489691414421820  0.20615352757502514  0.21703541010846358
  0.22763913847865150  0.23795507802539287  0.24840298108251907  0.25896838241683612
  0.26922161262261651  0.27896850890628244  0.28831995921405801  0.29753051176776979
  0.30716444582267416  0.31693082653664900  0.32708364058628897  0.33706899495343823
  0.34684328167712375  0.35671630034207769  0.36649713257937144  0.37599229402247231
  0.38544579767910808  0.39508831990238880  0.40550150782725852  0.41611434022591398
  0.42655033208911131  0.43689248258264984  0.44676291349610725  0.45600943553846524
  0.46488705856239404  0.47373406491035946  0.48319595730255482  0.49356063254598137
  0.50428215927758835  0.51506946777706730  0.52593376230999023  0.53644896398423791
  0.54665397707278740  0.55652094518645001  0.56592773712771460  0.57505528445487908
  0.58460451191606577  0.59453331158679812  0.60483030283413708  0.61481687034346644
  0.62469500017932056  0.63469429162981672  0.64444649042624225  0.65443163483889022
  0.66500975844385157  0.67502007256486340  0.68501123793923935  0.69539847342345484
  0.70652962446223622  0.71714570945054956  0.72743394106778325  0.73763861233929295
  0.74745033759308543  0.75687942835704325  0.76644281157918248  0.77790346012136313
  0.78987173314862236  0.80128525353428737  0.81229301463591552  0.82341952496394255
  0.83406051519708568  0.84310192264275308  0.85311635065436542  0.86386487202444717
  0.87450203028298501  0.88491929878819076  0.89511165994223918  0.90722153598575694
  0.92018485734043887  0.93243662644898240  0.94391881581279569  0.95507802167873201
  0.96651924964804670  0.97776272111596751  0.98917102095411558  1.00000000000000000
  0.01208969690623079  0.19035772155822725  0.30275362240029008  0.38863470641358716
  0.45274226987922145  0.50571754251875678  0.55076592850453010  0.58903266424811462
  0.62196460769224915  0.65036761007661070  0.67514465316080641  0.69733842011811964
  0.71745180009753806  0.73522870857815437  0.75163349294151849  0.76666312182894569
  0.78024738238795677  0.79279003614648436  0.80442587205569738  0.81518689415127310
  0.82511589596694468  0.83439993736371343  0.84307861007854246  0.85121252996041641
  0.85883373331469870  0.86594357023985546  0.87264615488895403  0.87891133948078970
  0.88496537633537808  0.89082958826611935  0.89623921121354433  0.90119567599717310
  0.90589410269912984  0.91041535240181737  0.91483633679792109  0.91869195946321136
  0.92217910108780798  0.92554261744946165  0.92880907832954729  0.93195152363339684
  0.93497255526765322  0.93776358594841880  0.94041348276218717  0.94286517842880113
  0.94529861029539242  0.94770176518979887  0.95004963942571896  0.95230303565232954
  0.95446777622574708  0.95651202655280521  0.95839747526938290  0.96013155409106499
  0.96178261838888934  0.96338032718255373  0.96491881046195527  0.96640992826049554
  0.96784604369514993  0.96923089694559339  0.97057452500164598  0.97187913862545428
  0.97314126987535576  0.97433525392557052  0.97547542014384525  0.97659697992046346
  0.97769797061608110  0.97877659944690454  0.97983316062143455  0.98085754172243844
  0.98181022196179213  0.98272964653582895  0.98363417359678296  0.98452929342825057
  0.98539063377331859  0.98619742477756578  0.98697828843410429  0.98771432015001859
  0.98842474503080435  0.98911318345516086  0.98979456879932282  0.99046697557639929
  0.99111545172097149  0.99174451673730935  0.99235408713772233  0.99295156575577059
  0.99352217247474384  0.99405730106222601  0.99458765139022498  0.99511571094911921
  0.99565032085674809  0.99619535489139144  0.99673918010481166  0.99728849316904977
  0.99785863040081801  0.99846894980360346  0.99917504071086494  1.00000000000000000
 -0.02160526873084075  0.10580476923742110  0.14441840827873365  0.16898240254075914
  0.18841686818262215  0.20615481444590458  0.22196560089620010  0.23628830646004520
  0.24967756933699745  0.26281702468976093  0.27452001039624724  0.28428106641776174
  0.29389382349827570  0.30341000959082409  0.31300088788120917  0.32197786856266958
  0.33050894232655181  0.33884399088069611  0.34684547438321522  0.35485403761145873
  0.36269979803694741  0.37046327689576569  0.37828011570035408  0.38589735418274657
  0.39322525395568281  0.40046233586814661  0.40770446586328934  0.41450707497942740
  0.42073543664056556  0.42641204580925396  0.43218513276747506  0.43771441905760777
  0.44367865044433374  0.44985867223265635  0.45661828776660662  0.46322690164610059
  0.46976846703700742  0.47625107410727485  0.48284639549174407  0.48950911240323636
  0.49606693430441068  0.50220733216566338  0.50792093691701679  0.51350426862405907
  0.51912767167968410  0.52477530663507432  0.53060888829403197  0.53646593690016331
  0.54237347558723981  0.54819220629447130  0.55397169115565870  0.55973036371816132
  0.56569383880795254  0.57189169262729966  0.57813130623883169  0.58431712015401149
  0.59044131170937819  0.59666763083816554  0.60287833993014650  0.60908744137367143
  0.61531423092224613  0.62152940744559082  0.62767487183008830  0.63388687217142947
  0.64015331989068003  0.64653816336935621  0.65323381369256961  0.65986962498266388
  0.66652016911773049  0.67328844378327424  0.68024037733806042  0.68729635366630071
  0.69443166800135681  0.70171084979185505  0.70871768652085432  0.71542778749040736
  0.72216221381778634  0.72903394833717838  0.73621032130643682  0.74368881698041078
  0.75138456771021733  0.75926248725077994  0.76722343555671768  0.77496319251263290
  0.78304495070031011  0.79143142307259107  0.80038624002019043  0.80986705089233579
  0.81971041248918042  0.83037297812939648  0.84223029485887668  0.85547515616980485
  0.87067924559893595  0.88975028351844276  0.92019039224004295  1.00000000000000000
   1.2168438426251622E-009  -1.0000000000000000     
 F F F F F F F F F F F F F F F F F F F F F F F F F F F F F F F F F F F F F F F F F F F F F F F F F F F F F F F F F F F F F F F F F F F F F F F F F F F F F F F F F F F F F F F F F F F F F F F F F F F F F F F F F F F F F F F F F F F F F F F F F F F F F F F F
  <DiscreteSampler_grid>
  grouped_processes
  1 # 1 for a reference and 2 for a running grid.
  10 # Attribute 'min_bin_probing_points' of the grid.
  1 # Attribute 'grid_mode' of the grid. 1=='default',2=='initialization'
  0.0000000000000000 # Attribute 'small_contrib_threshold' of the grid.
  0.5000000000000000 # Attribute 'damping_power' of the grid.
 # binID   n_entries weight   weight_sqr   abs_weight
    10   10   1.049723000972309E+004   8.917327989800708E+008   1.049723000972309E+004
  </DiscreteSampler_grid>
