  0.00895523211390730  0.01748041524315867  0.02681016864613738  0.03678352046576819
  0.04697053193161910  0.05773873444068068  0.06920500937889965  0.08039351431599324
  0.09135841970916207  0.10221450950416874  0.11310690768066371  0.12375759666341687
  0.13389587725891905  0.14396419663196613  0.15456622123590513  0.16579530815134197
  0.17719946080676527  0.18836844683997839  0.19910318236135871  0.20943741595242976
  0.21961790497016961  0.23030594678216598  0.24163674190829024  0.25334680022901779
  0.26549826441855373  0.27756947555645073  0.28923017629906073  0.30047620690075044
  0.31135994054472466  0.32193076790855146  0.33252354401463624  0.34376255945375733
  0.35551843519360005  0.36778894655352379  0.38019493017304429  0.39207938056602210
  0.40350102470740112  0.41419261293398207  0.42456515264126499  0.43485755385948077
  0.44493877343992788  0.45471851558394066  0.46425996621674126  0.47352987852526668
  0.48265734555339707  0.49188394002299901  0.50145750875423678  0.51126389516645954
  0.52088213908910719  0.53021525763007293  0.53990793104670309  0.54995558879785278
  0.56017349910836234  0.57094522521129321  0.58192934647193995  0.59267812918014939
  0.60305651401348459  0.61355452368441366  0.62455970276563977  0.63543629862706685
  0.64560286318389892  0.65504838991485725  0.66461840807425576  0.67492332139434230
  0.68520167905698559  0.69556156471300024  0.70626933080622778  0.71716507276338026
  0.72767320239151545  0.73797954596687898  0.74843184747108515  0.75784976510415814
  0.76652118709786465  0.77531350860384030  0.78394425050896976  0.79214739825866876
  0.80042778427554584  0.80910381535448272  0.81881885611346283  0.82951344868088417
  0.84060056937957306  0.85177490510655585  0.86237120213025276  0.87221909783850404
  0.88222968553142700  0.89208648325233941  0.90208130350819993  0.91209281708380807
  0.92209848484851875  0.93254822802715298  0.94352293048509128  0.95466615028335933
  0.96576923136490145  0.97658207494516691  0.98797218076721038  1.00000000000000000
  0.00000266503405269  0.00000274745053338  0.00000282640152382  0.00000290654495317
  0.00000298842099973  0.00000306940074935  0.00000314979090004  0.00000326091607676
  0.00000341577056623  0.00000358325457577  0.00000375432781839  0.00000395155481362
  0.00000415292967989  0.00000437221756925  0.00000461094582242  0.00000484426054387
  0.00000510286243588  0.00000537444945039  0.00000565020498000  0.00000593635956037
  0.00000624296136641  0.00000656801402477  0.00000693574757035  0.00000734553505847
  0.00000777907310372  0.00000823940822345  0.00000870199031564  0.00000918506707339
  0.00000971688200040  0.00001028914155186  0.00001088930811220  0.00001151997449321
  0.00001218802202364  0.00001289657216036  0.00001360907949439  0.00001434103450635
  0.00001508635591286  0.00001587002190601  0.00001670374779881  0.00001759102174554
  0.00001850294517496  0.00001943019293767  0.00002044712151197  0.00002152823722476
  0.00002273107199956  0.00002403483797196  0.00002540343568204  0.00002687526019508
  0.00002843354810854  0.00003004692721977  0.00003174998039994  0.00003351241967277
  0.00003532410651172  0.00003738485154519  0.00003945767859935  0.00004152341913229
  0.00004363954489076  0.00004581956684663  0.00004804028684366  0.00005037118476485
  0.00005287890354319  0.00005567481025105  0.00005874347768932  0.00006202411412499
  0.00006557737540639  0.00006932239716351  0.00007325577800469  0.00007770275101804
  0.00008275624454058  0.00008828560888411  0.00009437676765927  0.00010114616287336
  0.00010818978312927  0.00011596150035266  0.00012459237096551  0.00013422645593440
  0.00014521202533179  0.00015704853469557  0.00017065036280610  0.00018492843197237
  0.00020283213143513  0.00022408790663433  0.00025133149782013  0.00028294814546455
  0.00032386374179682  0.00037836824736910  0.00044866241233683  0.00053238606735097
  0.00063571264974450  0.00079464286986195  0.00104437039706437  0.00143891809837129
  0.00266014263315736  0.00924983975127117  0.16986137246789262  1.00000000000000000
  0.00000234206640100  0.00000261925380577  0.00000287402484961  0.00000313750305384
  0.00000340150318281  0.00000366718185087  0.00000395325122947  0.00000424764734531
  0.00000458075058963  0.00000490591617661  0.00000528873314395  0.00000571683955785
  0.00000617023212360  0.00000663291090146  0.00000712170901704  0.00000761204009964
  0.00000808362264187  0.00000854002899950  0.00000903030649377  0.00000957057632573
  0.00001011070969919  0.00001064199656398  0.00001117591277165  0.00001171579165687
  0.00001228433537735  0.00001289198580803  0.00001354239121146  0.00001423601244894
  0.00001497574206123  0.00001572490590961  0.00001652705151595  0.00001737897106999
  0.00001828472209138  0.00001924405944855  0.00002024608071345  0.00002126486068485
  0.00002230208307227  0.00002337297999571  0.00002449911591230  0.00002569064926954
  0.00002690698077423  0.00002812894138086  0.00002935833520168  0.00003078071462544
  0.00003227901493027  0.00003379576490847  0.00003535395602760  0.00003696150910028
  0.00003864370197508  0.00004039551301824  0.00004234018754612  0.00004454906229154
  0.00004673847919306  0.00004899783938296  0.00005126982724476  0.00005358883153899
  0.00005593037956081  0.00005855200157916  0.00006118528590246  0.00006398997970001
  0.00006705862501099  0.00007034834549456  0.00007385167689554  0.00007770276838051
  0.00008199642491676  0.00008634813870050  0.00009133050663427  0.00009651615719140
  0.00010195943406103  0.00010793038310894  0.00011436096807793  0.00012108048742228
  0.00012851328104326  0.00013673574010940  0.00014576074752160  0.00015653031487773
  0.00016852002249017  0.00018124121113583  0.00019564381659491  0.00021226338233605
  0.00023263063877245  0.00025670718939377  0.00028486512566795  0.00031858170007602
  0.00035872255102414  0.00040805966316784  0.00047015264859811  0.00055157612443703
  0.00067610460126277  0.00084943648641011  0.00110828602297550  0.00159296616648023
  0.00278663310014358  0.00887226719220995  0.23797425861891369  1.00000000000000000
 -0.00272002234858239  0.01003671451875077  0.02112342201862886  0.03137037446103024
  0.04178774864615794  0.05190164878414428  0.06219135560538817  0.07284838941993994
  0.08449583390062849  0.09645480828999055  0.10757717569757780  0.11816074670785487
  0.12850605106671573  0.13929605019786467  0.15055152882339581  0.16187069901929457
  0.17286022286288116  0.18352286477096874  0.19404825866583206  0.20508076473764392
  0.21627583128820357  0.22740919609599830  0.23746646816537603  0.24676562563776672
  0.25589159009666074  0.26515646554417049  0.27448867317340059  0.28366303824177991
  0.29349834286339443  0.30506625441343499  0.31684035673284594  0.32854673329176015
  0.33975719836614499  0.35046354489383513  0.36080024048912723  0.37161220444807158
  0.38284894122455565  0.39382857388554715  0.40411051897477923  0.41414532278841820
  0.42449885616818489  0.43552135747653009  0.44632336946643691  0.45690232353825178
  0.46694296575342065  0.47702145922624195  0.48735867881190553  0.49794823759003548
  0.50880917133279580  0.52011596239918689  0.53118691929686601  0.54194257784572730
  0.55250059184265499  0.56319974523443717  0.57425178079080297  0.58511298116091004
  0.59440665593721165  0.60422316664976217  0.61383075936375342  0.62377586751278691
  0.63396415740101209  0.64388403041506337  0.65463050163861303  0.66579556062143164
  0.67657414943314376  0.68702057619494272  0.69769463136485343  0.70840163012943846
  0.71933415542371926  0.73007149106106162  0.74095345428053438  0.75156382182158865
  0.76212385719602849  0.77279337207747700  0.78400298137204616  0.79583726010115241
  0.80712884673474594  0.81799535172372195  0.82857680288515023  0.83822391897806048
  0.84770241886014408  0.85746892591349178  0.86740418935977404  0.87757199036887767
  0.88780001745925252  0.89729634655959500  0.90660643799817031  0.91670859082230050
  0.92791918099039916  0.93916701325218510  0.94995760839655563  0.96045294673567760
  0.97055354089419299  0.98085321651328672  0.99021798890551338  1.00000000000000000
 -0.00265983503334606  0.01003095827771467  0.02108233578788489  0.03195353888846422
  0.04335119249389961  0.05508368472174519  0.06654034601121873  0.07717604701510886
  0.08750821847091494  0.09793860091716644  0.10843820480670854  0.11946973725024047
  0.13078887574061920  0.14214092010737117  0.15343627787460204  0.16419879671041673
  0.17438138088380428  0.18401513632883978  0.19344351761822010  0.20377833011378441
  0.21461090371804487  0.22553577420875712  0.23682606916973589  0.24847516384604409
  0.26017211564715736  0.27153075767023632  0.28279247588408463  0.29400957508756043
  0.30516868012637260  0.31618021115260098  0.32718296687679832  0.33805169328104606
  0.34844225738771017  0.35826658978520060  0.36802393194033345  0.37828357441220756
  0.38833012820073293  0.39886906175466630  0.40940613045290081  0.42017267022786636
  0.43126808036706937  0.44281820110116216  0.45466578617804110  0.46574880865528989
  0.47636184427306705  0.48672561878518555  0.49826146633118118  0.51054339812053096
  0.52250118281076896  0.53383727632952893  0.54471156964673317  0.55538290227951970
  0.56574095235197619  0.57587019711528353  0.58623900218363412  0.59707387859533922
  0.60834362309729206  0.61963899686535573  0.63048447592726264  0.64053725321357891
  0.64974312016788693  0.65890968790395299  0.66838749296014632  0.67805610307881359
  0.68785625232623548  0.69803263404972871  0.70853274691359380  0.71879697226969264
  0.72869128349274848  0.73818904304525712  0.74751180413650209  0.75717508961719471
  0.76740379421619054  0.77858359286129086  0.78929594508384970  0.79879155579440897
  0.80821105536763593  0.81784181575759007  0.82731411829520718  0.83678334532743348
  0.84635990868741007  0.85549214650756267  0.86525883778110568  0.87531898202321268
  0.88560980326828154  0.89590812492539251  0.90592555746518388  0.91623880625396437
  0.92665641424667455  0.93675833075053050  0.94669530572310612  0.95693689573968510
  0.96806806887700914  0.97917584002785052  0.98965776847584641  1.00000000000000000
 -0.00222763682355280  0.00903837387509083  0.01910580268800513  0.02945771560621272
  0.03981142923288696  0.05068774494465842  0.06173930905335746  0.07344764214144520
  0.08523327459721293  0.09549072662710123  0.10560808988175235  0.11546598325563741
  0.12592013480865008  0.13629205139558084  0.14672108736331613  0.15713182909047085
  0.16703868818905618  0.17638646564353391  0.18572739860207332  0.19517014685644096
  0.20477025282088604  0.21461192863468898  0.22441438245999165  0.23421434033496338
  0.24406824839482472  0.25399163999020835  0.26416747346152658  0.27453732140704706
  0.28490480043801941  0.29599845016658100  0.30744884939949879  0.31905546884036334
  0.33060592683734930  0.34212700256296097  0.35351535163667935  0.36485023303723502
  0.37608680133377531  0.38720603895619915  0.39800678834365333  0.40856696853452706
  0.41969749938588413  0.43118475401376166  0.44181016188802580  0.45176401950303702
  0.46234153407435641  0.47381638309814444  0.48615961181254264  0.49702198446261908
  0.50703194270597729  0.51705899893842333  0.52698730208026512  0.53782794237223130
  0.54813558003852814  0.55773645504101832  0.56739742771090396  0.57821934796230801
  0.58839579882370807  0.59822392980461125  0.60814135945122483  0.61797725518117574
  0.62772469736487468  0.63700567345177483  0.64644927281631548  0.65743333150916161
  0.66898167635968375  0.68035142117140801  0.69132852272346024  0.70179636168389248
  0.71202565301598741  0.72244535072252902  0.73325554805813598  0.74447527141688707
  0.75591042602496683  0.76711516189485063  0.77798350070361988  0.78849351636590581
  0.79886425955088924  0.80921074148721894  0.81977469507585632  0.83080755205675849
  0.84194391653896261  0.85289109464613000  0.86359452377681789  0.87429296372174004
  0.88500223619857443  0.89588935622778443  0.90621595016143719  0.91684816756542709
  0.92805327339223298  0.93979968848618034  0.95173461060040598  0.96268323175702164
  0.97225208713188693  0.98124693251880613  0.99004855250713819  1.00000000000000000
  0.00003816395726693  0.00014015633315121  0.00048802474186239  0.00096588218538070
  0.00150809519939853  0.00191817093118991  0.00231446426608263  0.00275134032447349
  0.00320382801309966  0.00366362756026126  0.00412928523855778  0.00460212106331372
  0.00508544798764793  0.00558639917576517  0.00610064343887901  0.00661870447602002
  0.00713269918550897  0.00764043231978762  0.00814824172071602  0.00866387342645842
  0.00918389067844065  0.00969712924546619  0.01020150373341448  0.01069652305072035
  0.01120512744873161  0.01174380140206827  0.01230885835885336  0.01288830040215360
  0.01346834593317897  0.01402797738374663  0.01463522395467006  0.01525403027452414
  0.01588597274171813  0.01653308061613947  0.01717061089112353  0.01780473002495979
  0.01846107409777322  0.01914570749708669  0.01985442538522958  0.02055882936314030
  0.02124793839464930  0.02190879499346040  0.02256191540044092  0.02319555006228101
  0.02383898958767560  0.02445561639008340  0.02509575758886735  0.02576184941708735
  0.02645003688866819  0.02714549429020223  0.02782958095124819  0.02855846811812595
  0.02932357313930695  0.03010521343480628  0.03088964314119671  0.03168346391185385
  0.03247287916454060  0.03327183557713020  0.03409552401711251  0.03498312285402247
  0.03591789677481351  0.03685141450800006  0.03781586792410133  0.03879127318870555
  0.03975375288352294  0.04064243146681563  0.04153571268284648  0.04261191265188861
  0.04382124976716904  0.04516676394356544  0.04668233895487052  0.04830064651712975
  0.04995435373948499  0.05147753155022643  0.05295201444316648  0.05455903693151275
  0.05633264326409804  0.05799856844134293  0.05972963212607171  0.06129597726793005
  0.06289508028637972  0.06471483407254736  0.06659011747678117  0.06865531811444224
  0.07147587982706756  0.07458013773626157  0.07770303134584433  0.08141072238387474
  0.08590098014095947  0.09189526760113205  0.09885404597608935  0.10624831844354203
  0.11759221653971406  0.13731284393702403  0.18433592006245256  1.00000000000000000
 -0.00261991752695419  0.01046617847060462  0.02249774194084985  0.03401171757870475
  0.04599606687107505  0.05787716780650128  0.06973629119667418  0.08164600959548721
  0.09288451366822441  0.10474350088889614  0.11625604898198880  0.12753162010235461
  0.13821326720112390  0.14846453544818547  0.15851802836576340  0.16897050013825204
  0.17998286363914576  0.19191483775473642  0.20369644746252002  0.21483850388633569
  0.22509313450741400  0.23587010403391598  0.24701157341117674  0.25790290874983018
  0.26879367655614245  0.27946482938452577  0.29020034568547687  0.30141145546587494
  0.31201092083909682  0.32174624870496360  0.33132606257158631  0.34105141822091550
  0.35050273782822600  0.35917001162229656  0.36740577631557036  0.37610725970976505
  0.38615147930823907  0.39668939496659456  0.40628934367113823  0.41562639356552178
  0.42521040319327591  0.43495498932617949  0.44454073990304721  0.45429310482079832
  0.46421948929921586  0.47446137109422420  0.48432328810754011  0.49353857969041909
  0.50237511100887511  0.51132738004196931  0.52049594095394736  0.52974910781510753
  0.53858519845194974  0.54713727540507473  0.55563987122266434  0.56432650643890725
  0.57359077650572021  0.58377041868876800  0.59383340893842507  0.60470237845908037
  0.61440182235832153  0.62452811161410293  0.63496949095802302  0.64548256439843466
  0.65509049067673863  0.66431515092226501  0.67364371763458619  0.68313771026179559
  0.69225627215285868  0.70103638269885893  0.71032550344072776  0.72093342714877962
  0.73149622251345825  0.74158163882160499  0.75188008477029789  0.76250088170556907
  0.77287703963262044  0.78299351755225799  0.79325905162394927  0.80424771838304421
  0.81609950487854188  0.82891746574489467  0.84182176935831565  0.85417198703427799
  0.86628190506123304  0.87880244950919439  0.89181182319045305  0.90443935786905438
  0.91653337019998526  0.92856648809846665  0.94117793396193183  0.95418287327096807
  0.96587312765025768  0.97717928997645265  0.98814930209433038  1.00000000000000000
  0.00419802686982314  0.24441771450423197  0.34243809737754327  0.41732418922639419
  0.47594494183451258  0.52436216658253798  0.56468410139195968  0.59882180399420060
  0.62937351451400236  0.65608795131428621  0.67926873538177224  0.70056057862493648
  0.71985092278288043  0.73712464662037025  0.75302028688401468  0.76741218948728374
  0.78046829263382733  0.79264923127140263  0.80402398565130584  0.81477387440528604
  0.82475008370164538  0.83397247298063537  0.84255811728839580  0.85079787390323236
  0.85855216448407745  0.86579272383576411  0.87258950898777876  0.87893042568163249
  0.88486573012311831  0.89036997128608186  0.89552118461950192  0.90030840816027347
  0.90483541594525374  0.90912055288203841  0.91318976977176114  0.91697016752472371
  0.92050061895642132  0.92384487061559617  0.92705716088960932  0.93019981247042882
  0.93322076967733403  0.93616316271230837  0.93897269348417178  0.94141498267638701
  0.94384049426201000  0.94616033685028400  0.94851356241677487  0.95083028984541074
  0.95309670094458310  0.95533603471834572  0.95756890057139055  0.95938862982491757
  0.96106696721868534  0.96277946689602689  0.96441506316543901  0.96594245088956399
  0.96739938950577109  0.96879931214436521  0.97015034307287895  0.97147358158766195
  0.97271462839710765  0.97391260453609418  0.97502278531129660  0.97608844647507675
  0.97714100529569492  0.97817908119980945  0.97917804782555307  0.98016390820475019
  0.98111808427409852  0.98203994935452110  0.98294596512919896  0.98382248669937777
  0.98466318203462655  0.98548542667469186  0.98626545241056629  0.98702836827177176
  0.98777932427054749  0.98851274256123478  0.98922430144967100  0.98991491396789577
  0.99057172439515817  0.99122527941362981  0.99188221952386091  0.99253212457212325
  0.99316242390186527  0.99377124200067313  0.99434446773071183  0.99489879868248765
  0.99542978746764654  0.99593914548304008  0.99649254251339803  0.99705303326891492
  0.99765124729300647  0.99832032317674346  0.99909300469530260  1.00000000000000000
 -0.02175433230413427  0.10579696222995574  0.14429799562016651  0.16990638934558608
  0.18974350498044459  0.20702821595581686  0.22314504821501674  0.23723229180297734
  0.25001071530411778  0.26134240018754518  0.27234527105464662  0.28294538071513459
  0.29307746189400002  0.30259339304564054  0.31166352712559475  0.32036020792691378
  0.32892843952159218  0.33746130283807868  0.34593406481593736  0.35407754364949068
  0.36173842715173204  0.36918802001047996  0.37674157944414233  0.38426872362010528
  0.39175530777778389  0.39920856007833566  0.40653822842249360  0.41361349855668922
  0.42028803972750040  0.42675278090996399  0.43334929539110822  0.43987136476866456
  0.44614222214281057  0.45228195923415687  0.45840946385326592  0.46453789860172873
  0.47054484273746194  0.47638914079943440  0.48232950832984967  0.48876985375513188
  0.49560600367915619  0.50242750506537692  0.50895857136656941  0.51522123242771267
  0.52144138978103027  0.52775191143135725  0.53403567337759206  0.54023254058963199
  0.54625555244146295  0.55206237461933483  0.55754859114331567  0.56286599611629706
  0.56843334388077371  0.57411835134319078  0.57976087996562009  0.58557980606389026
  0.59158275934679561  0.59739956920216519  0.60298682205851339  0.60868037641082862
  0.61454418902456132  0.62044622530836102  0.62674328358929465  0.63328665510426863
  0.63973741887889690  0.64603975706073902  0.65218675377020463  0.65819001585567616
  0.66445669001824814  0.67100979928640347  0.67794252327120164  0.68510920472483594
  0.69212060209508885  0.69886822877495847  0.70548258350117221  0.71210544044340940
  0.71893485965237225  0.72587426087784002  0.73280589722639777  0.73977181391219504
  0.74665397947170720  0.75356076633619740  0.76081444642254392  0.76881765753828257
  0.77754173055755638  0.78635621520884724  0.79541607275482762  0.80497032225395981
  0.81532343124183215  0.82642720679620441  0.83857159730645803  0.85220688785436993
  0.86837933969584680  0.88910282156385656  0.92130454274843321  1.00000000000000000
   1.1392734272133122E-009  -1.0000000000000000     
 F F F F F F F F F F F F F F F F F F F F F F F F F F F F F F F F F F F F F F F F F F F F F F F F F F F F F F F F F F F F F F F F F F F F F F F F F F F F F F F F F F F F F F F F F F F F F F F F F F F F F F F F F F F F F F F F F F F F F F F F F F F F F F F F
  <DiscreteSampler_grid>
  grouped_processes
  1 # 1 for a reference and 2 for a running grid.
  10 # Attribute 'min_bin_probing_points' of the grid.
  1 # Attribute 'grid_mode' of the grid. 1=='default',2=='initialization'
  0.0000000000000000 # Attribute 'small_contrib_threshold' of the grid.
  0.5000000000000000 # Attribute 'damping_power' of the grid.
 # binID   n_entries weight   weight_sqr   abs_weight
    10   10   6.761698536908310E+002   1.953518494271854E+006   6.761698536908310E+002
  </DiscreteSampler_grid>
