  0.00933590476311083  0.01665884546179635  0.02668792663377022  0.03730226829028165
  0.04778897359445928  0.05840472114807335  0.06880853007047083  0.07908720903319057
  0.08890497998078030  0.09795877671324564  0.10653394014691428  0.11484360324632904
  0.12389604284991441  0.13398473776477321  0.14401565412033859  0.15424541830936242
  0.16464414173295677  0.17499838039092244  0.18532320493356266  0.19563285178421580
  0.20586654657984407  0.21546914766484743  0.22476885279877351  0.23445379915460748
  0.24438720305985404  0.25389292602163471  0.26318874973542439  0.27298117679040540
  0.28364706376393156  0.29466792656119600  0.30565069575356951  0.31658528287471660
  0.32742884690027713  0.33798237809811449  0.34855269304896475  0.35919545035487443
  0.36993876301091927  0.38087482757286123  0.39192609488838215  0.40345054793725593
  0.41484953715605094  0.42533786405990187  0.43536891068297845  0.44551463389921736
  0.45596819973893954  0.46611598585602915  0.47585713770881105  0.48604623314806211
  0.49642123548439615  0.50717178156875609  0.51771349067125716  0.52824973499331707
  0.53861483408084199  0.54839806059443019  0.55825784829691016  0.56838356849390637
  0.57968016753737650  0.59142945450773121  0.60285888828012535  0.61357665608182088
  0.62437023689007898  0.63515540603508891  0.64594837312908504  0.65675763766127304
  0.66746073522745719  0.67822436408489328  0.68945058181570884  0.70070227575619415
  0.71143081686048015  0.72210221493773774  0.73292188971845884  0.74423303833651633
  0.75555498071632043  0.76652842912385810  0.77714995141652110  0.78757376308220839
  0.79832383915228955  0.80948353365055981  0.82078590865532541  0.83197328445700192
  0.84340517085221589  0.85457534530553492  0.86481427447568493  0.87430816004148948
  0.88418173407114709  0.89446806760155551  0.90500043988474677  0.91563164794973639
  0.92650092521937388  0.93777455309109936  0.94873812934207469  0.95968661841246239
  0.97037357086368770  0.98040030405066148  0.99150286119150777  1.00000000000000000
  0.00000250549879732  0.00000258593851734  0.00000263902154267  0.00000269360740255
  0.00000274918348775  0.00000281429370489  0.00000289341849056  0.00000297617445268
  0.00000305948796082  0.00000315310138351  0.00000330025483723  0.00000344440316389
  0.00000359360696004  0.00000375897016935  0.00000394424189593  0.00000413478166965
  0.00000434094058633  0.00000459576640736  0.00000487760668984  0.00000517841830305
  0.00000548636423675  0.00000580078138887  0.00000613775645410  0.00000650550214827
  0.00000690429463518  0.00000734242266719  0.00000779660943716  0.00000829818015965
  0.00000880329225424  0.00000934366833481  0.00000991435395872  0.00001051021800606
  0.00001114143543526  0.00001180494970015  0.00001249225592475  0.00001324184665974
  0.00001406676395567  0.00001494645592317  0.00001585466333097  0.00001678726711636
  0.00001774809347896  0.00001874081911661  0.00001979954925070  0.00002092054826916
  0.00002212957039300  0.00002340807438789  0.00002475481749496  0.00002619995722302
  0.00002778124045625  0.00002951447451462  0.00003137212087113  0.00003333898410718
  0.00003541316111810  0.00003748432639165  0.00003955658308041  0.00004176772991840
  0.00004425544384242  0.00004692753632082  0.00004972990073559  0.00005263630353518
  0.00005560051081089  0.00005891872422659  0.00006253399057962  0.00006634077897782
  0.00007038592556891  0.00007480621635769  0.00007971178902556  0.00008519179066341
  0.00009123070099256  0.00009780013144872  0.00010503320420029  0.00011284909083470
  0.00012126231653553  0.00013021056507323  0.00014009786637290  0.00015146982951314
  0.00016465735723668  0.00017953421460817  0.00019572264140896  0.00021483688526494
  0.00023976331933228  0.00027075654177278  0.00030664896984301  0.00035306004496854
  0.00041095121926334  0.00048904288489962  0.00060005919155395  0.00075390904540051
  0.00096645963720051  0.00133354076123218  0.00205796732633599  0.00349593968264194
  0.00726440726923391  0.03750528900910297  0.64968034313234346  1.00000000000000000
  0.00000235370534501  0.00000265616688799  0.00000294470336735  0.00000324859593579
  0.00000357965098755  0.00000393499451674  0.00000430044029888  0.00000465191099900
  0.00000499785335960  0.00000537157215837  0.00000577039377009  0.00000618545455305
  0.00000659383957186  0.00000700156637624  0.00000742275145431  0.00000787412651896
  0.00000836043700822  0.00000887341465105  0.00000941044452497  0.00000996956295265
  0.00001055447527652  0.00001119010614428  0.00001188836988195  0.00001259732020605
  0.00001330219233761  0.00001403149598284  0.00001479929864350  0.00001560844467837
  0.00001646378706138  0.00001736316459139  0.00001830359702379  0.00001929493449937
  0.00002034177375891  0.00002140688742679  0.00002246306029859  0.00002357992720377
  0.00002474050049221  0.00002598216309867  0.00002730044335016  0.00002867349133899
  0.00003011404040564  0.00003161517333719  0.00003320837301750  0.00003486706820141
  0.00003658953404016  0.00003836633501992  0.00004021457924581  0.00004214089985109
  0.00004410385226942  0.00004611808826561  0.00004829953309581  0.00005063119190361
  0.00005313437290602  0.00005579885117679  0.00005859729286881  0.00006160577562162
  0.00006479919377942  0.00006824630872663  0.00007194922385983  0.00007577891885049
  0.00007966700436333  0.00008376987772913  0.00008819108245579  0.00009300944719348
  0.00009831721541361  0.00010392627580592  0.00010982060763603  0.00011640810078663
  0.00012351474547064  0.00013110175335322  0.00013949851573125  0.00014862951571108
  0.00015864915082877  0.00016954936899766  0.00018204478529308  0.00019606985675019
  0.00021158942139976  0.00022879587158862  0.00024884375640490  0.00027221878105359
  0.00030011969767011  0.00033359596200388  0.00037474598180007  0.00042542509412982
  0.00049317790213065  0.00058422440037967  0.00071392857760091  0.00089873251874344
  0.00115356678708351  0.00153335716126420  0.00220842009903921  0.00365769539525107
  0.00682586201178477  0.01557087689896455  0.08162065015299258  1.00000000000000000
 -0.00224677461025089  0.00907640488545793  0.01906064413501226  0.02946231387749385
  0.04025944154410364  0.05137213671888093  0.06252904961799163  0.07300906375424110
  0.08298790466432793  0.09265103812545152  0.10258000863878854  0.11259392656386233
  0.12261463186506259  0.13282938968849411  0.14269351991533585  0.15194106042907984
  0.16129682008631629  0.17145406782921843  0.18288266000664061  0.19517015158926115
  0.20712916403664042  0.21882645744614873  0.23020854001431990  0.24129087695090651
  0.25202282244017615  0.26273790059527163  0.27302839451788341  0.28326911776221403
  0.29362222882944483  0.30378734555651149  0.31396596484437295  0.32399414709288848
  0.33345962545094854  0.34262868849299372  0.35148078179524955  0.36066164071166107
  0.37016308967903766  0.37984315011062425  0.38951008888536776  0.39945456549970831
  0.40992464974428178  0.42037934353262252  0.43055794671933956  0.44078626200911869
  0.45133474060016127  0.46221090216540478  0.47323820857871385  0.48482300118006821
  0.49657688952206092  0.50802642967584466  0.51920500360247601  0.53051070247758336
  0.54192935570827694  0.55253415162135677  0.56277616479701265  0.57297895900612283
  0.58313367413208816  0.59304357450606715  0.60302435164599022  0.61363155185587204
  0.62469329869623613  0.63582134267493073  0.64710946366654687  0.65831241308834509
  0.66958298095785118  0.68078304405423018  0.69204844877444560  0.70319995229379684
  0.71414541626974670  0.72510655296191984  0.73623285897558921  0.74731411235906042
  0.75871880879914011  0.76982179601604162  0.77998582706467379  0.78977215697026182
  0.80019635099212305  0.81159751867725605  0.82334128504079707  0.83485208086666773
  0.84651702636305104  0.85792807350202960  0.86889789282502239  0.87944504435643178
  0.88980091682933549  0.90034348623570171  0.91077464519995788  0.92084425593352959
  0.93075814220554554  0.94070461414613982  0.95042876730028070  0.95985150197274138
  0.96963995155820515  0.97989221264951176  0.99010553503964827  1.00000000000000000
 -0.00275434669949139  0.01023484337626539  0.02095757820484492  0.03141034730531782
  0.04169399722013550  0.05179369744667299  0.06194155483063008  0.07210055304609861
  0.08239348578061664  0.09210076150446986  0.10101380797281632  0.11079038049837811
  0.12149509327874579  0.13284786738763668  0.14400957399843872  0.15494629224371642
  0.16587135973751763  0.17697882090352907  0.18776683907872557  0.19754101002192900
  0.20685611413867980  0.21573860590525351  0.22508162841164470  0.23449886858526178
  0.24464518420461265  0.25478856782319370  0.26560229241082883  0.27661091778381031
  0.28805636153586245  0.29905874775577052  0.30933539641942892  0.31963126340136644
  0.32996844851223139  0.34046178161510937  0.35166469833505776  0.36212914184406764
  0.37221939859027525  0.38192779300568996  0.39127035919731395  0.40104639826693150
  0.41104354832317108  0.42167199334901517  0.43238748907587216  0.44363746176591795
  0.45436236519089845  0.46564378061710848  0.47703843729956386  0.48865888626421494
  0.50048268317185551  0.51202846319442619  0.52268248606165912  0.53299864874791680
  0.54366702618330009  0.55483834479289862  0.56559966030425368  0.57633904047623929
  0.58726055265580790  0.59855103269673204  0.61007175736994201  0.62199632932408566
  0.63441095418940063  0.64582313710554096  0.65631546814413011  0.66654226413087858
  0.67704240953144523  0.68729708794476074  0.69713993031237143  0.70653865421472672
  0.71686842166436471  0.72671452706862183  0.73750190430872320  0.74797223229722343
  0.75854047014713111  0.76870065404599353  0.77867823697575367  0.78813024875689408
  0.79772825693451022  0.80666149902199824  0.81568219897103245  0.82490742875769629
  0.83427422135311191  0.84416613619406422  0.85467032641498686  0.86600333125139628
  0.87775580632577521  0.88902141064857765  0.89991695529321991  0.91092352878080374
  0.92216300641228022  0.93314799511290814  0.94381558572914159  0.95456547477344145
  0.96583463674227932  0.97708818703862388  0.98874429796629160  1.00000000000000000
 -0.00236275891104871  0.00977890890814419  0.01929205323733108  0.02943026454675685
  0.03951864380259756  0.04981526529124133  0.06067691012125977  0.07221469173453597
  0.08408483323458318  0.09436849156251845  0.10397250333305058  0.11343398517735694
  0.12384346227838813  0.13496508648849714  0.14616562819095891  0.15684398725537191
  0.16899326371520249  0.18043794173944502  0.19123250366531641  0.20154661450061398
  0.21196583895664234  0.22244031866336553  0.23258583093313792  0.24280669309743005
  0.25346249630737822  0.26476350199375648  0.27546707776033907  0.28591078649684520
  0.29664044214116975  0.30742924354972034  0.31781013417705178  0.32749142105129225
  0.33703641839357545  0.34687399800789559  0.35740792204722621  0.36859130152253694
  0.37916469221228705  0.38885790569545031  0.39920336166556342  0.40956303995846932
  0.42014186420213345  0.43094330351265997  0.44182874933420202  0.45321565457069379
  0.46355770493702841  0.47412642797833920  0.48410800289504957  0.49475321863834398
  0.50527498349626276  0.51589708444626692  0.52640187712409725  0.53654915955216809
  0.54684367951888002  0.55807595906254848  0.56892280248286342  0.57993069520715479
  0.58994987608491045  0.60080905152555331  0.61122225048001344  0.62128834316693182
  0.63104040773000603  0.64094928015244457  0.65126487220486651  0.66206541409181352
  0.67355580605656062  0.68521640313810084  0.69612501956248141  0.70649299539814570
  0.71711439926136178  0.72830361437542190  0.73954514013569317  0.75041587628388218
  0.76082264407027123  0.77077556063548225  0.78004557324768731  0.78952809207239483
  0.79903400816373460  0.80871304488263107  0.81822099120733294  0.82775422006454114
  0.83763491309237326  0.84865748551207987  0.85970999970051099  0.87120586348064943
  0.88252457212270952  0.89440801427641736  0.90467177491506234  0.91507493973028498
  0.92531808741525223  0.93537311061353368  0.94587656815414478  0.95607244157954097
  0.96653422413145051  0.97707185281252595  0.98826580635399019  1.00000000000000000
  0.00001587899687094  0.00019031276350105  0.00052923243085698  0.00097146928204287
  0.00145986776893796  0.00185691468140002  0.00224716848926577  0.00266089160186925
  0.00308328009230283  0.00350651860506768  0.00393471535610564  0.00436468945157713
  0.00479433776974949  0.00522704429919418  0.00566665138559601  0.00612876664622905
  0.00660265641234711  0.00708436177910336  0.00757497813295082  0.00807634152604974
  0.00858924264931793  0.00911254727463841  0.00964294250112609  0.01018570383495748
  0.01073714408509969  0.01129473512408452  0.01187906538785061  0.01244211408381275
  0.01301753698928787  0.01361168678783057  0.01422545265151725  0.01485503511426249
  0.01548640688398344  0.01614479267187285  0.01682311835367693  0.01752525629301989
  0.01826236898200553  0.01901856300139862  0.01978147368232952  0.02055972027664475
  0.02138399156034539  0.02227505863780456  0.02319792144173503  0.02410909244445193
  0.02499593624026322  0.02585385694667713  0.02668805220746214  0.02750405915546844
  0.02832784304898377  0.02917925654166926  0.03003104431426779  0.03087450544555087
  0.03176065238830279  0.03262336136691668  0.03349313919649448  0.03444949996165218
  0.03535607608868283  0.03627336010367509  0.03724667172134268  0.03833224064803695
  0.03940821435687496  0.04049173304943998  0.04163403297638044  0.04290086156978710
  0.04424472164574774  0.04565510965769828  0.04707091915524347  0.04845434737295031
  0.05001979061542369  0.05154188126362295  0.05350378112786602  0.05523946940689376
  0.05685446785566750  0.05833034601952060  0.05995411094345716  0.06182262993926196
  0.06413137344215916  0.06658975301965861  0.06935018226334150  0.07192157967780029
  0.07461605324875817  0.07772354010867021  0.08114262584895769  0.08549620040304569
  0.08872599871054372  0.09251023594508333  0.09658927289045570  0.10297045822367683
  0.10999036262001660  0.11807327744605975  0.13054506312927419  0.13868869828733568
  0.15457666067973236  0.28356734298401592  0.55570747992981484  1.00000000000000000
 -0.00245832689791515  0.01031231591537534  0.02123511175044920  0.03393415362199931
  0.04587276303788491  0.05766223047259870  0.06960884660150812  0.08213226092966455
  0.09383852563834677  0.10481999965260497  0.11503188395277283  0.12468004397790318
  0.13395956303324655  0.14326075786046646  0.15332155178013535  0.16383997059655697
  0.17447881844024538  0.18525694833903342  0.19596504882047897  0.20676977051595019
  0.21776775458462000  0.22862218751970231  0.23932539171438000  0.24977380832342225
  0.25997425649016681  0.27015548466086153  0.28022316764851041  0.29022481468986155
  0.30032477920541500  0.31030574901705671  0.32012081368887674  0.32965991567206365
  0.33931102653206563  0.34903675205480972  0.35890318045050917  0.36898391171882516
  0.37928555429158428  0.39003306179622121  0.40040366419483059  0.41075749379206578
  0.42074084373062187  0.43065244607621361  0.44045654131387235  0.45027971495422292
  0.46006441322753949  0.46979923004155233  0.47952151842612240  0.48905176119689020
  0.49848012797478913  0.50787183754655973  0.51753944071940339  0.52738849049229652
  0.53716056912627408  0.54692918010612934  0.55703098993960021  0.56759569889555683
  0.57823418778212698  0.58872737727803814  0.59875594823899791  0.60788937735572601
  0.61674117647998072  0.62586878282916014  0.63552121997267663  0.64491505729960408
  0.65405095389755585  0.66351660356562370  0.67379625774300766  0.68464200416672294
  0.69554899400582326  0.70679278356106401  0.71807922423221160  0.72923769483643408
  0.74009594627838504  0.75092444076761744  0.76187131876493053  0.77287176185499906
  0.78419379254882227  0.79602767143043185  0.80761533273686614  0.81871963567676531
  0.82906409387439661  0.83887942308685959  0.84897869340941023  0.85965721609726209
  0.87065294622453937  0.88145926348923331  0.89255124554795184  0.90413286514203006
  0.91560223853682021  0.92717802803792471  0.93897659454867188  0.95104027781563227
  0.96356612448792534  0.97581026848970298  0.98822381217882360  1.00000000000000000
  0.04791909009255269  0.21806062068686363  0.32255796852240759  0.40294648562892887
  0.46495348166946887  0.51624996059482464  0.55997102648836505  0.59660086875223173
  0.62807857035217951  0.65549996648329822  0.68003463125989472  0.70168553739454520
  0.72090283960395096  0.73844827676124025  0.75445390848251925  0.76901684699061312
  0.78246402617306710  0.79502239227460558  0.80653593529535528  0.81709633667831416
  0.82707440376601715  0.83629843445915597  0.84475731070710536  0.85267004719032091
  0.85998983506713722  0.86677902415441044  0.87311926917086236  0.87907892319899195
  0.88475288065404623  0.89037361493795708  0.89564254084028549  0.90047928810815026
  0.90488260017338029  0.90901819175098142  0.91323025860773233  0.91724832509653398
  0.92110611950882382  0.92471666856493051  0.92817477471178389  0.93147867516507621
  0.93469354315095543  0.93767787419274218  0.94040647628989193  0.94302222259599577
  0.94555917872006801  0.94791650983567433  0.95007884613077320  0.95213957302846774
  0.95415440549388564  0.95615736551902708  0.95809084608704043  0.95986961274143845
  0.96154146819043840  0.96316783418156160  0.96473951081754528  0.96623281423786844
  0.96767423352957427  0.96907111305858518  0.97037101102892132  0.97164638726472552
  0.97289019679846744  0.97411034304487287  0.97533508993571882  0.97655326988212343
  0.97773461054082234  0.97885928715500037  0.97991670344427140  0.98090127505490643
  0.98184834920954922  0.98276472383397928  0.98367562031209377  0.98457794606916182
  0.98545629002463286  0.98630920706397684  0.98714287249003796  0.98790581133453714
  0.98863601451270389  0.98934343672437430  0.99001235350577199  0.99064517097492155
  0.99126400377046986  0.99188291659001471  0.99247236186643462  0.99305787811063939
  0.99363467846708464  0.99419527354174930  0.99473803665616645  0.99524626292466234
  0.99575186762202428  0.99625802279959030  0.99676191472131082  0.99727680655108708
  0.99782246738263203  0.99842509968100446  0.99914656325636353  1.00000000000000000
 -0.02219149554263863  0.10782623928553997  0.14818220261619053  0.17434101383157785
  0.19458590788805497  0.21122407152633701  0.22575929752317586  0.23918909795456730
  0.25133744806381669  0.26275468216327535  0.27389504619778121  0.28475410843226290
  0.29490883269118956  0.30409296648728934  0.31322772672332999  0.32246237779440873
  0.33177556342076292  0.34031127732132366  0.34871070966127188  0.35691544435507211
  0.36481643928414298  0.37245308269470906  0.37975485547921667  0.38675780043580033
  0.39344106791871353  0.40043581465466704  0.40763284724512067  0.41480492744902914
  0.42159709131082834  0.42818415974880586  0.43458924487075107  0.44093139594517894
  0.44694342866633507  0.45321219751595954  0.45966813607308254  0.46643921832348434
  0.47321334822654620  0.47964914328835495  0.48563853622457576  0.49173707910793307
  0.49796177505512790  0.50438089552788035  0.51066901012074972  0.51670034110472407
  0.52253647528410041  0.52841775807969094  0.53444083364705675  0.54050456540100633
  0.54658446953161144  0.55256453131713135  0.55851295889812158  0.56461460076343273
  0.57074790173503853  0.57661256517018489  0.58238331408498933  0.58831393090823780
  0.59459336764039084  0.60090000577366187  0.60715463803287673  0.61290663680062119
  0.61836939653541312  0.62377823455426606  0.62930798695712187  0.63540530637336246
  0.64165264343926676  0.64798559031396297  0.65442769395495803  0.66095468007241964
  0.66762624716844698  0.67445829440024074  0.68133872787540462  0.68808789777297930
  0.69447069956997398  0.70077230978943805  0.70739241010919729  0.71409123543516662
  0.72103062492342940  0.72825086517138915  0.73537631852805063  0.74245101319868068
  0.74923240401598323  0.75637743150031822  0.76389900737486682  0.77154279796922731
  0.77926153040487400  0.78724738645121739  0.79586696251498146  0.80509957417495748
  0.81492044725086010  0.82603938336304272  0.83844777405104620  0.85207882952465519
  0.86770676725691398  0.88685238076242412  0.91802503109976552  1.00000000000000000
   1.2302450998943110E-009  -1.0000000000000000     
 F F F F F F F F F F F F F F F F F F F F F F F F F F F F F F F F F F F F F F F F F F F F F F F F F F F F F F F F F F F F F F F F F F F F F F F F F F F F F F F F F F F F F F F F F F F F F F F F F F F F F F F F F F F F F F F F F F F F F F F F F F F F F F F F
  <DiscreteSampler_grid>
  grouped_processes
  1 # 1 for a reference and 2 for a running grid.
  10 # Attribute 'min_bin_probing_points' of the grid.
  1 # Attribute 'grid_mode' of the grid. 1=='default',2=='initialization'
  0.0000000000000000 # Attribute 'small_contrib_threshold' of the grid.
  0.5000000000000000 # Attribute 'damping_power' of the grid.
 # binID   n_entries weight   weight_sqr   abs_weight
    10   10   3.355687970910722E+003   1.077834711190374E+008   3.355687970910722E+003
  </DiscreteSampler_grid>
