  0.00891284319923654  0.01760472560323616  0.02689814880322153  0.03697553625523116
  0.04717875820115529  0.05808174544478791  0.06951972859331436  0.08062461410139625
  0.09118746265984548  0.10171805549871307  0.11219492126350054  0.12243513076466324
  0.13221000456731302  0.14193533864752819  0.15215342951530264  0.16299737305286735
  0.17392498604153528  0.18490706859773309  0.19562841856763383  0.20600581052565228
  0.21620927927678504  0.22663592383997389  0.23754194965623929  0.24880496103467850
  0.26054894417879004  0.27238300129306342  0.28402276326160941  0.29558343194872355
  0.30696734763564315  0.31790696901174720  0.32854281447491090  0.33945944603962142
  0.35096835530591858  0.36314784590830240  0.37581907926714364  0.38802643727986996
  0.39914365340597918  0.40970942352004436  0.42015917412666737  0.43075668145968610
  0.44124066112524390  0.45125463204291594  0.46095005638431114  0.47049730078496504
  0.47996611408598888  0.48966223260826497  0.49980285399177876  0.51016187842423799
  0.52009775911214695  0.52944462041155993  0.53896183913878060  0.54894946850618498
  0.55918596145942734  0.56986093214680111  0.58073488164233500  0.59141981489598261
  0.60140986159350840  0.61145996617911569  0.62192151208137514  0.63254504169134318
  0.64265649614936837  0.65215060453936946  0.66160177307604029  0.67159778237915324
  0.68151297524427501  0.69179938128666663  0.70227780863853606  0.71353281911353095
  0.72437707541208607  0.73527285188028502  0.74632303539066425  0.75610843474455836
  0.76506596833215512  0.77408259860008510  0.78282285666190787  0.79085988698125920
  0.79883373084397247  0.80727697188000869  0.81664529259417840  0.82753959402034516
  0.83856816314161087  0.84987108551424351  0.86103307984231003  0.87142411794134944
  0.88203674875240812  0.89242536951321905  0.90253930080107780  0.91265280997402654
  0.92260420901646434  0.93317668367004336  0.94409272716289605  0.95517519057160472
  0.96634192804535268  0.97699042735024277  0.98861603119196106  1.00000000000000000
  0.00000266469669889  0.00000274402127045  0.00000282214153466  0.00000290426758303
  0.00000298837875878  0.00000307149278088  0.00000315229872943  0.00000326331366798
  0.00000341060083646  0.00000356989026756  0.00000373253498874  0.00000392183264308
  0.00000411783552627  0.00000433298730602  0.00000457129334885  0.00000480701781368
  0.00000506027133309  0.00000534059187096  0.00000563478696309  0.00000594102521464
  0.00000626296504797  0.00000659900264332  0.00000695671617360  0.00000736873340761
  0.00000781323370149  0.00000828736156046  0.00000875812949406  0.00000923828836510
  0.00000977904112170  0.00001035528721498  0.00001095667029134  0.00001159542409947
  0.00001228170713446  0.00001301496178999  0.00001374884169290  0.00001449261485529
  0.00001524848002669  0.00001603794118827  0.00001688600436790  0.00001776729046693
  0.00001865165363624  0.00001957770966647  0.00002058990267641  0.00002164212289648
  0.00002283311791706  0.00002410894114542  0.00002548552658001  0.00002694962375136
  0.00002847463258232  0.00003007384650351  0.00003180529077592  0.00003354094954902
  0.00003544216277366  0.00003746649057325  0.00003954070300538  0.00004161014685039
  0.00004368571555499  0.00004582986778568  0.00004794073154431  0.00005024998565497
  0.00005264418610106  0.00005543646644533  0.00005852527330943  0.00006180996093928
  0.00006529130754252  0.00006893848477768  0.00007275316655996  0.00007700178282984
  0.00008193182175658  0.00008745186837622  0.00009347822743174  0.00010027696013207
  0.00010746165543392  0.00011525113107256  0.00012398368898248  0.00013371890248053
  0.00014462034461819  0.00015647584960163  0.00016996524218889  0.00018475526167409
  0.00020282283020582  0.00022393496614281  0.00024966288067332  0.00028034989946810
  0.00031998693652213  0.00037299388088819  0.00044066984109933  0.00052155505155074
  0.00062312287305720  0.00077403865331473  0.00101478056536929  0.00140338005056146
  0.00246075252699757  0.00752163039393266  0.17431416432463032  1.00000000000000000
  0.00000235363796347  0.00000262295744739  0.00000288822296204  0.00000316614687125
  0.00000343726775503  0.00000370810280535  0.00000400236098130  0.00000430135886559
  0.00000462817967164  0.00000494346320663  0.00000533287710299  0.00000575689569760
  0.00000620193242168  0.00000664681042847  0.00000713130574318  0.00000761236092645
  0.00000807327497237  0.00000853679763648  0.00000902855960240  0.00000956477396288
  0.00001011576502470  0.00001065931233827  0.00001120064248132  0.00001173356471924
  0.00001229177864962  0.00001291331497370  0.00001359041196382  0.00001429763123472
  0.00001505259449955  0.00001585537427276  0.00001661277217480  0.00001750933942446
  0.00001844621093891  0.00001938828067687  0.00002035368379512  0.00002134175625902
  0.00002235683904779  0.00002342267546125  0.00002455886571566  0.00002576320500182
  0.00002700959246569  0.00002827955006998  0.00002960775082984  0.00003104864444772
  0.00003256752691993  0.00003414661756164  0.00003574737768649  0.00003737646536907
  0.00003907175971344  0.00004086233281338  0.00004277750926980  0.00004487533323416
  0.00004706954440321  0.00004935774951651  0.00005161547866461  0.00005397653674887
  0.00005646497870001  0.00005905366155540  0.00006169624732533  0.00006458044991348
  0.00006770891122783  0.00007100965446762  0.00007455235233750  0.00007832352746016
  0.00008242591819286  0.00008687166531599  0.00009175813372867  0.00009701164901121
  0.00010279468681250  0.00010879911935210  0.00011522651055984  0.00012237505642797
  0.00012984923694907  0.00013796313424675  0.00014702505801816  0.00015735095549014
  0.00016909916962457  0.00018178373335072  0.00019544004310307  0.00021174422362513
  0.00023197211534346  0.00025591523029874  0.00028380384348021  0.00031681937403595
  0.00035666405022450  0.00040442483578418  0.00046327928881767  0.00054316448130640
  0.00065934410959879  0.00082353548267591  0.00105883844334207  0.00149178480791313
  0.00245836079073019  0.00886949879583347  0.23769606991708961  1.00000000000000000
 -0.00263803071610979  0.00993913746910936  0.02095566168741944  0.03119839721087287
  0.04162331494826359  0.05164495572468770  0.06180275077615774  0.07237477831971828
  0.08401185309424085  0.09592525845645113  0.10711152986603521  0.11761521405081636
  0.12790290288760411  0.13856158717398551  0.15010844795251263  0.16196141282487445
  0.17351589855444197  0.18449620637065098  0.19510552073935272  0.20599990649461675
  0.21706191185278290  0.22796334627226966  0.23792443777538863  0.24728557807947055
  0.25662544405640020  0.26612642373646761  0.27563966480245966  0.28494717553896948
  0.29523678167571621  0.30702281046620927  0.31880035539837093  0.33078280630149032
  0.34200150618005587  0.35289268228464465  0.36325724205413984  0.37417623322173899
  0.38523115433930855  0.39614518848674141  0.40626018585462542  0.41629728317927989
  0.42669884989865459  0.43789204592282577  0.44874904840409058  0.45945451631891548
  0.46959126579707666  0.48037008412423599  0.49134615252824942  0.50241331639845177
  0.51339127819093122  0.52453651915077815  0.53528726863673126  0.54575016993899994
  0.55605028240158660  0.56674594224168351  0.57769717941964882  0.58805435548147689
  0.59756204775137944  0.60719829170202066  0.61690438802171366  0.62680200277039166
  0.63691374708633608  0.64682391121948146  0.65742868976010393  0.66790337265028721
  0.67837515775208523  0.68891740270950741  0.69961855966753239  0.71049988235257078
  0.72139357126778536  0.73227836343882158  0.74316290817052977  0.75383147461479583
  0.76409056842489809  0.77439352078690527  0.78501642309485975  0.79662485447150133
  0.80777033134516130  0.81848774670215618  0.82876816375337159  0.83814017288272091
  0.84740785499001869  0.85711380900660361  0.86701336934383566  0.87711102629172955
  0.88727715412882824  0.89669071691796898  0.90622778085755351  0.91670751275477069
  0.92805813326106146  0.93916725288709169  0.94966594943182681  0.95990192565109811
  0.96978779775413071  0.98046227416736587  0.99011546037042208  1.00000000000000000
 -0.00271723983645751  0.00993777600583149  0.02113081397791625  0.03206580754398559
  0.04351530945987994  0.05513967277390219  0.06644213984131621  0.07712625016794686
  0.08765670438144160  0.09804514159491291  0.10827123096337396  0.11886357763635887
  0.12993028488931427  0.14124063476472765  0.15259764589003935  0.16339347428892104
  0.17344878275021447  0.18319419920984478  0.19275734806651085  0.20328239639854548
  0.21448374211747415  0.22544396405507966  0.23644519919489110  0.24763622651966083
  0.25894651580654920  0.27018909902052018  0.28131893777143396  0.29249460583570563
  0.30371486494097238  0.31499987398759455  0.32642616962868976  0.33765229435813943
  0.34828276115172513  0.35819854108550686  0.36774430385067075  0.37775876935684788
  0.38811013843954639  0.39861308733595385  0.40917087272615488  0.42010931104849503
  0.43159326648248086  0.44304105441479702  0.45442475764558921  0.46535798858241134
  0.47582929258013534  0.48639005350434400  0.49768166079782555  0.50973297024328290
  0.52148141219245780  0.53263517939958183  0.54342188318956230  0.55382216216089997
  0.56378727304015086  0.57344268656904462  0.58346278917849248  0.59426518418218099
  0.60549098005500590  0.61686005834625990  0.62792047815635976  0.63851864731053620
  0.64813865653416391  0.65747170943768929  0.66678787000311224  0.67653640593744724
  0.68666451623830804  0.69719591019484239  0.70786884621822632  0.71818691924316891
  0.72817653856610598  0.73786743466923488  0.74727093902548591  0.75680423750882175
  0.76683617357321410  0.77778800615511035  0.78852718521290410  0.79800471057425804
  0.80735134983757761  0.81698717224265371  0.82661046122736248  0.83610357426899229
  0.84556473985545966  0.85535556800169055  0.86598966961482871  0.87673065458870225
  0.88692979086163359  0.89720733282580500  0.90696167679200146  0.91728360957050747
  0.92771441676598720  0.93783719783542452  0.94773251340018128  0.95785462663808785
  0.96867204163733311  0.97944419893489920  0.98976536420655681  1.00000000000000000
 -0.00235996768427545  0.00966755873726414  0.02009434131724173  0.03088184211445462
  0.04166549104838279  0.05256306565551842  0.06325230871775533  0.07398239727004853
  0.08505535817668534  0.09464560799988360  0.10470747288507165  0.11446886464458381
  0.12475542289734737  0.13523978241377160  0.14560051660002429  0.15610517294655346
  0.16619643847891802  0.17582358473308879  0.18543757696286117  0.19510916516710200
  0.20478130317600574  0.21461609593708406  0.22449380826934776  0.23459107006384392
  0.24502830930856292  0.25557584642039766  0.26617084276474173  0.27673954069646611
  0.28731949836128184  0.29847654792938244  0.30989719947109601  0.32153529020298649
  0.33335068635529203  0.34531347411199914  0.35693426096844233  0.36827037639396004
  0.37938305941123829  0.39039181606396206  0.40136312277257413  0.41216762176685207
  0.42328612899748785  0.43402049438994755  0.44395100501479828  0.45351008284238653
  0.46371806122622888  0.47449113875516813  0.48622911662505741  0.49692147572509660
  0.50667825210441442  0.51683706127821938  0.52650412141051217  0.53754785573762409
  0.54780129385242138  0.55736713593933529  0.56702771856426415  0.57777211867955902
  0.58798913958155163  0.59767760241969825  0.60735471086363846  0.61701484619427538
  0.62674410802661407  0.63605328691678087  0.64542263604532246  0.65638091093698603
  0.66818771134209265  0.67987522277853663  0.69104599999155181  0.70150398407031045
  0.71163435191785507  0.72205492441598751  0.73278496833494089  0.74374771470629752
  0.75482293999330541  0.76583252037077176  0.77674341832903937  0.78726868493219992
  0.79762730716333430  0.80794120508327949  0.81857736260728753  0.82978303338986903
  0.84112616005001573  0.85198895573454136  0.86252414474400851  0.87307283319474205
  0.88366611500937009  0.89439132698873691  0.90481914959515797  0.91540747472724848
  0.92641413372612980  0.93813975947511086  0.94973822514940742  0.96078398847152724
  0.97085386124926143  0.98048505910746087  0.98997368306102607  1.00000000000000000
  0.00003322657664907  0.00015083295622638  0.00050563223008133  0.00099803970281811
  0.00155543985018580  0.00199158292864319  0.00240594978630642  0.00286475297582827
  0.00333987889859344  0.00382511096317795  0.00431783216311343  0.00481816955514205
  0.00533024196098060  0.00585473518629449  0.00638885210278642  0.00692517572014147
  0.00745746885487288  0.00798308611631606  0.00850592154482052  0.00903610394034775
  0.00956945798729585  0.01010158364702847  0.01063623263614003  0.01117505427078210
  0.01173306889207471  0.01231412237986021  0.01290602694037173  0.01349697559883343
  0.01409160016027147  0.01469143835420178  0.01530360974632789  0.01593911618123103
  0.01658159544054953  0.01723763790260425  0.01791335546228061  0.01861661405199848
  0.01933263082137491  0.02007355681261421  0.02082828909376356  0.02154916808604251
  0.02224480538130036  0.02289356885188102  0.02352035963359329  0.02414646911245641
  0.02477969654482263  0.02541091462232391  0.02606699954477271  0.02673495427482231
  0.02744643753562052  0.02815877781691075  0.02886900418198655  0.02958053778027370
  0.03032066974843292  0.03109183010230020  0.03187015024379213  0.03267708481694101
  0.03351163759173405  0.03433171958528807  0.03521575100658954  0.03616212283050144
  0.03711531856691898  0.03813602529263416  0.03913366690051644  0.04008718752245286
  0.04100949799033459  0.04193948063295230  0.04294060339609272  0.04402978414185157
  0.04532166419015825  0.04676818540229172  0.04821831914564811  0.04974943138162542
  0.05134827576451483  0.05298947930559607  0.05464549071118472  0.05633577569587517
  0.05813150482141018  0.05957998388410125  0.06104324046528806  0.06242035025236326
  0.06411927357937632  0.06611807289908402  0.06856158616335477  0.07122390156590301
  0.07392028114827133  0.07645464157915148  0.07911676777082015  0.08208172859091406
  0.08723208447955227  0.09410974589547670  0.10080104354264785  0.11280616534378846
  0.13522334779070594  0.17895751404888066  0.67079035380327190  1.00000000000000000
 -0.00253514133111226  0.01025750723929921  0.02209794892351993  0.03383497690822793
  0.04600355257322009  0.05842508553570357  0.07075996344479327  0.08327201306657919
  0.09507651096466460  0.10762775601038270  0.12013129622945866  0.13216199700839276
  0.14344973404431782  0.15437985488170791  0.16529951783468200  0.17675356812067630
  0.18903862083879830  0.20232044663381826  0.21516880619809578  0.22735061704284382
  0.23898072037115115  0.25063828857852316  0.26226884910906306  0.27381290148975557
  0.28568933270316399  0.29753028888337812  0.30946111240012875  0.31980516103226758
  0.32948839777392808  0.33973161957587006  0.34986692854088702  0.35983882471721607
  0.36872306604138144  0.37772857103405355  0.38764719469739700  0.39812752402464657
  0.40853129402611310  0.41838964138839974  0.42821003348171754  0.43763187221160810
  0.44688603974694524  0.45633467960833302  0.46623144268324573  0.47656285093246953
  0.48689233361173023  0.49681723984236925  0.50586279097208009  0.51437911399933345
  0.52312189918446883  0.53214205394798497  0.54097193370226548  0.54933248876887397
  0.55759763949922458  0.56622648649475193  0.57527691524266600  0.58453704671230255
  0.59427658726738197  0.60437980126657465  0.61493556605004873  0.62490218885280158
  0.63471526605192308  0.64408421783443082  0.65275421900088426  0.66171883385066832
  0.67054855078581543  0.67939051386069949  0.68826690565220372  0.69675521837783427
  0.70460710881164768  0.71338459273421295  0.72303111140302623  0.73294083040343128
  0.74261473516153553  0.75229122660389480  0.76221878288632028  0.77196637762262910
  0.78158502281989461  0.79115035286356994  0.80117187805252810  0.81205331772000022
  0.82381846509240086  0.83615047243136553  0.84816496037390154  0.85957893515292827
  0.87092511502853764  0.88274643237840089  0.89510398991738516  0.90706021453635333
  0.91872396229394493  0.93034097383622127  0.94253683510020847  0.95494007877064491
  0.96622002836927123  0.97734616922280659  0.98820716059367364  1.00000000000000000
  0.00417989160051185  0.24281211525435789  0.34090266126753888  0.41757431807842638
  0.47715724708260837  0.52613682673437634  0.56703677125003049  0.60137942044076986
  0.63170143139566759  0.65819644979726621  0.68152363666110283  0.70314437628530480
  0.72248244494286962  0.73982147891498029  0.75567879302801932  0.77000589363348104
  0.78310063911519456  0.79533689399390273  0.80656384602264164  0.81695372517977027
  0.82658686872442999  0.83562306207075843  0.84413119436643758  0.85230962578999270
  0.85998038293652335  0.86712498221815881  0.87382919371753032  0.88007039128084186
  0.88592429130315509  0.89136758459643839  0.89648855449675136  0.90131776918022466
  0.90591903518791639  0.91028006904581182  0.91433230967799473  0.91804069307292979
  0.92149749250169444  0.92479420237586840  0.92803042387249457  0.93118405090603507
  0.93423052968386389  0.93713514528240971  0.93979585738084059  0.94224924193159865
  0.94462836501342040  0.94693145716620286  0.94922897290102304  0.95146274813985232
  0.95368177509164986  0.95591438505799931  0.95800593028522840  0.95980432375661107
  0.96148871579988482  0.96319967134316253  0.96480155000487233  0.96629738521245268
  0.96773714384864928  0.96911104443180507  0.97043304511970796  0.97172279574455200
  0.97295935386400845  0.97415211773432020  0.97526419743588000  0.97632343110129316
  0.97737241743235892  0.97840011407554561  0.97939755161996545  0.98037572286919206
  0.98132389592365044  0.98224940960840135  0.98315591376091627  0.98402972113620701
  0.98486620008033132  0.98567442529993432  0.98643553955319840  0.98718391241093140
  0.98791155642051087  0.98861967588672073  0.98931712891234014  0.99001241276569973
  0.99066456010523551  0.99130780647881889  0.99195641607158047  0.99260359981329560
  0.99323308711193026  0.99384813499700031  0.99440466694110230  0.99494594866538200
  0.99546626446724240  0.99596210825579645  0.99649720533901742  0.99703984650617250
  0.99762726700212101  0.99829638690983513  0.99907123080752003  1.00000000000000000
 -0.02188591129861729  0.10616725092676785  0.14454830566051133  0.17022928838865201
  0.19016795673750667  0.20780740665733133  0.22434364705350399  0.23874142928796988
  0.25145296618432966  0.26289396486743088  0.27383626103169695  0.28438611652827134
  0.29428528634750040  0.30365335413792249  0.31266441169385606  0.32143428440120719
  0.33017030512223178  0.33863883747548501  0.34737150201576122  0.35565536123018165
  0.36349672489647122  0.37094991001065292  0.37848483477555994  0.38576917633593172
  0.39311785764053864  0.40042218690459541  0.40771672600657838  0.41488378608122356
  0.42155576800783084  0.42804241454086472  0.43503467799696127  0.44156775511834184
  0.44779650353087291  0.45389969088216386  0.46007773988301931  0.46629868003333719
  0.47233471252270176  0.47798776218748978  0.48403233257134493  0.49048645679494968
  0.49713221200475638  0.50367160541786438  0.50986818902019748  0.51592297814951760
  0.52212336539708692  0.52851634371314904  0.53491968485372632  0.54119639390514429
  0.54718946113241129  0.55295880805447595  0.55841311328715382  0.56378338460001431
  0.56928712143053750  0.57460606044642992  0.57985650769103303  0.58542597247073991
  0.59126491779184576  0.59701366811541701  0.60270510824323376  0.60844584457646267
  0.61432869606184493  0.62038458178085587  0.62676152710117872  0.63341954358500796
  0.63991759091570266  0.64624812518216512  0.65247941937753151  0.65845753776610028
  0.66479936298318976  0.67121627263631733  0.67802593316897375  0.68501284058978340
  0.69191677182868694  0.69872776329113950  0.70551222146034298  0.71240161467746499
  0.71960757138000520  0.72692074204200086  0.73414156084433113  0.74127495189767201
  0.74811611611917228  0.75488489082798427  0.76193158192558941  0.76973335635317086
  0.77837375181183777  0.78735054163572749  0.79650227788361716  0.80598376250407300
  0.81598807486758063  0.82681109217855830  0.83873108092232806  0.85223983207543941
  0.86831979929501857  0.88896757583177866  0.92103787926007119  1.00000000000000000
   1.1396685094047836E-009  -1.0000000000000000     
 F F F F F F F F F F F F F F F F F F F F F F F F F F F F F F F F F F F F F F F F F F F F F F F F F F F F F F F F F F F F F F F F F F F F F F F F F F F F F F F F F F F F F F F F F F F F F F F F F F F F F F F F F F F F F F F F F F F F F F F F F F F F F F F F
  <DiscreteSampler_grid>
  grouped_processes
  1 # 1 for a reference and 2 for a running grid.
  10 # Attribute 'min_bin_probing_points' of the grid.
  1 # Attribute 'grid_mode' of the grid. 1=='default',2=='initialization'
  0.0000000000000000 # Attribute 'small_contrib_threshold' of the grid.
  0.5000000000000000 # Attribute 'damping_power' of the grid.
 # binID   n_entries weight   weight_sqr   abs_weight
    10   10   6.579789183072548E+002   1.944640183802963E+006   6.579789183072548E+002
  </DiscreteSampler_grid>
