  0.01001472889327670  0.01272094407011383  0.01854641140347488  0.02524759684295271
  0.03447185635927916  0.04399038816769438  0.05334090411685274  0.06367783545634535
  0.07638553438454401  0.08971923431560769  0.09869369794102736  0.10616571863225283
  0.11321429755737700  0.12187075355956105  0.13184997973590482  0.14211166280220480
  0.14869737136604066  0.15529977902382472  0.16270464889416392  0.17010951876450314
  0.17808219624116584  0.18612906324574666  0.19751158590850196  0.21009206114574810
  0.22259520360448765  0.23354060237705776  0.24486086097489890  0.25661098758015177
  0.26856443125490198  0.28078005704047626  0.29315291702136698  0.30455213332047115
  0.31413475244801425  0.32249525282680414  0.33068567715416780  0.33939872936198329
  0.35019214830852019  0.36224386350358523  0.37503211193990893  0.38852558064474907
  0.40040616640901927  0.41066159137904062  0.41940796460511753  0.42742559170372796
  0.43669931714140675  0.44746023762544462  0.45732156351931236  0.46776615963130924
  0.47829266962327738  0.49046611642008014  0.50463263441029027  0.51770744171307426
  0.53090875192829601  0.54362415054271707  0.55625215970003994  0.56665105407172855
  0.57558461010052875  0.58487435983976199  0.59515404185503629  0.60637161527367078
  0.61603610586778390  0.62502878988591859  0.63565434107014218  0.64752471195049488
  0.66063596861637597  0.67388489172660770  0.68616731448557933  0.69745278802016908
  0.70866795916066128  0.72042326373544330  0.73205515935405130  0.74359993727817064
  0.75714858625500980  0.77080359597568204  0.78169115202207407  0.79117612784517266
  0.80091654240208521  0.81029227959484917  0.82052189107900597  0.83046106707747380
  0.84107205014645725  0.85153984709304953  0.86243450440154779  0.87341569850510592
  0.88502706711153034  0.89556641144718985  0.90494786056370891  0.91419583140715577
  0.92384599586426841  0.93535256358833974  0.94586957809435113  0.95672275285596797
  0.96898138447413806  0.98123517367395452  0.99076958625151157  1.00000000000000000
  0.00000286741535451  0.00000382199630774  0.00000472775392734  0.00000571693304484
  0.00000776947440469  0.00001012321879693  0.00001341459964246  0.00001727027316315
  0.00002198756641004  0.00002730463641033  0.00003399268759407  0.00004245171269278
  0.00005144654849750  0.00005626544577095  0.00006127378351987  0.00006657529032096
  0.00007278833166791  0.00008452821365101  0.00009941031090359  0.00011228750372786
  0.00012580929728361  0.00013914611044263  0.00015470712361918  0.00017209946021160
  0.00019296712403184  0.00021597633759014  0.00023916571678802  0.00026571867508397
  0.00029673616785326  0.00033729749716017  0.00038766156100132  0.00043883174510509
  0.00048364426031458  0.00052665554186331  0.00057463131782785  0.00063137386838165
  0.00068081533384700  0.00073287827888992  0.00079270969799699  0.00085685384498766
  0.00092822109727582  0.00100495406987803  0.00108993008772948  0.00117169030431790
  0.00125208706886182  0.00134513727538053  0.00143828044189515  0.00153710681108115
  0.00165740163191781  0.00177870259954711  0.00191026054771671  0.00204075826346588
  0.00217302729225259  0.00231885405202408  0.00248217739118840  0.00266207579046001
  0.00286170181319588  0.00309636468084176  0.00334293541328395  0.00354454670025393
  0.00372815092910367  0.00388677864149231  0.00403842996161228  0.00420694423036718
  0.00439801538698066  0.00461932695739003  0.00481298118924546  0.00499632691113366
  0.00516486497996831  0.00534509771462968  0.00551747827936598  0.00576937255738712
  0.00612318772836532  0.00647811052503419  0.00675698983049602  0.00724846371897057
  0.00762367467241212  0.00789898152434951  0.00818984137428494  0.00849005688583808
  0.00914894423783427  0.00996119814301690  0.01095128166331503  0.01141167847759531
  0.01175842708311190  0.01257110749146769  0.01332165796306699  0.01418725021566374
  0.01884396543177315  0.02350068064788256  0.02903794983687952  0.03477074794261398
  0.03733270826241514  0.03807652315952665  0.03916140024354836  1.00000000000000000
  0.00000218022588793  0.00000386803448108  0.00000532159936903  0.00000693659417437
  0.00000900073235208  0.00001176333753124  0.00001463969206183  0.00001778298513880
  0.00002129567847606  0.00002437500717878  0.00002706200026674  0.00003010519885484
  0.00003341900130118  0.00003721479348758  0.00004349438391969  0.00005135420102647
  0.00006005184087065  0.00007001095974879  0.00008084484251121  0.00009256405216614
  0.00010442327319012  0.00011711271941499  0.00013099684620054  0.00014610155234905
  0.00016414343947819  0.00018554632813537  0.00020758566407085  0.00023053813203961
  0.00025641552392334  0.00028029481909942  0.00030628443911072  0.00033051146160803
  0.00035787605798289  0.00038732809518082  0.00041911677516850  0.00044984845125857
  0.00048224920724833  0.00051741389978034  0.00055781259999963  0.00060053984352969
  0.00064986443625683  0.00070506217730049  0.00076667912531120  0.00083093744548405
  0.00088826292773753  0.00095004260790500  0.00102607916863103  0.00110724078389331
  0.00119926891889658  0.00128822735573471  0.00137137046534554  0.00148061941154575
  0.00157435700828972  0.00166150574081824  0.00175704930505137  0.00185870537045263
  0.00196315445507435  0.00206857525814817  0.00219256280275215  0.00232463306553866
  0.00246725182931716  0.00262342679151978  0.00289711711357493  0.00321387634913332
  0.00352806523833764  0.00381315588754488  0.00406609782954902  0.00432319144716318
  0.00456840818579767  0.00481686535636429  0.00508125042568271  0.00532204620459068
  0.00548728972450965  0.00561275093401304  0.00574737161201851  0.00588617314042761
  0.00604077329521686  0.00619390836971766  0.00647443674470778  0.00673320838264097
  0.00697250415176567  0.00730279683646239  0.00761505922484171  0.00795503031336628
  0.00838993554523994  0.00921834731146439  0.00995613501435925  0.01062845176468582
  0.01109911524505936  0.01275995624264800  0.01653048069127027  0.02206522141444450
  0.02975142526241752  0.03456464508264383  0.03733717750736671  1.00000000000000000
 -0.00203099435041707  0.01160104987311356  0.02320573415865653  0.03541164259143599
  0.04745999313544270  0.05936070581735910  0.06863705145110352  0.07480507551099982
  0.08163310643964997  0.08886961970434161  0.09639957435302547  0.10402378267212589
  0.11975188125560607  0.13661697385696470  0.15010144495148428  0.16157377623614164
  0.17183991884336119  0.18208359382530265  0.19382870487592183  0.20687649940042735
  0.21919720880518842  0.23082929099637359  0.24154001765485883  0.25223451273819752
  0.26280441652922959  0.27321890209672273  0.28374429332214929  0.29526366469466553
  0.30657011801855982  0.31629999297997913  0.32523614138740137  0.33413768189591841
  0.34581180374352599  0.35806613658011760  0.37073491331813518  0.38405334393326401
  0.39782496170605980  0.40699431662952057  0.41627669711436277  0.42525412051448541
  0.43479911135818938  0.44735970978925055  0.45998935467568852  0.46976043777682058
  0.47914935756324833  0.48875474287917131  0.49955684567553743  0.51118314301389944
  0.52290221813329818  0.53523169837793250  0.54791320720512260  0.55979575906021550
  0.57176524494654735  0.58362556648379049  0.59534814013775017  0.60663280162654187
  0.61918477774899694  0.63193875843397052  0.64458308822489851  0.65640003373692568
  0.66843953809190315  0.68108916716193535  0.69506268784548020  0.70845093220846889
  0.72126997715879637  0.73292191730392975  0.74292865743976733  0.75185322002184418
  0.76038832763078823  0.76921911997765935  0.77873969494778539  0.78728535311308634
  0.79496716445885940  0.80355973289298332  0.81437819342705842  0.82600715518115009
  0.83568955554227820  0.84550986143452089  0.85265241672012038  0.86035534170689931
  0.86765187471837024  0.87711315215096863  0.88840669805439909  0.90009844393651783
  0.91166128103487154  0.92169042264747791  0.93057949780982918  0.93986276376197486
  0.94823173740019395  0.95614390682661832  0.96345760864063046  0.97015498268961908
  0.97743738537736402  0.98554030110031043  0.99300075262221155  1.00000000000000000
 -0.00223614092018720  0.00868393071640987  0.01866011686910872  0.02828194603333732
  0.03911051791657492  0.05100279891308406  0.06297063160403807  0.07245882743598432
  0.08160769767059199  0.09069366942779807  0.10049808481438476  0.11100146694234427
  0.12075249363566640  0.13012545974982992  0.14006301431503079  0.15093411287931532
  0.16363483336306722  0.17656543869287816  0.18842355356437476  0.19966678213401326
  0.20976602493109109  0.21983800109006874  0.23073663002620115  0.24212062061355083
  0.25697748519509100  0.27190342986393584  0.28731104136499641  0.30033287532364106
  0.31334923689277633  0.32679232181057621  0.34156058960986241  0.35366038934075167
  0.36449872648839088  0.37654526700487290  0.38945053608542674  0.40127736131706754
  0.41101883111032728  0.42229345019374248  0.43419086162834564  0.44583221593242167
  0.45731530616071742  0.46637174980968743  0.47541177279667141  0.48453557486796589
  0.49562020064159185  0.50789343842100809  0.51683772548860607  0.52518456139514713
  0.53345288028550042  0.54230051890131592  0.55248717191289365  0.56387981496958095
  0.57746236519333449  0.59008690129643115  0.60069772540316735  0.61068346467871548
  0.62099894382043397  0.63137826720333823  0.64222241542594094  0.65449492085449934
  0.66569617313141227  0.67487906733685088  0.68353847833352988  0.69065347681620293
  0.69762364326488102  0.70476308930082576  0.71188107143263446  0.72039040002239896
  0.73145571679563315  0.74319797248214425  0.75573367937132208  0.76837536214272695
  0.78248621051468237  0.79215030615912729  0.79957275279831763  0.80615154846058312
  0.81219489530976641  0.81758927119059288  0.82246602093151522  0.82987528507164632
  0.83958044154329203  0.84907737773322522  0.85925333042478591  0.86943927664828613
  0.88033587848552075  0.89197618771976961  0.90392931656995823  0.91643445779677968
  0.93253948041325962  0.94538175507697653  0.95748241132521605  0.96725778288863695
  0.97581112217622212  0.98411771643966772  0.99228352763651972  1.00000000000000000
 -0.00408735409769618  0.01072678653543472  0.02364191325303533  0.03475623326324754
  0.04409828155326774  0.05353310238100983  0.06294427136114765  0.07301735121371686
  0.08271483314105514  0.09201798609953309  0.10196407565075093  0.11300954779217652
  0.12435368218357810  0.13715289290190949  0.14978051450216320  0.16174691339508451
  0.17178579705509148  0.17873162243025065  0.18491890455995497  0.19074496229887489
  0.19757264100904831  0.20636135270903960  0.21589470289313675  0.22606167778184089
  0.23618672420048950  0.24475287983189581  0.25280910456005456  0.26165956815279628
  0.27345607477993567  0.28782800188824803  0.30176318314562151  0.31561603647552883
  0.33083201803409712  0.34437890889554390  0.35503766361780414  0.36230145864387797
  0.36881507916459944  0.37604147367612212  0.38386919472306374  0.39286854643896835
  0.40226924940281794  0.41212597347648422  0.41682765383133175  0.42143428788548243
  0.42640433812772827  0.43150671344344993  0.43645551218584289  0.44123643792462791
  0.44751784490992380  0.45916291411518384  0.47160227536460042  0.48523993974751067
  0.49910279775868682  0.51245781365418008  0.52427658972109703  0.53545212163766442
  0.54782653746549903  0.56166064652953596  0.57557842784406543  0.58903711791355340
  0.60235653896329622  0.61456818567096683  0.62524265099765031  0.63658661667264549
  0.64864128788993636  0.66526295165234084  0.67881074984677503  0.69131169508842072
  0.70348158396118343  0.71712437331031165  0.72975163156293177  0.73936104674339731
  0.74834119431687685  0.75733879333329501  0.76642382275083887  0.77623857587426814
  0.78544504551106331  0.79475021295832537  0.80406319959115824  0.81466314725513855
  0.82463596017791829  0.83664115916216719  0.85055540212771041  0.86454543533978778
  0.87829919873924622  0.88983612654190847  0.89964624027408502  0.90935724559600017
  0.91834757880903739  0.92613099151322420  0.93689789097220721  0.94772137404255086
  0.95969525690150592  0.97357053842005736  0.98684917494722901  1.00000000000000000
 -0.00047506772127436  0.00168926032527713  0.00352060253643986  0.00503793806848237
  0.00638937330048245  0.00763590295905925  0.00883299079412843  0.01004350129768071
  0.01122892019693973  0.01220946861882968  0.01307746584571202  0.01388563581209868
  0.01465090053865935  0.01550369957257093  0.01639240514919613  0.01728281719844505
  0.01815498524804901  0.01915482567630872  0.02021791011533255  0.02114154334997223
  0.02200834603271818  0.02273314485695166  0.02338266533481191  0.02378075731787093
  0.02421213576474446  0.02466936717884320  0.02516079181074377  0.02570157138382327
  0.02645036204169534  0.02718518101886299  0.02782244275706298  0.02854500702084307
  0.02933746694022244  0.03009954583800450  0.03080558669420615  0.03145701671833596
  0.03205516672507538  0.03258641180224645  0.03304034544694189  0.03348086532967798
  0.03385755886298528  0.03423425239629258  0.03456750086519500  0.03489911595031658
  0.03564129604197213  0.03625874508232997  0.03674501664066546  0.03726220805479411
  0.03775496886210161  0.03832114316061534  0.03898944073501454  0.03975697045239412
  0.04068167737967090  0.04190629917381562  0.04344978168829834  0.04488268679739018
  0.04613416369956443  0.04687911568690259  0.04764672556448969  0.04830739356122152
  0.04893920146127447  0.04956394263894143  0.05019992923666459  0.05067323261091208
  0.05113878979284144  0.05167640346986398  0.05274643946109346  0.05395084176097087
  0.05513538636704762  0.05654495253032967  0.05798713593543996  0.06073100066192651
  0.06325449205878907  0.06424486774430847  0.06497107202804205  0.06558089077200142
  0.06623490248108588  0.06722768487752095  0.06866661404925589  0.07034549131852627
  0.07160828959042315  0.07246247416690645  0.07303761452738294  0.07355821262506375
  0.07399305836330061  0.07442938057296926  0.07487224547439963  0.07531511037583001
  0.08021703076026065  0.08173569403080555  0.08412345296436212  0.08665076842987321
  0.09029763794499839  0.09338920887011291  0.09438907171358506  1.00000000000000000
 -0.00163422421540084  0.00810237117448031  0.01625464249985921  0.02364416546123238
  0.03000828082490503  0.03563049329007306  0.04108928716705022  0.04708568857617114
  0.05346103926018090  0.05877702704354211  0.06516901578074270  0.07210328902083946
  0.08005356972519731  0.08883549209463634  0.09693168555148392  0.10415672668889484
  0.11052564038632173  0.11651880226252877  0.12346262494874598  0.13068125415764981
  0.13838754747115764  0.14675262533609257  0.15468511185231196  0.16214882555300705
  0.16962801978985742  0.17726525312519495  0.18417390785249990  0.18986022177827711
  0.19552577828197440  0.20133591922533853  0.20766492392584812  0.21671471333392248
  0.22558838282626018  0.23446002891480819  0.24298170877323738  0.25217224596716215
  0.26044265384208942  0.26935093766368190  0.27750987180080577  0.28595824561021083
  0.29509027027794038  0.30538301889564917  0.31669288837411724  0.32587314948030294
  0.33436392954547017  0.34420915233024513  0.35490549793839271  0.36991472502828449
  0.38808704569671465  0.40569574367857514  0.42466604875081798  0.43935171830477449
  0.45401120037066844  0.46977438737269861  0.48952987920978142  0.51013226948172607
  0.52873650440106901  0.54779254801298782  0.56837103075045614  0.58843751904221042
  0.60521978836280499  0.61984029130115292  0.63549938983867349  0.65047533020949688
  0.66295554682669899  0.67553852317677188  0.68558944559119706  0.69194923732796665
  0.69834521658184645  0.70481761956553679  0.71104309104138341  0.71627844856912315
  0.72224547131159833  0.73682763318267985  0.75102342248111664  0.76596577994726656
  0.78423731732642021  0.80386605820440926  0.82016005064991826  0.83388267231241586
  0.84447049058099111  0.85531794509364423  0.86606216685073945  0.88047030581856667
  0.89595738250510903  0.91200986634025349  0.92392862601146619  0.93313417370090324
  0.94133396629489530  0.94957197961717699  0.95911309377616649  0.96889394821749097
  0.97732473635493533  0.98515123661594639  0.99276208506542285  1.00000000000000000
  0.04925023575515089  0.21146027553868776  0.29208533355083249  0.36192552142250511
  0.42481246125443772  0.47875455062686068  0.52629831303008578  0.56714795956874664
  0.60291218689619008  0.63584571027996695  0.66445934267575613  0.68992240912978919
  0.71360334684449334  0.73609040945640314  0.75669869446381410  0.77479875658714825
  0.79051950241582813  0.80579017656314134  0.81984434329203981  0.83209146776810561
  0.84353024342091787  0.85410022372169747  0.86366269202751289  0.87292141731991113
  0.88174606709980063  0.88986972545443421  0.89713206106741361  0.90363028823804847
  0.90976766329689629  0.91555442599009140  0.92084561053844038  0.92586640003803633
  0.93089295781208770  0.93558646750134333  0.93947514083665518  0.94294884687568459
  0.94623579107586908  0.94937139673499626  0.95223528442572725  0.95481536351557172
  0.95718913679869022  0.95915113726360801  0.96076448828676775  0.96241814740541098
  0.96411654779797817  0.96567030947449195  0.96710855919371785  0.96849437867809740
  0.96982385965282647  0.97120471747724313  0.97266148280877385  0.97421393021818381
  0.97558172350847616  0.97690936161972208  0.97805697201648090  0.97910971968959648
  0.98011843944854959  0.98112038137204993  0.98213668142283483  0.98313106293340091
  0.98406015060106644  0.98495660207671443  0.98580734623415756  0.98661444805743714
  0.98739632511523767  0.98814465868247481  0.98883538244727631  0.98947792398876488
  0.99005226703802018  0.99059917741451808  0.99112224183167252  0.99161717513539249
  0.99213799918529544  0.99262876434250547  0.99309782326355922  0.99356471703741556
  0.99393045221537346  0.99429057052323033  0.99464419126835657  0.99497397856545100
  0.99528580114412213  0.99552930356660130  0.99577280598908047  0.99601888526666327
  0.99626581180819507  0.99651487489885826  0.99676841542552541  0.99702195595219256
  0.99738081602967454  0.99773126165895787  0.99805913411376213  0.99838495448763853
  0.99870913256210281  0.99909039426547053  0.99951319323687493  1.00000000000000000
 -0.01715926989449615  0.10228963051265563  0.13808525314434336  0.15905733086259652
  0.17817213321134587  0.19600963195379673  0.21281494206751883  0.23053479502482049
  0.24595100830328687  0.26223963084339125  0.27611876254791679  0.28656176815172119
  0.29583144956184737  0.30509113440454294  0.31394354443742889  0.32212483625316318
  0.32869993877438258  0.33625552219343635  0.34473691631247722  0.35290954774473848
  0.36048387087758621  0.36810204942497898  0.37700401881941470  0.38716138757419172
  0.39809225394539333  0.40907360887099870  0.41693166570940493  0.42321215809459989
  0.42897937277557785  0.43499155941886541  0.44212992648060323  0.44999225804649745
  0.45771677114172549  0.46504769214757308  0.47111613059808088  0.47632223939357210
  0.48147538344857105  0.48529117358635115  0.48884236083792759  0.49249288997483104
  0.49637045018937120  0.50024801040391143  0.50429224192100919  0.50838702743564790
  0.51298525335136624  0.51856674952147974  0.52338630537601882  0.52762333757266378
  0.53205975238379200  0.53757350272851123  0.54329649770337307  0.54889482062092942
  0.55416619994154748  0.55993615687521336  0.56461400243988524  0.56877896781410631
  0.57282504722179350  0.57695503480971921  0.58256078756618768  0.58953264744764522
  0.59761024338482516  0.60638599617184763  0.61481530718794020  0.62258235766745562
  0.63031182342355396  0.63863335219526229  0.64744416304118313  0.65673432178300106
  0.66574404762577644  0.67383618977992921  0.68097277306707371  0.68768270267958287
  0.69300524966964139  0.69928582444706178  0.70521870530071817  0.71030350400464792
  0.71575118445158969  0.72183950544202247  0.72773789836324054  0.73422487022417360
  0.74175011407176272  0.74950409411618102  0.75822752606457600  0.76756234379644928
  0.77592550164695684  0.78384056746784514  0.79236030227395948  0.80092915149408472
  0.80991551362709624  0.82062961389173827  0.83321302013490017  0.84734647593636048
  0.86493345975702263  0.88707262391429276  0.92064895439756833  1.00000000000000000
   1.2601326940261694E-007  -1.0000000000000000     
 F F F F F F F F F F F F F F F F F F F F F F F F F F F F F F F F F F F F F F F F F F F F F F F F F F F F F F F F F F F F F F F F F F F F F F F F F F F F F F F F F F F F F F F F F F F F F F F F F F F F F F F F F F F F F F F F F F F F F F F F F F F F F F F F
  <DiscreteSampler_grid>
  grouped_processes
  1 # 1 for a reference and 2 for a running grid.
  10 # Attribute 'min_bin_probing_points' of the grid.
  1 # Attribute 'grid_mode' of the grid. 1=='default',2=='initialization'
  0.0000000000000000 # Attribute 'small_contrib_threshold' of the grid.
  0.5000000000000000 # Attribute 'damping_power' of the grid.
 # binID   n_entries weight   weight_sqr   abs_weight
    10   10   8.538559984160485E+005   7.286409211095661E+012   8.538559984160485E+005
  </DiscreteSampler_grid>
