  0.00912680768934784  0.01711152667437028  0.02911484561205210  0.04032222866861018
  0.05200317308625586  0.06321443316150571  0.07475666082461972  0.08647192111144453
  0.09815003359052596  0.10790303591721363  0.11625624419810407  0.12500407406438566
  0.13406277421116675  0.14278819224459532  0.15055243762261689  0.15875458447206056
  0.16794210400134282  0.17788374043206009  0.18786906486643959  0.19806981222062209
  0.20886956697818793  0.22007120185145959  0.23120017450518252  0.24234051421647920
  0.25387706448682235  0.26546755862576316  0.27657816258238233  0.28729360159945461
  0.29793265048227896  0.30839385966038013  0.31878156374198435  0.32927952341816819
  0.34003300402458436  0.35097735155842463  0.36156642205883877  0.37162577807007419
  0.38156746344227027  0.39159080265796758  0.40194474637970207  0.41239717097406581
  0.42274586442107326  0.43352930761439690  0.44461513661133012  0.45580556602190947
  0.46637472387642198  0.47720844884831032  0.48840337090497182  0.49989182589080577
  0.51142019835219643  0.52316972295763153  0.53482885652555279  0.54575054263080280
  0.55528765328434093  0.56436059822917994  0.57326788890522984  0.58234117810977926
  0.59204861373752771  0.60170684556672915  0.61165639817829065  0.62177133357784420
  0.63241204793245065  0.64396839803562178  0.65559472043211509  0.66642928141600433
  0.67722474220757678  0.68831249957239760  0.69975933196340168  0.71078934817657058
  0.72130325850740418  0.73240189918856469  0.74360711333062113  0.75538508971233198
  0.76628702101149004  0.77593428907492179  0.78534550277736026  0.79512028605477447
  0.80477271504601455  0.81455173919311874  0.82498208847157450  0.83552388912419806
  0.84685845960656225  0.85792205167813018  0.86945786739974129  0.87937369915138208
  0.88830025422051528  0.89696648248266908  0.90574835443687407  0.91512921601703301
  0.92540626348689015  0.93590570327673406  0.94617990288984866  0.95678042156016685
  0.96763830531122463  0.97880476569983665  0.98953963236213782  1.00000000000000000
  0.00000234768729867  0.00000302055151575  0.00000342972692275  0.00000402470501084
  0.00000493368093282  0.00000614135555452  0.00000763705582020  0.00000939330749412
  0.00001143940163882  0.00001384587919325  0.00001667948688801  0.00001997796430892
  0.00002375992579190  0.00002788051384285  0.00003248153696079  0.00003781162124434
  0.00004422334122120  0.00005207501998988  0.00006117779146455  0.00007156779458525
  0.00008350273233157  0.00009729549998731  0.00011338050867546  0.00013203917791198
  0.00015347525758159  0.00017830837544666  0.00020643396760253  0.00023804258330152
  0.00027384092712697  0.00031499429835945  0.00036222542119042  0.00041672178938552
  0.00047954403006074  0.00055120527841093  0.00062736817906526  0.00070384543192273
  0.00078396195167952  0.00086750798037842  0.00095636638008561  0.00105642307531940
  0.00116770559216682  0.00129027908835017  0.00142414052688486  0.00156727930052628
  0.00172049585813968  0.00188477584377306  0.00205692101367397  0.00223088068961879
  0.00240990341838877  0.00261540376735666  0.00283626280242161  0.00307678483690709
  0.00334292748808121  0.00363621852025444  0.00394336483501771  0.00423405334499097
  0.00451883701399897  0.00483259411352134  0.00513754377939597  0.00545016640474603
  0.00575564546399571  0.00606645804530329  0.00639834646384701  0.00676663092413456
  0.00718184285739509  0.00761279702740836  0.00803426380235181  0.00844924339104858
  0.00893227944908964  0.00949634737908016  0.01034015605276311  0.01117141624757311
  0.01194525210851016  0.01270786426581479  0.01366516939893771  0.01472854248688223
  0.01602113036347435  0.01779246246658428  0.01936035541916684  0.02096833200166911
  0.02253852046882018  0.02400695793471878  0.02551073017971974  0.02692536176895140
  0.02836061384773480  0.03038383140297113  0.03242275494648916  0.03401911819574686
  0.03571970233836697  0.03960937575433668  0.06012802990213523  0.07831138758429776
  0.10137107577790103  0.15781600833378126  0.41777106324432745  1.00000000000000000
  0.00000225694894677  0.00000335144666752  0.00000452063428087  0.00000586297022380
  0.00000740869310117  0.00000915572633645  0.00001122553815349  0.00001367686612626
  0.00001636714834839  0.00001913417785057  0.00002211145746151  0.00002544412026301
  0.00002939672609918  0.00003389198202345  0.00003878505512631  0.00004434578341458
  0.00005067639389025  0.00005800119653707  0.00006616418599102  0.00007491078702641
  0.00008386179412647  0.00009368770090059  0.00010509580024360  0.00011821070476814
  0.00013373419610268  0.00015137080019083  0.00017023867325250  0.00019200740215080
  0.00021680579315782  0.00024418892703344  0.00027370721055589  0.00030602437634607
  0.00034291972332509  0.00038717958768431  0.00043928115815112  0.00049718122391226
  0.00055923790322555  0.00062604456690716  0.00069729920825047  0.00077608756696419
  0.00086336530857249  0.00095570661726298  0.00105496641830976  0.00116527138638436
  0.00128349486865118  0.00140760026121319  0.00154151161452550  0.00169334005530440
  0.00186501844655817  0.00204323275439580  0.00222391569350235  0.00240211838688794
  0.00258915783619034  0.00279518200291488  0.00300633322510411  0.00321730510376781
  0.00345259232938666  0.00371446413369542  0.00398472312054573  0.00425445365136484
  0.00453472675278622  0.00485429135889339  0.00518357065859754  0.00552980122555809
  0.00588613375910287  0.00632269130949341  0.00684795413849161  0.00740534760760125
  0.00796739480978935  0.00850155315794116  0.00903095025782212  0.00963949273859574
  0.01031293731881256  0.01098049104230674  0.01162324354308207  0.01232224289850576
  0.01315413922393471  0.01409779228881918  0.01512103062231548  0.01632383861079571
  0.01779218336477174  0.01932421311824271  0.02095368703281301  0.02249280353194942
  0.02411150258550919  0.02574668040398569  0.02806483040572505  0.03209995075737234
  0.03725345434601082  0.04302475413729826  0.04952514387777680  0.05484179646658047
  0.05953289676636047  0.07729265576754175  0.10027863997243298  1.00000000000000000
 -0.00224760079729132  0.00890754739616832  0.01992544506303467  0.03153511478377829
  0.04302346618503891  0.05464088118444171  0.06651967300339663  0.07846105183049065
  0.08996026343262413  0.10086193361099398  0.11126937598432811  0.12145271844144005
  0.13173413153589281  0.14199479474129262  0.15208906909692432  0.16199755429448653
  0.17209030057519323  0.18258572325547365  0.19313288306059651  0.20414650412119523
  0.21614266116636580  0.22823155034031126  0.23961137208046845  0.25026520267572111
  0.26001691100888652  0.27003832559187435  0.28090612735297610  0.29199823550363074
  0.30259396610485850  0.31264255075888919  0.32268598077200011  0.33298164700910654
  0.34356279306177462  0.35424568117869920  0.36483588251498467  0.37537075984383211
  0.38605190660385996  0.39691234607619463  0.40783823541587805  0.41858560727815036
  0.42893854572993240  0.43902849687579271  0.44919145456859827  0.45962023255587892
  0.47017888669727004  0.48083157588181502  0.49164655988111466  0.50262628757507422
  0.51368457411670887  0.52460392119661015  0.53535928989336001  0.54567940228701106
  0.55565603380841688  0.56619278136986695  0.57674005033352538  0.58704251757326786
  0.59713444304643348  0.60756304850746912  0.61864836008849455  0.62979109479944184
  0.64052985291252440  0.65081298828289702  0.66071862442578422  0.67036242712041927
  0.67991544033547546  0.68983399141264146  0.70045289011816425  0.71163765455072936
  0.72314720666189813  0.73486515584452716  0.74645383956679712  0.75741299953218744
  0.76770649945463054  0.77768660406444001  0.78764676401557687  0.79774360058993476
  0.80767051527524802  0.81741665998500668  0.82742407167787646  0.83803468749971788
  0.84884708543063803  0.85901111163495680  0.86861127226776835  0.87818311761502521
  0.88708207798794758  0.89532943472995263  0.90358478853538460  0.91292115631930926
  0.92397102880160586  0.93592690256253896  0.94713847072666746  0.95769091699852005
  0.96774563100931810  0.97849416382921317  0.98906275880400618  1.00000000000000000
 -0.00243258868244435  0.00901710554431666  0.01984959144976118  0.03048356439323415
  0.04082438361525819  0.05124364382510632  0.06178670914989817  0.07337585583112814
  0.08545033185140648  0.09740258367578865  0.10912895280125193  0.12033762817172511
  0.13150011110811713  0.14251943705947009  0.15327570253731379  0.16338119130219786
  0.17348669382283535  0.18332684576182781  0.19227561685649308  0.20177448509151427
  0.21183231902339397  0.22307136984276144  0.23474143449750673  0.24542590790168786
  0.25614346116775377  0.26669311049860112  0.27779734573820425  0.28898766464695458
  0.30041770241553528  0.31214574980540266  0.32402075530695129  0.33581000978888831
  0.34684262876948235  0.35738844452026497  0.36748644034798789  0.37784595927639786
  0.38841506931162179  0.39893293227600274  0.40939845089622723  0.41998961171829968
  0.43068406084643773  0.44083050103952448  0.45043326949966100  0.46012817900778386
  0.46951662567789287  0.47857921080604149  0.48760262656699949  0.49682064298691236
  0.50731803121322427  0.51811565313261754  0.52868863410773914  0.53948963704474728
  0.55020872318880520  0.56100376503489491  0.57188649722887819  0.58309117971058977
  0.59439026986419408  0.60540738033382990  0.61630347353865089  0.62697077652904531
  0.63680500137157392  0.64670098445216251  0.65662786860524325  0.66652935081176723
  0.67710148028176609  0.68748021158327188  0.69866616723069430  0.71012389193964665
  0.72196774089360627  0.73398693184516017  0.74545015295087658  0.75552952163273701
  0.76451050645170560  0.77359415356993411  0.78331956047020002  0.79358845244682841
  0.80374731953526157  0.81328921567363677  0.82383404021708706  0.83412896769025568
  0.84451849448275085  0.85497058818046801  0.86575671809353794  0.87595617780159962
  0.88621939557656793  0.89645942830935788  0.90694448676992834  0.91685040548312546
  0.92656337880754025  0.93639452487235786  0.94639690983901770  0.95692076660870695
  0.96726232101178689  0.97746398881839003  0.98829255538726568  1.00000000000000000
 -0.00183694031706663  0.00783530283908145  0.01771570573690727  0.02743830311822097
  0.03807027221685667  0.04844709171985957  0.05951470774019086  0.07060777296592369
  0.08219622940197899  0.09346584956464414  0.10397609479198901  0.11413316217764889
  0.12408592011525194  0.13403596688373029  0.14404779696738515  0.15438379120718790
  0.16469215099587928  0.17435297972059033  0.18410386070112045  0.19430193609977561
  0.20480941881330111  0.21480023787176139  0.22485426940938705  0.23578546767881442
  0.24746799482392998  0.25873585723769610  0.26957179908900680  0.28085589102342629
  0.29232797538118177  0.30312546082800718  0.31361747910286392  0.32406137048294931
  0.33503757173991683  0.34540046383523249  0.35589777802990324  0.36672479938307900
  0.37816194842822454  0.39035391069801606  0.40199450485049720  0.41270007295589051
  0.42287115004348114  0.43291408564941514  0.44324977865596821  0.45407327757127219
  0.46495308431732646  0.47530355694541498  0.48472112422602226  0.49390155929630969
  0.50301664063267726  0.51183523751630566  0.52073337135677844  0.53035861984600441
  0.53914882967024336  0.54798477672784829  0.55756835762380785  0.56772731231180784
  0.57878102426476774  0.58916245701030578  0.59946518069206078  0.60965857153549963
  0.62039581923753984  0.63184495097311610  0.64370769664944805  0.65441073258387528
  0.66520743316464248  0.67659735655202291  0.68765040334171423  0.69807474474520004
  0.70828417356662676  0.71909975238135737  0.72966034772524913  0.73940800638705995
  0.74877449231221105  0.75839189262834139  0.76823815344952473  0.77839825773064464
  0.78905688208627489  0.80033674915680175  0.81173802300091757  0.82265182548938220
  0.83310566382392037  0.84356510787169614  0.85436797349076166  0.86560230372876878
  0.87719409775120494  0.88912000623501530  0.90101222485003218  0.91248560227314723
  0.92365701164610203  0.93507977742726700  0.94663483116052460  0.95787918551128037
  0.96863024812178500  0.97917107685259519  0.98954611702348771  1.00000000000000000
 -0.00037305963614366  0.00151701540664299  0.00335494251627998  0.00495675100533183
  0.00640880355193827  0.00778282270529719  0.00908692892097651  0.01032093825632543
  0.01151968245354340  0.01265395698355354  0.01377430405010009  0.01489958561623457
  0.01602982252875785  0.01716358765571762  0.01829325267695693  0.01941647338680185
  0.02054344768900013  0.02162706815895552  0.02262140881394866  0.02357076930843044
  0.02455548038992003  0.02554280119830550  0.02649246141462150  0.02741108053205062
  0.02831802727069332  0.02920321395608999  0.03009231312433493  0.03096057976307403
  0.03185372619435913  0.03279218775550475  0.03374403693540567  0.03469756115901960
  0.03563851764883114  0.03655004588439018  0.03746003435057465  0.03838947139273769
  0.03932383977680799  0.04028632886945459  0.04133617503763358  0.04246603814335566
  0.04368073240725220  0.04493258668133465  0.04617624297737555  0.04738383921199078
  0.04871531547067867  0.04981898093063113  0.05090056223886844  0.05179644512104745
  0.05265782809527059  0.05346928030236612  0.05460376317920713  0.05581146183460229
  0.05712194748017804  0.05845448677772637  0.05980369195276336  0.06121332193345714
  0.06278341075636977  0.06421393945023281  0.06558471432590801  0.06694173909836944
  0.06830071980520461  0.06968583627214460  0.07097495166227635  0.07230238952918006
  0.07395233113896212  0.07564085312566181  0.07719747263725027  0.07882053915248846
  0.08041012887513742  0.08215364914060115  0.08413823900424552  0.08633211545134552
  0.08839869142819312  0.09111075824198166  0.09428436600744251  0.09755013166049074
  0.10108319433049341  0.10427864634117739  0.10692337822967940  0.10954440020932282
  0.11216587856795436  0.11411721492968412  0.11713795433361218  0.12101808040810275
  0.12578111681366080  0.13030605004889539  0.13619054743140288  0.14115721497464478
  0.14634595610165702  0.15244558253625931  0.15899254893469489  0.16748643430220295
  0.20471199509932098  0.28996999301777387  0.85603766180076513  1.00000000000000000
 -0.00196182436553270  0.00657932701991098  0.01476178907250975  0.02307310966631645
  0.03171390671631721  0.04033172041080495  0.04891408666276535  0.05765566115161473
  0.06652464910851238  0.07549163993622679  0.08468034643512551  0.09417412766382123
  0.10457206133528306  0.11578511286746224  0.12810932113911794  0.14206882957409714
  0.15528792888575491  0.16856822114034287  0.18276211637682505  0.19750313689252341
  0.21298154092714996  0.22955935180019837  0.24791761480958874  0.26748192898052325
  0.28852230335129614  0.31099609170412157  0.33557108205489045  0.35965039239084856
  0.38089176275635239  0.40141965661072299  0.41973481516156891  0.43963362021040892
  0.46011523160072137  0.48071852905561957  0.50056290277428439  0.51912125900318573
  0.53652214833469347  0.55353994579470700  0.57007282930622860  0.58440861387701160
  0.59641798695696302  0.60786321261843179  0.61938819749359808  0.63096045048124716
  0.64187554455678864  0.65199123929820002  0.66144484416799842  0.67069840200894815
  0.67995203927793557  0.68932106777639224  0.69858176080805579  0.70719692917368293
  0.71535830892590935  0.72334600653751613  0.73120345714359913  0.73934510677342935
  0.74748034974574085  0.75472502537994168  0.76115462596953432  0.76742898473983090
  0.77384856607714603  0.78047062219081764  0.78713169024181195  0.79360492186411202
  0.79987996330559552  0.80578454379828468  0.81157756478017062  0.81782529427597050
  0.82436814493765320  0.83092472867340617  0.83759075198480171  0.84441460618733499
  0.85109246027456786  0.85753733398876897  0.86406629340337704  0.87031254812212178
  0.87653437851942451  0.88239757979278266  0.88824204420289710  0.89394460983777835
  0.89988044583825189  0.90606399048140762  0.91231607596934650  0.91850478105912725
  0.92499134679151496  0.93158517103997973  0.93832733931529622  0.94528827047981034
  0.95228022557779690  0.95909352328343900  0.96584621880413379  0.97269597325434609
  0.97947135170907962  0.98619933132056425  0.99307784755629935  1.00000000000000000
  0.03852288131920018  0.37168522165081846  0.50869379145872207  0.59601994347282838
  0.65961073716912355  0.70562098273617868  0.74275726053381042  0.77232642785748873
  0.79679789812863222  0.81710173141512610  0.83443834119410343  0.84958199136696844
  0.86265542983125576  0.87400615475868548  0.88387218274861401  0.89275845386178432
  0.90070420720026034  0.90783345352100597  0.91435380798471977  0.92013997739567954
  0.92522603888002108  0.92995941539718197  0.93445825628765589  0.93856775285805094
  0.94218632758072007  0.94553501054418798  0.94866456368084640  0.95154892051273621
  0.95425390671112142  0.95685603290560739  0.95901785257191063  0.96079941812883907
  0.96248989862082435  0.96405921955886398  0.96553826545953270  0.96699186100940937
  0.96842807838677603  0.96981210294048814  0.97111572859714257  0.97233443201563696
  0.97347274121648386  0.97459679632776219  0.97570157404792002  0.97670847187617915
  0.97770860519524860  0.97867871308615384  0.97954671496090695  0.98035544687480458
  0.98114758656631962  0.98191515524426054  0.98266624942595526  0.98341314133471791
  0.98413735386283518  0.98483261126088673  0.98549804385311868  0.98613272106171745
  0.98674006520821567  0.98731603985129812  0.98786549850143135  0.98839723083630693
  0.98891108754679846  0.98940761740457606  0.98989386979427296  0.99037057160323638
  0.99083358368072161  0.99128587162452175  0.99171330296715543  0.99209936762801598
  0.99247207233750701  0.99283479080675119  0.99318790629972631  0.99353367969889705
  0.99387519501253718  0.99420056960599268  0.99451292612998499  0.99480868328024297
  0.99508190081719272  0.99534378104944932  0.99560098493231475  0.99584730385755738
  0.99608506785728479  0.99632291123209193  0.99655987287525516  0.99679187924182877
  0.99701911192177206  0.99724241838255845  0.99747259513944431  0.99770406941875678
  0.99793212058469394  0.99815477931173047  0.99838266290531463  0.99861705783256638
  0.99887185651178922  0.99916480897249349  0.99953604496147508  1.00000000000000000
 -0.02221217150456449  0.11460728565258253  0.15796618333036128  0.18503092045462352
  0.20491870271491205  0.22089597002947498  0.23531714831153427  0.24953385711758552
  0.26311874914956468  0.27508229522426075  0.28632897683021163  0.29643721620056174
  0.30614594903841585  0.31552576698136048  0.32449007113480405  0.33288289524382847
  0.34089556542859362  0.34882397610703375  0.35678967691444263  0.36437767871861948
  0.37151662180617812  0.37844118359364043  0.38542042276602917  0.39270831264664680
  0.39996500461802564  0.40708817637245681  0.41399230466051251  0.42073222663211041
  0.42746935081429716  0.43463592344286978  0.44181800692376338  0.44860725619209513
  0.45529737239658047  0.46153211298248792  0.46772133372921942  0.47387477148171409
  0.47987977662206710  0.48551319511831681  0.49075541470699535  0.49590769896197323
  0.50124341347975843  0.50681513418484969  0.51238537913639792  0.51768594885417341
  0.52285232020878747  0.52816253809723201  0.53365853285274523  0.53930766811016495
  0.54504842730153535  0.55092817280858752  0.55668122656364072  0.56235239349321697
  0.56767178925804951  0.57320034849511303  0.57861302682418558  0.58414425019320737
  0.58995117813748654  0.59579875616750355  0.60173712615243069  0.60763222759887570
  0.61340333375423328  0.61912188450776040  0.62478718776101438  0.63030544767801922
  0.63596732100483522  0.64189714672447429  0.64797727084255718  0.65326317972383452
  0.65870150981858089  0.66423271647663229  0.66997110014586259  0.67572071116612475
  0.68135932361872031  0.68714171813746361  0.69301996820937450  0.69900905092269316
  0.70491277074440806  0.71119786861476497  0.71856171537158808  0.72550611000809950
  0.73290319109499680  0.74012638864422209  0.74772793766791268  0.75541246057884570
  0.76359186198410334  0.77216036702928836  0.78129998246681176  0.79060096403386360
  0.80075673547838400  0.81199502501848209  0.82428408755310945  0.83853670485052667
  0.85586474553595371  0.87693687028203926  0.90977176955855832  1.00000000000000000
   1.2119087524064397E-008  -1.0000000000000000     
 F F F F F F F F F F F F F F F F F F F F F F F F F F F F F F F F F F F F F F F F F F F F F F F F F F F F F F F F F F F F F F F F F F F F F F F F F F F F F F F F F F F F F F F F F F F F F F F F F F F F F F F F F F F F F F F F F F F F F F F F F F F F F F F F
  <DiscreteSampler_grid>
  grouped_processes
  1 # 1 for a reference and 2 for a running grid.
  10 # Attribute 'min_bin_probing_points' of the grid.
  1 # Attribute 'grid_mode' of the grid. 1=='default',2=='initialization'
  0.0000000000000000 # Attribute 'small_contrib_threshold' of the grid.
  0.5000000000000000 # Attribute 'damping_power' of the grid.
 # binID   n_entries weight   weight_sqr   abs_weight
    10   10   1.663514041616136E+004   2.611269231981115E+009   1.663514041616136E+004
  </DiscreteSampler_grid>
