  0.00948204318559607  0.01609424609508781  0.02544746660975187  0.03633560583910725
  0.04712966520537730  0.05840772404942408  0.06942789419966550  0.08014615879719496
  0.09096681932637529  0.10179311984402373  0.11247824826520637  0.12264610273516291
  0.13328815368258662  0.14432028566911123  0.15494702682014799  0.16486253763109981
  0.17437598552701961  0.18405469703018182  0.19377075448102934  0.20309680978158781
  0.21258193774688322  0.22253760002415915  0.23240139643130506  0.24266261886839849
  0.25275624871224689  0.26296505931513542  0.27358083680926626  0.28405581389433165
  0.29434157938431810  0.30492021689449489  0.31574295301095096  0.32661556904400485
  0.33727960980975169  0.34770263216585345  0.35778042827030121  0.36758627975281966
  0.37760390192143423  0.38829721831341585  0.39908805179808110  0.40998564795764075
  0.42088272538774790  0.43183718708835900  0.44223760649229132  0.45147315550077366
  0.46115842897501530  0.47129135224599611  0.48224163869984488  0.49291859851761932
  0.50338281090350057  0.51410468097223272  0.52487253755177710  0.53538397235783008
  0.54532345259796089  0.55501608087098797  0.56489793662898780  0.57443347773106113
  0.58380909999099306  0.59326293878433600  0.60309193232801817  0.61358476850282673
  0.62400498312931119  0.63472908346427193  0.64556639899652690  0.65666397952382738
  0.66816796936506484  0.67967285044925285  0.69119353789423399  0.70222958612880226
  0.71274675778336416  0.72316844321759999  0.73366491782223331  0.74415287364749994
  0.75461551095152168  0.76452966745239015  0.77411207386282965  0.78358454381861209
  0.79310606037300757  0.80293682712748182  0.81339033666083593  0.82448541889084104
  0.83590591958975213  0.84760157850044460  0.85929693685428599  0.87070580133321274
  0.88192773405587954  0.89311545674918058  0.90474204500896827  0.91659881496814388
  0.92829335365298260  0.93958751577107247  0.95040595899908176  0.96080021524968162
  0.97136803972112806  0.98201389313791465  0.99135318160965569  1.00000000000000000
  0.00000239680591551  0.00000247990091836  0.00000256952139689  0.00000264239734846
  0.00000266710332090  0.00000270903757286  0.00000275672523590  0.00000283208436674
  0.00000290176337017  0.00000297784074314  0.00000306393908040  0.00000315142154691
  0.00000327559737306  0.00000343510642018  0.00000361004968686  0.00000380946862799
  0.00000402518529754  0.00000426008767195  0.00000451906465835  0.00000480367907643
  0.00000511875093685  0.00000546325774997  0.00000583652350234  0.00000623485164194
  0.00000663744217014  0.00000705406050872  0.00000746826154924  0.00000790006811245
  0.00000835828124298  0.00000885132521018  0.00000937411604564  0.00000992854459241
  0.00001053551098597  0.00001119714442417  0.00001188579716986  0.00001257768327906
  0.00001329786769541  0.00001403310244843  0.00001484720026521  0.00001567313889417
  0.00001654048713200  0.00001743303220681  0.00001835999626015  0.00001934655223239
  0.00002039738243557  0.00002149818828708  0.00002264779977490  0.00002386927995820
  0.00002517152119908  0.00002653222268935  0.00002792783805820  0.00002938549977291
  0.00003089033383108  0.00003247360042783  0.00003419099246216  0.00003605858312035
  0.00003806111693708  0.00004021352874051  0.00004258095806060  0.00004529273161014
  0.00004806339015435  0.00005093336200141  0.00005396148102332  0.00005722344221444
  0.00006065738037741  0.00006418568230710  0.00006793314264147  0.00007202883323090
  0.00007657496423468  0.00008148806520437  0.00008660344363521  0.00009217186906260
  0.00009816715391065  0.00010486669090101  0.00011232869635458  0.00012060743880674
  0.00013020422404872  0.00014106006334174  0.00015284841851373  0.00016720874498985
  0.00018333597709786  0.00020194428751337  0.00022453692369463  0.00025345637702558
  0.00029102461321480  0.00033717819040961  0.00039098649180808  0.00045859471074823
  0.00055713206145988  0.00070788070228107  0.00095505616119109  0.00142807881950362
  0.00289043824137129  0.01007402172062494  0.45373676498176413  1.00000000000000000
  0.00000236763433539  0.00000264962831553  0.00000291473181704  0.00000318786628969
  0.00000346395506185  0.00000373960042104  0.00000402670721405  0.00000431946085019
  0.00000463686247199  0.00000495361007198  0.00000528046274932  0.00000563758083062
  0.00000600361806755  0.00000640110080703  0.00000680623450600  0.00000723117386303
  0.00000767966739265  0.00000816614006635  0.00000868409620761  0.00000923466049967
  0.00000982120402489  0.00001042965828692  0.00001103695025500  0.00001164501184286
  0.00001226483923628  0.00001291819652346  0.00001362632615678  0.00001440441863353
  0.00001524948994350  0.00001610440472587  0.00001698207485593  0.00001787608666468
  0.00001878773502276  0.00001973775831942  0.00002074963820081  0.00002182511428434
  0.00002292103552636  0.00002403445640395  0.00002514844384105  0.00002628978143001
  0.00002741759637185  0.00002860757824529  0.00002982256155880  0.00003109355221507
  0.00003243402672817  0.00003383856548275  0.00003534098435322  0.00003696608255783
  0.00003867349055132  0.00004045504695201  0.00004226763688910  0.00004409323746573
  0.00004590663578671  0.00004785492227361  0.00004997656421131  0.00005225893401647
  0.00005476205791354  0.00005753842810573  0.00006044068725168  0.00006339899809743
  0.00006656966430646  0.00007005159114501  0.00007376047562516  0.00007765341452966
  0.00008182389045833  0.00008627865893360  0.00009110030939399  0.00009653066720055
  0.00010237171063166  0.00010853838264098  0.00011505927889862  0.00012206234645061
  0.00012956682623179  0.00013753630443149  0.00014635378688308  0.00015650578025482
  0.00016808371813489  0.00018169533542347  0.00019741220446046  0.00021533858685783
  0.00023508859380268  0.00025621160570243  0.00028103825793176  0.00031033433216993
  0.00034517748700273  0.00038864785294693  0.00044397803814377  0.00052176833656434
  0.00062016366459159  0.00075188137901651  0.00095368078655062  0.00137538577649054
  0.00228087710314569  0.00677004194280540  0.09763857353583674  1.00000000000000000
 -0.00279571057525872  0.00996402389262302  0.02052624384774411  0.03060340042205365
  0.04093346876331065  0.05194530614307456  0.06286808678807804  0.07384828694880023
  0.08522762668779346  0.09773059462029614  0.10998093118660238  0.12140279539013164
  0.13201106807334217  0.14241188355069145  0.15267119709751992  0.16288586520587772
  0.17358172923968121  0.18505621014013429  0.19721654259057717  0.20956414335523468
  0.22131975215767988  0.23223667117489805  0.24269868596486940  0.25294117013053441
  0.26322672623194460  0.27385358157588929  0.28460584589623150  0.29541300666131665
  0.30633934983623384  0.31716531976933565  0.32782832284574159  0.33812132633027714
  0.34782723516543956  0.35796129574679425  0.36800104516947946  0.37799429039490445
  0.38749666662653770  0.39694664781336469  0.40636439222539111  0.41577204393396561
  0.42520781380250072  0.43438445086311889  0.44346799728081016  0.45281655237154117
  0.46205289310228598  0.47140251198724253  0.48118459341660735  0.49159258568524106
  0.50243731039427897  0.51373077721725446  0.52511484436913525  0.53652934092938920
  0.54785435827204876  0.55923633255802907  0.57061709230253954  0.58171534264588864
  0.59190352200804963  0.60185356670214041  0.61178224549316595  0.62162312321310143
  0.63126213995219904  0.64103032783047553  0.65098659810512283  0.66105506265593883
  0.67117222645655261  0.68180959789531892  0.69237706073901617  0.70281118160321154
  0.71348410093470249  0.72466753965622177  0.73592149689379971  0.74724275446714539
  0.75882031556669927  0.77070173204196868  0.78261113126273407  0.79417660740646545
  0.80531454312132511  0.81591114831599398  0.82599938811539442  0.83601185539836542
  0.84583989221251510  0.85576372465846173  0.86554337203670229  0.87539406290884303
  0.88583968036998795  0.89660412027694936  0.90749742914737486  0.91864184903507884
  0.92982553932373113  0.94091859147986723  0.95156596636330759  0.96122611297511484
  0.97054711608848709  0.97986639240287476  0.98996994324688414  1.00000000000000000
 -0.00221885493541945  0.00904590810361078  0.01887519454547176  0.03015274391003937
  0.04036422256102166  0.05018479031653614  0.05979919729931329  0.07030569587392282
  0.08115900185883203  0.09164974945348292  0.10160232462442693  0.11149913675398886
  0.12151409146107120  0.13143859867210209  0.14133198329148008  0.15167301336996961
  0.16224945523391535  0.17273241957048976  0.18283477053785224  0.19304464123109033
  0.20286156658718191  0.21369445193727402  0.22427274843517639  0.23498236819173390
  0.24530163193148419  0.25575930242077360  0.26647565400958978  0.27692895894885894
  0.28738661469805865  0.29637073712854467  0.30497038758255568  0.31406462818428926
  0.32418510607112561  0.33477595260717247  0.34528607966133357  0.35569952492634754
  0.36676460155073370  0.37790169600985007  0.38915387738508156  0.40042141613152404
  0.41188326381855972  0.42309639027649049  0.43440127753194757  0.44567489128135052
  0.45710106569426723  0.46837237819990246  0.47916721755061259  0.48948878039511873
  0.49970180621606297  0.50976590461372406  0.51936086875229215  0.52911685699843025
  0.53952970303716641  0.55104506775424711  0.56295634797176031  0.57489712370696611
  0.58674320617573950  0.59819124388942324  0.60935355925594503  0.62035084016677611
  0.63157793979703802  0.64301727039520817  0.65373322233966891  0.66435181770723484
  0.67508665050831052  0.68599163360382653  0.69650377407382491  0.70671944261758157
  0.71702457106702056  0.72760495980317441  0.73843081993564519  0.74945534876124364
  0.76070340689495752  0.77191921369248306  0.78324949796526344  0.79457314084825947
  0.80577179261051635  0.81693619537308293  0.82792137195364479  0.83825090047403972
  0.84763876364146651  0.85700766073222578  0.86698630113618180  0.87733492484691911
  0.88736308293619548  0.89674854622000022  0.90609849081680915  0.91552153191713659
  0.92472294821918577  0.93376374831120901  0.94337214563604543  0.95434565154835160
  0.96533123447984237  0.97751865487542078  0.98883070216574620  1.00000000000000000
 -0.00280169265737123  0.01016876740355090  0.02113977245948327  0.03218938082661033
  0.04332715388030024  0.05454222997930321  0.06511162827279714  0.07497576682259109
  0.08441763070702386  0.09362584176508378  0.10138012349032385  0.10933030330994119
  0.11729697250615120  0.12627135656819610  0.13634570488273365  0.14718000669209344
  0.15846713756608471  0.17016155789071694  0.18174261877291603  0.19264658574371091
  0.20312873754393726  0.21374396064624340  0.22480962091109241  0.23586380316662675
  0.24669084760283225  0.25720426303696214  0.26788892466517472  0.27937235591485421
  0.29130485242920795  0.30281051530068021  0.31360245141983695  0.32445786127432474
  0.33591223629892447  0.34658388517072547  0.35781985928668253  0.36903864427486605
  0.38010808378452465  0.39106108240403070  0.40185004672034080  0.41254081718512225
  0.42337050066383197  0.43428975190712166  0.44538057478241383  0.45634701138162426
  0.46697809797471657  0.47852796398069986  0.49044130098928895  0.50221188382942772
  0.51368713023386858  0.52446396604117929  0.53497296502395530  0.54527842778188651
  0.55535435939159683  0.56627255536443499  0.57747456957570042  0.58836182033692075
  0.59911103400331234  0.60988704367742341  0.62065280353494878  0.63059937004074751
  0.63945764790581416  0.64814448186205920  0.65711307619403558  0.66714351041126452
  0.67826286298196636  0.68924741576500859  0.69958959184200642  0.70967937616275112
  0.71988502802267307  0.73031392288907460  0.74074761560169500  0.75088457780568263
  0.76075203390610502  0.77101778754787054  0.78133017296717644  0.79208975674453508
  0.80207581525554861  0.81180045998241679  0.82210530583802488  0.83346041073563715
  0.84555755382707665  0.85660167742171955  0.86661407128377588  0.87628914238666966
  0.88643200395530153  0.89726215151678324  0.90789684668876658  0.91823941346404092
  0.92895267791037550  0.93957728706909105  0.94948638075447245  0.95957012455422952
  0.96967052137386167  0.97994636890368647  0.99017232283404832  1.00000000000000000
  0.00004440375381824  0.00014021592137595  0.00046505817106143  0.00091582178349556
  0.00142951839778278  0.00183575496343643  0.00222431183350357  0.00265251271805968
  0.00310056965166278  0.00356545298369939  0.00404671151038217  0.00454231525697142
  0.00504789061740290  0.00555553501584070  0.00606606474145267  0.00657921770845930
  0.00709345538882994  0.00760875611684381  0.00812942845578937  0.00865837931529683
  0.00920120328937754  0.00976093635578566  0.01032732310886523  0.01090699742446441
  0.01149917584623043  0.01209501903113059  0.01269421257621665  0.01330169266081260
  0.01390288172577102  0.01450298474869593  0.01510698381591130  0.01572418223663824
  0.01638726971528541  0.01708907085714125  0.01783650509810166  0.01860955113235242
  0.01939001589329063  0.02018527745413884  0.02097607823589556  0.02174388062685905
  0.02252703045227923  0.02330704434678700  0.02404461689183222  0.02478845019411002
  0.02555293039093618  0.02634087250908293  0.02709636725716301  0.02781502186881803
  0.02852360157636453  0.02925173681780723  0.03002998326619853  0.03090218283528564
  0.03175869764566902  0.03259781934918601  0.03349583438144787  0.03441587620047145
  0.03539835957222549  0.03640590547173300  0.03742282677772559  0.03840056086953559
  0.03938863644040760  0.04038899793058008  0.04140048434392155  0.04248685989873414
  0.04361709413300683  0.04477958335651282  0.04595116722781256  0.04720748271916565
  0.04848266836467773  0.04986230557091111  0.05130112800911570  0.05281895041310127
  0.05423503542802435  0.05567534362337274  0.05714864257423785  0.05876503756504473
  0.06059694448396818  0.06257072412481927  0.06475516919958725  0.06695787989351529
  0.06927054044135017  0.07170797281462696  0.07392541040301095  0.07637823143608355
  0.07916381882147362  0.08332366853431811  0.08939023346219280  0.09514707772708239
  0.10168137977750072  0.10885152747904087  0.11663513039410331  0.12420263426731011
  0.13587722794532830  0.15911924351892179  0.36927740294407074  1.00000000000000000
 -0.00333680170427933  0.01279863106835046  0.02513924878669655  0.03768541133708607
  0.05051007913750209  0.06396048524021922  0.07642494689641179  0.08824941647584626
  0.10003320198122839  0.11159695054366556  0.12336098081425786  0.13589186374595894
  0.14897157931808838  0.16219946341687944  0.17506298923669383  0.18780756892105988
  0.20023837091406516  0.21207267197869345  0.22364131762936856  0.23498995976505607
  0.24572653851639728  0.25638932671792397  0.26665592866830062  0.27677986000307092
  0.28658891537868414  0.29627389612845884  0.30602169321060124  0.31510727604943672
  0.32372285876045959  0.33301106320311902  0.34282755206928578  0.35273988925266769
  0.36222249826614611  0.37095780020548869  0.38021976102224458  0.38974982725842133
  0.39949658709380276  0.40905044091189430  0.41828030783712217  0.42714634219339659
  0.43602920086070196  0.44507564254004545  0.45404699999310616  0.46310355550193322
  0.47216336103256618  0.48129320573765422  0.49126618637041108  0.50150033019983176
  0.51082434299487711  0.52053583167479678  0.52997098147281663  0.53849763673701656
  0.54684827934634372  0.55505201154552786  0.56369296162453186  0.57275673600151866
  0.58213531750730596  0.59163986554151937  0.60139156981598874  0.61162805404285026
  0.62203509680462277  0.63268215748641321  0.64323152884160739  0.65359502860368446
  0.66394475934548769  0.67393378641217894  0.68364713378643482  0.69394622391379057
  0.70441297487001586  0.71462446105620403  0.72434663154624923  0.73402699704211094
  0.74401372487875073  0.75461110931255748  0.76578950158891712  0.77746158321351244
  0.78844982027412591  0.79977498638167210  0.81070073170672541  0.82147023072231329
  0.83207240869029353  0.84293593867995265  0.85390008617274182  0.86520563771062708
  0.87602611396323127  0.88628241525144635  0.89710750618193424  0.90860809247858521
  0.92015151616364865  0.93143713619846769  0.94331710611048059  0.95530894625208729
  0.96698637453460623  0.97836266074926881  0.98940860020088861  1.00000000000000000
  0.06466184056939592  0.21508377993342373  0.32345196527133180  0.40587740499146391
  0.46658540539144677  0.51618258172695397  0.55731662494251843  0.59256287727720880
  0.62404739473999327  0.65179252096138551  0.67612686274643519  0.69766576198543195
  0.71721574559846857  0.73505283491019058  0.75148050042205328  0.76633421453175365
  0.77998476172866904  0.79255711416747732  0.80420726478761817  0.81510900276573917
  0.82531086077335492  0.83493074622342545  0.84375493295798354  0.85222073979167023
  0.86002911970030915  0.86716295113599662  0.87387573526898854  0.88013357244607660
  0.88598460628645503  0.89149730130600446  0.89660728324153460  0.90127225924194188
  0.90569094852055243  0.91001981220752859  0.91417614139025627  0.91812946993862476
  0.92182569962957717  0.92526544296919777  0.92859990556105876  0.93185391110850102
  0.93494606910450950  0.93780294850210622  0.94042406262043599  0.94290454114425837
  0.94529833591018619  0.94761176497730892  0.94985958256845304  0.95209900886761090
  0.95436177382439791  0.95651389966987155  0.95851324972029839  0.96030420047397436
  0.96192447094692490  0.96352704543504752  0.96507057163810195  0.96654286941834189
  0.96795474715746699  0.96934926168651103  0.97072942872669699  0.97203801861913475
  0.97326556825668453  0.97444200878326592  0.97556911407456404  0.97664758883149105
  0.97769580844400705  0.97871996665332595  0.97973945590961142  0.98071247737836120
  0.98165399401259690  0.98258505999047852  0.98350036573058219  0.98439940412178417
  0.98527699236709276  0.98612497360313933  0.98694112579005333  0.98769498266395406
  0.98842643386097051  0.98913827348700145  0.98983909158471339  0.99051976541386011
  0.99111548914936609  0.99170291472693139  0.99228544631285365  0.99286798540228305
  0.99344922170866290  0.99401914977927130  0.99455520599058322  0.99506190253317173
  0.99556678330644488  0.99608065629395803  0.99659672017652179  0.99714241535313208
  0.99772974999093056  0.99837993516095036  0.99914336768779077  1.00000000000000000
 -0.02186126078661336  0.10793410932607125  0.14820647008376109  0.17400856536037534
  0.19457769425770677  0.21235285621721259  0.22805507854157467  0.24217081287528738
  0.25509831004123812  0.26735910436085381  0.27801215770964643  0.28850154400201400
  0.29718932793869879  0.30519043739383828  0.31312564378589791  0.32128597822666682
  0.32996120697929776  0.33876072315559852  0.34741669020630467  0.35562730029553996
  0.36335292748302966  0.37083346019469454  0.37783823540628342  0.38454574034058742
  0.39123120991869431  0.39820904721585626  0.40522921771322251  0.41202271155062686
  0.41845450026659942  0.42476418726591686  0.43105676548432459  0.43756719090443036
  0.44452122249879433  0.45158398217522661  0.45861735827792394  0.46521769726052259
  0.47181598778380995  0.47856892909879056  0.48535063873414203  0.49202380127446627
  0.49841961124574108  0.50447722231045933  0.51016383134798138  0.51686598965874475
  0.52307202635473804  0.52902732792332219  0.53503546454443385  0.54136387483530435
  0.54777393283771769  0.55416710687283188  0.56039498526487252  0.56658537424834410
  0.57289033285328628  0.57918969952201238  0.58549666997491534  0.59179875772526902
  0.59804031099925636  0.60413409952838804  0.60988092779479230  0.61576563692436326
  0.62196701659950449  0.62814285699504457  0.63401389711994560  0.63997049939974260
  0.64598674341793327  0.65211122822307632  0.65805600109475115  0.66373080113795113
  0.66939697506049090  0.67534929900228469  0.68157322955161548  0.68790390794608824
  0.69427595040078283  0.70068664659270075  0.70724326426262507  0.71392531121967540
  0.72059856342528672  0.72713393783174596  0.73371331704533282  0.74053905760737160
  0.74764705437809542  0.75469989617767319  0.76158876685263577  0.76848631604019046
  0.77576528317817084  0.78361919978381811  0.79245344378285176  0.80212244415706790
  0.81232032055712444  0.82358619419581636  0.83631667041408841  0.85064044003064421
  0.86701154794013147  0.88726741934111075  0.91922628171773801  1.00000000000000000
   1.1761336704495375E-009  -1.0000000000000000     
 F F F F F F F F F F F F F F F F F F F F F F F F F F F F F F F F F F F F F F F F F F F F F F F F F F F F F F F F F F F F F F F F F F F F F F F F F F F F F F F F F F F F F F F F F F F F F F F F F F F F F F F F F F F F F F F F F F F F F F F F F F F F F F F F
  <DiscreteSampler_grid>
  grouped_processes
  1 # 1 for a reference and 2 for a running grid.
  10 # Attribute 'min_bin_probing_points' of the grid.
  1 # Attribute 'grid_mode' of the grid. 1=='default',2=='initialization'
  0.0000000000000000 # Attribute 'small_contrib_threshold' of the grid.
  0.5000000000000000 # Attribute 'damping_power' of the grid.
 # binID   n_entries weight   weight_sqr   abs_weight
    10   10   2.462729165612990E+002   1.886108683321514E+005   2.462729165612990E+002
  </DiscreteSampler_grid>
