  0.00903922383414252  0.01733684990635160  0.02618261197482691  0.03534093193737722
  0.04462816066805993  0.05526183290692440  0.06629478758791085  0.07650123042493179
  0.08629376111329438  0.09678668789496650  0.10762467166988239  0.11863686081290446
  0.12931643748943475  0.13940468426029717  0.14894890164378163  0.15834571598785757
  0.16795486739551904  0.17810743088836220  0.18878586875510409  0.20001490414988987
  0.21165311499934847  0.22328259875857856  0.23428286471772164  0.24448606283935925
  0.25465817249375183  0.26536688161167910  0.27656180961798243  0.28717110316756500
  0.29778384067220953  0.30799171045655477  0.31836574636502324  0.32862809037155966
  0.33892378798316664  0.34939861946821116  0.35965318803150242  0.36989328612827904
  0.38020348092992123  0.39057092851185066  0.40129354054498506  0.41244510337842299
  0.42333337909763236  0.43369292122183478  0.44391747041625196  0.45359791011929118
  0.46299129116648469  0.47260817430331303  0.48336858783603359  0.49453048950167594
  0.50519071374826097  0.51587643805130157  0.52664789146842217  0.53727189228070515
  0.54800107795612385  0.55886629064326032  0.56982111883728293  0.58017336885412230
  0.59044181004600238  0.60092056316868581  0.61232191494418309  0.62456373375087626
  0.63682644403614086  0.64884699981548821  0.66049572784644084  0.67169596645290852
  0.68236619721890646  0.69261627992466301  0.70289454406534690  0.71317230276512689
  0.72339663732974135  0.73340070204564811  0.74318042947654783  0.75291346702454409
  0.76299408117074441  0.77379333633998704  0.78476497406145262  0.79524150664291304
  0.80522412404462773  0.81499901515797779  0.82535059326644156  0.83618725111097547
  0.84742585190015585  0.85852789182549960  0.86829350010873019  0.87855317944968381
  0.88922536604396185  0.90032306924141914  0.91055989035134721  0.92088716054186071
  0.93096784286531087  0.94121735678140328  0.95114393762937810  0.96120561674155280
  0.97173537397988508  0.98131372626160263  0.99147581870747892  1.00000000000000000
  0.00000272732723658  0.00000281375896738  0.00000288240431438  0.00000295720643143
  0.00000303082041444  0.00000310735106494  0.00000319082125599  0.00000328376244474
  0.00000340238756840  0.00000353658329446  0.00000367438183914  0.00000384861054490
  0.00000405931325764  0.00000428583018046  0.00000450909550548  0.00000474398575951
  0.00000499701743252  0.00000527250432813  0.00000557915372042  0.00000591372711775
  0.00000625907321786  0.00000661930476146  0.00000701689096534  0.00000744510422752
  0.00000791884803051  0.00000841554296162  0.00000892169351374  0.00000948534996881
  0.00001009906500748  0.00001075758116151  0.00001146858329275  0.00001220652372874
  0.00001294045296013  0.00001369852963651  0.00001451707142162  0.00001538345630155
  0.00001630291456182  0.00001727900766692  0.00001831114897628  0.00001940962875979
  0.00002055367505863  0.00002173004697383  0.00002293589956037  0.00002418104613308
  0.00002548065054311  0.00002683673028690  0.00002829020995245  0.00002984305881563
  0.00003150164969521  0.00003323600926585  0.00003502988067616  0.00003688358280904
  0.00003882206260620  0.00004090153913741  0.00004321751990421  0.00004569197501251
  0.00004834986936097  0.00005119115500725  0.00005419815065000  0.00005730918333756
  0.00006048345635867  0.00006384166535467  0.00006765071573749  0.00007163195069240
  0.00007627247097693  0.00008124006223081  0.00008653768829368  0.00009238183586437
  0.00009899778127319  0.00010639500450694  0.00011430328085866  0.00012294110414949
  0.00013219700506405  0.00014279662494056  0.00015503209382466  0.00016873944719710
  0.00018452922036347  0.00020287547124115  0.00022461598276391  0.00025054975898314
  0.00028074731219501  0.00031708260154139  0.00036228221150912  0.00042547877090118
  0.00051205775044455  0.00061816120195767  0.00074004112990917  0.00090614282921576
  0.00114032748025144  0.00157016584902714  0.00242342359258123  0.00453318914623113
  0.00873978357221223  0.03224182055190333  0.57691315255046149  1.00000000000000000
  0.00000236215808860  0.00000259241697666  0.00000284020632419  0.00000311051753377
  0.00000345412377129  0.00000379284785508  0.00000412748090948  0.00000445157636307
  0.00000476039643811  0.00000509078375137  0.00000543811149513  0.00000580341010277
  0.00000623973435011  0.00000670521533537  0.00000717488757728  0.00000764921944485
  0.00000814879636332  0.00000868610162650  0.00000926183341728  0.00000985345160295
  0.00001046978531635  0.00001115164486528  0.00001187189306918  0.00001257477281993
  0.00001329924443312  0.00001402407241663  0.00001472290937870  0.00001547814504107
  0.00001629530523053  0.00001718341125595  0.00001814329419753  0.00001912628210916
  0.00002011840999808  0.00002117384718674  0.00002219416359954  0.00002324889879828
  0.00002434441285140  0.00002542882655284  0.00002651303628001  0.00002772241885696
  0.00002900493457185  0.00003032788689591  0.00003180063813879  0.00003339150850960
  0.00003503430377715  0.00003676117496353  0.00003859032668506  0.00004054379532028
  0.00004258531348748  0.00004463225841097  0.00004677335201900  0.00004909789495549
  0.00005156127673167  0.00005406833140762  0.00005672550398605  0.00005966871838456
  0.00006279675364730  0.00006608957746391  0.00006954628626758  0.00007318778324768
  0.00007705652901867  0.00008110321827005  0.00008536679466586  0.00008999598307399
  0.00009498652863452  0.00010024913682661  0.00010586600528540  0.00011204455309629
  0.00011882938699576  0.00012659151808919  0.00013542015278597  0.00014415274294248
  0.00015330467715878  0.00016364690704118  0.00017563962404843  0.00018959944231678
  0.00020572293117423  0.00022481615664747  0.00024807349327130  0.00027351116014327
  0.00030222134909208  0.00033851826683070  0.00037982616190985  0.00043301777755808
  0.00050213904859568  0.00059595525755531  0.00072661851811069  0.00091005040520264
  0.00116721088481143  0.00161552344742397  0.00242176017302056  0.00398559492691300
  0.00764779707226725  0.02622963499209131  0.10114250733535209  1.00000000000000000
 -0.00264667176151474  0.00999081330845229  0.02123281540291198  0.03203529775837346
  0.04243821394686038  0.05304816634905016  0.06449312991981410  0.07627594888752025
  0.08779494614761502  0.09778865267572676  0.10708384991419574  0.11659441669900290
  0.12662883858214813  0.13768169725759355  0.14874578855571488  0.15950857682641056
  0.17005438890654129  0.18064089522566701  0.19146975733301669  0.20278498303913473
  0.21444902270799204  0.22579652435433678  0.23643508466136107  0.24672488935255360
  0.25773644812042240  0.26908578445837689  0.28052749905167057  0.29168817311831513
  0.30279940687147816  0.31412614942189837  0.32532699904485918  0.33607595653671002
  0.34627630023848249  0.35611370950885068  0.36587046693268810  0.37633305417985635
  0.38738421937722950  0.39822678377055942  0.40782176159674899  0.41734662125644340
  0.42710216842496423  0.43700568092159325  0.44670881570691601  0.45630242251077080
  0.46652537960639001  0.47732999184463309  0.48850951265397591  0.49979852767729965
  0.51118131993914762  0.52201989950550021  0.53265591957040204  0.54334554747258423
  0.55426770389586055  0.56590358890137193  0.57683577883668136  0.58701081494753682
  0.59721479450349957  0.60773785899435451  0.61780096307487620  0.62727096281624706
  0.63687535258220762  0.64697340124333980  0.65770326458581796  0.66842923138176757
  0.67940194999218984  0.69022038328899427  0.70070709852812807  0.71100392940924417
  0.72162141754792808  0.73253182675106288  0.74329264590488320  0.75383432383476456
  0.76399579248347027  0.77400221249043533  0.78369243611331696  0.79393066348672336
  0.80356725748126234  0.81272257900242739  0.82236641268261146  0.83181269390151680
  0.84172030154812061  0.85159837810131334  0.86199973904218208  0.87229780366026632
  0.88282513429744447  0.89302816290130860  0.90371278851664172  0.91474663388352540
  0.92554837815190205  0.93669202140444308  0.94748329784542196  0.95917099343480572
  0.96968282969301267  0.97984492138454526  0.98972182097340278  1.00000000000000000
 -0.00254475208806335  0.00983897809747419  0.02048212065454141  0.03046563154754071
  0.04047469231301512  0.05057550925417491  0.06168960767396461  0.07279768933804748
  0.08278096379242646  0.09305578260992431  0.10351335997826240  0.11501507136957592
  0.12700478200054022  0.13826070406257920  0.14912603528550517  0.15995807950592808
  0.17106423788443800  0.18243726329252455  0.19364297031663824  0.20395436765471692
  0.21422611320199655  0.22484708193223221  0.23581945870801951  0.24676303673522954
  0.25797352205205581  0.26933202931502442  0.28068465561287553  0.29177691124987887
  0.30256763381378321  0.31305931361251488  0.32370062736948707  0.33433252925152029
  0.34434330711172628  0.35441645776978559  0.36461521138959907  0.37518202483298069
  0.38554328977872415  0.39602034341598458  0.40660457762220409  0.41675735654431922
  0.42670848357735741  0.43674805530800004  0.44713505493214695  0.45760355355807536
  0.46821294001378938  0.47905376471194833  0.49039779782836296  0.50167517008426088
  0.51315147934008498  0.52439035534752221  0.53568515374729664  0.54645082790606325
  0.55698590903743450  0.56687316039327840  0.57627761637853092  0.58565059811270526
  0.59537167516904799  0.60542831253518370  0.61550627602833519  0.62546269445769342
  0.63492348638545348  0.64428797769930046  0.65396043863616959  0.66491319612977196
  0.67647520238568482  0.68796532124622511  0.69941254770729222  0.71068443504607492
  0.72160377304006962  0.73311584798674567  0.74461161296947465  0.75572760164138597
  0.76623891049798487  0.77665661946901565  0.78705593257548656  0.79679978566650089
  0.80612171538370203  0.81521348640027380  0.82541523210865420  0.83532541750716827
  0.84504343815734773  0.85477463820202326  0.86545832862109584  0.87595174473516713
  0.88593330590906294  0.89545324450938801  0.90541713671387514  0.91579538508708713
  0.92643101323916954  0.93656228551576270  0.94734766865973097  0.95731382402465925
  0.96733240688202249  0.97729544992981887  0.98839622556718154  1.00000000000000000
 -0.00270167057073539  0.01020780575586398  0.02130064506454912  0.03194502789292737
  0.04248676690949666  0.05292428076766693  0.06305687070171757  0.07335354207358318
  0.08193692136524673  0.09155423416771784  0.10090121483684268  0.11137491100137464
  0.12155767289594091  0.13225021983456925  0.14347033284840993  0.15396051107836950
  0.16479992707821967  0.17534318517143177  0.18548881198678435  0.19507396595125798
  0.20418267092162590  0.21369283631138591  0.22348887699316622  0.23325775623701772
  0.24364595744353718  0.25417781270216294  0.26575563717917827  0.27754105737968382
  0.28855720430216303  0.29904819091008328  0.30921486660586839  0.31936172175672656
  0.32935447391221156  0.33908549903035867  0.34876343479751704  0.35883679470256136
  0.36914018032227730  0.38010529188016390  0.39146351542432789  0.40332993023413771
  0.41516056837578535  0.42672044367210737  0.43780234789688832  0.44876915675442691
  0.45916817310162472  0.46947130642803692  0.47947285479493712  0.48989183053843621
  0.50052111001323463  0.51143859341864062  0.52203355322838529  0.53265775481675870
  0.54310138193345847  0.55395990600501399  0.56471947645125919  0.57526045682543980
  0.58556109003015056  0.59476088748428368  0.60426446235078368  0.61414079246854703
  0.62500814174875674  0.63591696844256562  0.64688085111161098  0.65777965965169516
  0.66877582555806658  0.68034736569677701  0.69175699549637093  0.70298093886547297
  0.71386425733509029  0.72462355686610258  0.73562789422672636  0.74662114305625304
  0.75757021831561844  0.76787607961071613  0.77720653197195866  0.78643958023148763
  0.79603063713818389  0.80615950724926599  0.81635656109991805  0.82669269148820734
  0.83760056282078743  0.84885192666230236  0.86011490399739265  0.87081756746397754
  0.88115714694134772  0.89167929137116464  0.90215080238964784  0.91262054957678662
  0.92312599531206352  0.93391798021474770  0.94477977940544899  0.95592695771574243
  0.96721761976703979  0.97853638472134230  0.98947974937423055  1.00000000000000000
  0.00001854860418334  0.00018512537684453  0.00051419867751646  0.00095391051630851
  0.00145074535794412  0.00186582936834497  0.00226427184434065  0.00269001952176425
  0.00312992188340785  0.00357604809667812  0.00402465328655625  0.00447544635232311
  0.00493408670893129  0.00540062458814561  0.00588084046718465  0.00638001452774840
  0.00689183536185607  0.00740656792941062  0.00793336562326334  0.00847085018126967
  0.00901156027320342  0.00956263784346359  0.01012230146964643  0.01067334862040958
  0.01121056998213194  0.01174436890476017  0.01226985500371019  0.01279981453041327
  0.01332726751634218  0.01385123808574507  0.01438731244130691  0.01493281369493380
  0.01547431849059172  0.01603253914482897  0.01659929877750135  0.01717483709499297
  0.01775605342906831  0.01834440058276789  0.01899623457575596  0.01966137618700599
  0.02034960329208134  0.02106402837458195  0.02180524064303451  0.02255700430738284
  0.02330458055684644  0.02403224228022598  0.02475873955528611  0.02549586430768159
  0.02624850120408029  0.02700573371032600  0.02775391713506019  0.02851515286520215
  0.02929392977311194  0.03010905487615786  0.03096792884259251  0.03184882017884266
  0.03278899984178974  0.03370301904632513  0.03463835527580832  0.03563508570786954
  0.03662825814212518  0.03762458313374971  0.03860868269613812  0.03960897281245307
  0.04062679406939025  0.04169697708370822  0.04282859069117764  0.04402964322408687
  0.04527884602667581  0.04666237513315721  0.04812715739857545  0.04971851771851526
  0.05147796474455710  0.05336118973495536  0.05519136556689652  0.05690597078714597
  0.05852510100842797  0.06016713748623592  0.06186596002607499  0.06465925994581322
  0.06796414792845994  0.07100599674368376  0.07409448216938677  0.07709548134548656
  0.08049361124365503  0.08571112892535548  0.09255121126215309  0.09912904825011522
  0.10547376064393385  0.11228337507214342  0.12126012723291807  0.13704317968054899
  0.15244050487750335  0.17508928389694434  0.85472144220143187  1.00000000000000000
 -0.00267272362790593  0.01093929844081182  0.02186260335600647  0.03367226562971418
  0.04550952602305498  0.05815804985229843  0.06997113069611537  0.08137964647219553
  0.09213642644326663  0.10285661013126227  0.11406302482999045  0.12650286198510605
  0.13943529357285886  0.15238316107778399  0.16430797772149938  0.17615436526595898
  0.18716771837737356  0.19772070328178751  0.20822929684997227  0.21954481280301669
  0.23102858482167055  0.24304681380224896  0.25439082557660730  0.26458203590104656
  0.27481359381119391  0.28497744735644459  0.29473694112586957  0.30390261841633293
  0.31409073188209541  0.32583424149976215  0.33730692310544086  0.34716008841185286
  0.35642090305793922  0.36592181788587885  0.37556956230324007  0.38521485593652077
  0.39452994628151972  0.40386749951911188  0.41307267470467790  0.42235058721120505
  0.43187993209472031  0.44194091687738929  0.45229677010001129  0.46229691468626499
  0.47195418163909014  0.48150122484393348  0.49080683887015042  0.49982589501728408
  0.50885082010621718  0.51825531270588909  0.52812111297819853  0.53823196856042621
  0.54828932069234582  0.55829661006435571  0.56826276306871937  0.57814250658448463
  0.58802115203782068  0.59792878430271212  0.60769931779655495  0.61699075037861228
  0.62599591750995365  0.63513963560221853  0.64485644177630808  0.65454529032712094
  0.66382586578133551  0.67310563508567567  0.68238146910663255  0.69192595818848879
  0.70171185025804073  0.71234846338569990  0.72344592061438395  0.73410598006102967
  0.74381192496203608  0.75314070921065035  0.76176632322123905  0.77094076749007445
  0.78014425508572138  0.78981728822696962  0.80027218001841305  0.81050884785116806
  0.82146452878140341  0.83182203537111499  0.84312823588187669  0.85428985934618462
  0.86592310395995298  0.87715065581558693  0.88858484170438523  0.90009153981852696
  0.91226224793433708  0.92435353991894009  0.93660656823896027  0.94959366503637010
  0.96242244704533653  0.97486747745461189  0.98719408336303549  1.00000000000000000
  0.05269495787668464  0.22278716078924515  0.32844245324200960  0.40736523909087713
  0.46900723999826088  0.51951122386375770  0.56177284666135763  0.59797625779339691
  0.62925907839163586  0.65599398514722129  0.67950865838244912  0.70071503694124293
  0.72005015578770071  0.73751275054829057  0.75335747909616757  0.76782796241374529
  0.78106920216335529  0.79328705939145727  0.80468746777077771  0.81547073564169481
  0.82547387199111211  0.83492500477061515  0.84362470835332570  0.85176591411085090
  0.85934856815528782  0.86635245710412878  0.87282153450831190  0.87879498574095283
  0.88437362601462111  0.88974940887991072  0.89492723135636876  0.89974454772270041
  0.90431456606039673  0.90859156157396093  0.91268696298677610  0.91651547780851217
  0.92007870654313950  0.92348295255845625  0.92680217523005104  0.92998756368275726
  0.93307447417656653  0.93605702224942766  0.93890261166996669  0.94148331428407905
  0.94401571612321167  0.94649861995627704  0.94888327889735802  0.95114350787553148
  0.95330930213955001  0.95539129633678965  0.95736291181949384  0.95921880320889785
  0.96097013791688057  0.96263997272549517  0.96426499041675118  0.96582273743832647
  0.96735594930687618  0.96882969086187509  0.97027507856098760  0.97172198737120652
  0.97309927011699782  0.97442054630505226  0.97568678677764020  0.97689318851133677
  0.97804431449856066  0.97914858720310194  0.98021255210924230  0.98118319971783052
  0.98209456771500514  0.98296674542692830  0.98381368418090964  0.98463824731346283
  0.98544267253007256  0.98622349276639243  0.98696099935525050  0.98767971587102177
  0.98838349547411386  0.98906348538296995  0.98973735808392982  0.99041011567452419
  0.99106113323369227  0.99168272371181643  0.99230457139626993  0.99290688925696913
  0.99348522480799584  0.99404354550819052  0.99460328648540453  0.99515758260905696
  0.99569676825144127  0.99622081186707490  0.99674568789837215  0.99728559773396641
  0.99784593136504429  0.99844780194161487  0.99914991577618395  1.00000000000000000
 -0.02218152296857734  0.10725691993807772  0.14617843972203984  0.17208906979973149
  0.19266304506366155  0.20961228314017158  0.22502493802841556  0.23868407677068665
  0.25095903059939673  0.26230726098776203  0.27344556422840632  0.28336416999309372
  0.29343057474049100  0.30292776631765844  0.31285192998117278  0.32232601431118990
  0.33168902710991355  0.34052306927062004  0.34860749430854693  0.35658672739870878
  0.36428824673187638  0.37212516826412478  0.37913151773527659  0.38579143666502269
  0.39257397557779278  0.39932103655360274  0.40628440695475970  0.41317299025505555
  0.42000019827320029  0.42650642253502802  0.43294566481854341  0.43959195925523786
  0.44648060854273591  0.45324263434948320  0.45959047953202059  0.46563911374304018
  0.47162925645852793  0.47730808201475672  0.48322762884150894  0.48945961392910570
  0.49578197878196245  0.50248321549284547  0.50873159739769303  0.51488012921256976
  0.52073932093464714  0.52619108328351272  0.53145751214648584  0.53694736566964274
  0.54239286994465929  0.54791765741137344  0.55380259855307501  0.55974600396264274
  0.56560538974550412  0.57162325969195094  0.57766854195202533  0.58380240299753527
  0.58998975134809895  0.59618758800138061  0.60235956078273656  0.60837605480900847
  0.61426601241358880  0.62020838221190677  0.62641745305958918  0.63274362485218982
  0.63895880679242256  0.64495192433331106  0.65080522680189390  0.65687939949774432
  0.66326124923628116  0.66995320105797840  0.67659435354470698  0.68320802999569263
  0.68990119381417714  0.69703185044463245  0.70440112290732537  0.71173423081980125
  0.71904479597212656  0.72628628219575997  0.73324375773570316  0.74006769981783982
  0.74710591121687697  0.75451951214985968  0.76213767020280954  0.76988942374518876
  0.77791605664804164  0.78633656382031381  0.79529896716673520  0.80497682487931899
  0.81539985107630064  0.82648350118647651  0.83841353859035583  0.85174299759715089
  0.86728444384674863  0.88724629566901514  0.91952376035132422  1.00000000000000000
   1.1973943667479948E-009  -1.0000000000000000     
 F F F F F F F F F F F F F F F F F F F F F F F F F F F F F F F F F F F F F F F F F F F F F F F F F F F F F F F F F F F F F F F F F F F F F F F F F F F F F F F F F F F F F F F F F F F F F F F F F F F F F F F F F F F F F F F F F F F F F F F F F F F F F F F F
  <DiscreteSampler_grid>
  grouped_processes
  1 # 1 for a reference and 2 for a running grid.
  10 # Attribute 'min_bin_probing_points' of the grid.
  1 # Attribute 'grid_mode' of the grid. 1=='default',2=='initialization'
  0.0000000000000000 # Attribute 'small_contrib_threshold' of the grid.
  0.5000000000000000 # Attribute 'damping_power' of the grid.
 # binID   n_entries weight   weight_sqr   abs_weight
    10   10   1.488461224994946E+004   2.128146735023342E+009   1.488461224994946E+004
  </DiscreteSampler_grid>
