  0.00872708970570804  0.01810157988013093  0.03062862634488923  0.04290320023536717
  0.05339446384175751  0.06343144821812159  0.07324252065610184  0.08322851216515843
  0.09412033129624221  0.10510745636136498  0.11647672232163953  0.12755228438595964
  0.13822162338918254  0.14849054005970586  0.15890346964615101  0.16953180804443191
  0.18033085964628495  0.19080538040882983  0.20106222463905887  0.21136416238307115
  0.22143200682487615  0.23127934350422993  0.24135112266298200  0.25187251266936356
  0.26307340939879681  0.27424538943669280  0.28523862618047163  0.29601866718610159
  0.30647802613117164  0.31732760145671496  0.32787882375317084  0.33859635299270197
  0.34933279315937593  0.35944595245227640  0.36953542909983511  0.37944703115844869
  0.39053837604028102  0.40177802587165518  0.41311949307611900  0.42394625232267463
  0.43474778199881448  0.44507664074651393  0.45564756708373200  0.46639011484541626
  0.47732929305372307  0.48815962901952087  0.49887589686731854  0.50933420342403990
  0.51969447305019167  0.52979607875439916  0.53995467815069531  0.54931741739692774
  0.55862766097038685  0.56810293317770733  0.57821806202817128  0.58869802911158386
  0.59901517343257360  0.60978056168369665  0.62070132240018150  0.63133134512624955
  0.64177153952872923  0.65237120055230780  0.66287550318264821  0.67304039431948082
  0.68290674945017438  0.69266805782234364  0.70252265129548019  0.71239532384544191
  0.72199033607140384  0.73150180693800437  0.74098016172549785  0.75093459102767179
  0.76148153808117358  0.77234745580894237  0.78340694071283756  0.79429783659259179
  0.80465982292832983  0.81450766689815901  0.82407282734300280  0.83375691359843895
  0.84355663986744522  0.85390323000597912  0.86502635602080880  0.87619576809741861
  0.88747990653758058  0.89893789522196843  0.91051096572888568  0.92117304509956111
  0.93113548750290986  0.94100220168369586  0.95014592901828776  0.95895325620602645
  0.96836869330040032  0.97740661783942528  0.98881995410959034  1.00000000000000000
  0.00000250513231658  0.00000272951327547  0.00000286967684159  0.00000297867078856
  0.00000309139393425  0.00000321731802690  0.00000334541046853  0.00000346937058268
  0.00000359958555197  0.00000374521276748  0.00000392836775034  0.00000411775241010
  0.00000431812415144  0.00000452515846014  0.00000474809807491  0.00000499835372588
  0.00000526804294307  0.00000554258052292  0.00000580797496672  0.00000609278026955
  0.00000640932075734  0.00000674679021698  0.00000712036632753  0.00000750263248236
  0.00000790867888297  0.00000838577507010  0.00000887600051964  0.00000936336667036
  0.00000985222656388  0.00001036195892744  0.00001088708783705  0.00001144641828192
  0.00001210180017666  0.00001282253416868  0.00001355026576185  0.00001430050570272
  0.00001511000985042  0.00001595988039771  0.00001682602869334  0.00001773412704045
  0.00001871202672181  0.00001973747327281  0.00002081397265578  0.00002199325470238
  0.00002322857112967  0.00002453721521222  0.00002590363815729  0.00002726071354524
  0.00002858739414621  0.00002995506620743  0.00003142285576523  0.00003303052191095
  0.00003476481938118  0.00003657884262519  0.00003844574581083  0.00004038180441890
  0.00004248402206989  0.00004489922260398  0.00004753808343431  0.00005033871583499
  0.00005324617604159  0.00005620282188162  0.00005926159159081  0.00006256622770989
  0.00006623774657531  0.00007031394235405  0.00007479377546901  0.00007942323757791
  0.00008437678303008  0.00008963327370789  0.00009551099947367  0.00010182660846137
  0.00010902869837707  0.00011702276083718  0.00012618778752289  0.00013617024533140
  0.00014670894498346  0.00015818039174905  0.00017173870855897  0.00018728831772250
  0.00020446543996702  0.00022463341264764  0.00025093174226027  0.00028290241845363
  0.00031968073876386  0.00036604148741079  0.00042536624520883  0.00050290950693052
  0.00061210744673452  0.00078398643292478  0.00107303566303302  0.00161962134054642
  0.00337128563670660  0.07886463336607241  0.45547702225322362  1.00000000000000000
  0.00000236036502460  0.00000263001298666  0.00000289533590612  0.00000316914153616
  0.00000344700426502  0.00000371989433040  0.00000399525254711  0.00000429015645450
  0.00000461407814189  0.00000495418539934  0.00000531581757760  0.00000571413155729
  0.00000614870893676  0.00000658395316086  0.00000704345868728  0.00000750518070133
  0.00000799242482541  0.00000850820868985  0.00000903109000565  0.00000957486996723
  0.00001014687203079  0.00001074059024939  0.00001135022386394  0.00001197838447136
  0.00001263021907870  0.00001330405262938  0.00001401018959700  0.00001476403762242
  0.00001554621304149  0.00001641303756455  0.00001732936145977  0.00001828459318879
  0.00001927469415073  0.00002030601423714  0.00002139768475097  0.00002252975745245
  0.00002367363048168  0.00002471696562448  0.00002577326898015  0.00002685798582891
  0.00002801870053147  0.00002922504691294  0.00003047415166549  0.00003176508867312
  0.00003311765818105  0.00003451567692599  0.00003603983503042  0.00003777643239382
  0.00003953923964702  0.00004130531346273  0.00004316586993466  0.00004521325978845
  0.00004715746318233  0.00004950732106168  0.00005189555108507  0.00005425616858145
  0.00005662058030217  0.00005903945074797  0.00006154126168168  0.00006435888461765
  0.00006764017444859  0.00007117454114823  0.00007476077315927  0.00007848548025907
  0.00008240871304432  0.00008663556738431  0.00009163167383786  0.00009734829731530
  0.00010344187999287  0.00011008209853286  0.00011733650769051  0.00012493217214170
  0.00013284202257469  0.00014141018616467  0.00015048556628836  0.00016068110991402
  0.00017149315535868  0.00018287630087195  0.00019577951300576  0.00021108341391423
  0.00023068011631523  0.00025456185884260  0.00028115835384679  0.00031018978646645
  0.00034254243239797  0.00037967545963752  0.00043009629418186  0.00049518628253981
  0.00058193756384292  0.00069900350101134  0.00089190632846628  0.00121758976831493
  0.00184170516625350  0.00403775087315296  0.24790995904879271  1.00000000000000000
 -0.00237428541541087  0.00921621272861330  0.01925193695289606  0.02796423207698433
  0.03716590529283705  0.04756814066382718  0.05843892766474244  0.06869770006702069
  0.07893248593455793  0.08982952979256749  0.10159751627427897  0.11237797249043148
  0.12245246218074077  0.13291601780935294  0.14308359851002600  0.15293479602941193
  0.16252115849931417  0.17264921461378918  0.18319195271663086  0.19353446211983291
  0.20350844780902613  0.21355615675206421  0.22373405649437303  0.23409313406576904
  0.24433865449544986  0.25442823518344237  0.26447187783026233  0.27457213633896810
  0.28473237475239027  0.29477363304355692  0.30497593496521314  0.31581594386370632
  0.32689342240231400  0.33762347965840522  0.34809341581365627  0.35892579550772846
  0.37013544357021211  0.38102742091033065  0.39157447390485511  0.40188342875340061
  0.41264177766845822  0.42395563063706182  0.43573200474429052  0.44672669367137019
  0.45692131715472933  0.46734567850731401  0.47825873251945999  0.48944392806999421
  0.50057311006775973  0.51139090485652550  0.52174406571380538  0.53161509778602678
  0.54151931172418499  0.55177472259263605  0.56281282288663481  0.57440934181627090
  0.58637424591130005  0.59772087002074614  0.60805866204801950  0.61785172863267968
  0.62755114809273982  0.63746330182349564  0.64809875613815926  0.65904848382802816
  0.67013489908487223  0.68099506094070550  0.69150365376577050  0.70143094823615904
  0.71123817635414976  0.72097610253283018  0.73099153381545545  0.74152114670411928
  0.75231215867107259  0.76327213594536014  0.77425087109061230  0.78509662752764831
  0.79592311307257690  0.80674998990126801  0.81730582083294068  0.82732378484617575
  0.83728378442627249  0.84749502676166366  0.85764042583673161  0.86775594443623538
  0.87829662084131610  0.88958709386805912  0.90081598944170771  0.91205440372094615
  0.92284320753531834  0.93353310129092981  0.94440090706163127  0.95565313288302300
  0.96651360579728673  0.97727992761062166  0.98842346575898021  1.00000000000000000
 -0.00262076592767887  0.00981836638048452  0.02053614921379975  0.03129969454083054
  0.04225718215589182  0.05304847384012622  0.06438073378915098  0.07608273136873418
  0.08760283436143396  0.09895837402215013  0.11001109687431553  0.12078850200640605
  0.13146281122644826  0.14235125394775050  0.15304078430648946  0.16417824665054898
  0.17445044819129193  0.18461983660503228  0.19451366818677851  0.20443228566092581
  0.21575685550979984  0.22722897125710309  0.23821254521547833  0.24870554727514452
  0.25892180501267015  0.26876761744651390  0.27877452286072124  0.28862454677380484
  0.29915654718632301  0.31002220899043059  0.32086345840671748  0.33140730910187760
  0.34170281767171573  0.35210219492013156  0.36215063281905779  0.37165950479166232
  0.38133217528016472  0.39146878119503492  0.40204289578918218  0.41276356016450194
  0.42406470941004570  0.43562661615241410  0.44695242440325295  0.45798604363566703
  0.46898442824115283  0.47980700095731305  0.49062217516230605  0.50151340895511398
  0.51264994755078230  0.52381355104249316  0.53474594352628346  0.54550824375066331
  0.55623466081596640  0.56704691408525032  0.57797688531718527  0.58899127788048844
  0.59970091823842187  0.61009257011827878  0.62029122821066884  0.63063336706153528
  0.64124738387656499  0.65215741851130882  0.66307523562061277  0.67317882218212155
  0.68268101685950244  0.69217478112573627  0.70154648267342046  0.71138380068225271
  0.72081319155994661  0.73094207379063836  0.74173236672997811  0.75318061333892272
  0.76502812993386904  0.77657068415684993  0.78760964857155058  0.79807046291286288
  0.80850014101896117  0.81961774105758434  0.83050346061347757  0.83980810007343420
  0.84798374192004600  0.85697096908751613  0.86672258129419866  0.87629477955290047
  0.88559201661434950  0.89502873399177363  0.90554859826180334  0.91624305457704525
  0.92695716562716657  0.93745443429406783  0.94765735450662436  0.95769599114694814
  0.96798496779885490  0.97831355622983329  0.98926458698119246  1.00000000000000000
 -0.00268271269933520  0.00986757184962721  0.02129684143788870  0.03221633220165240
  0.04357731403008349  0.05517317361568617  0.06646975908395668  0.07734092393374820
  0.08765199981663985  0.09792527211524550  0.10828311282253740  0.11868140656879309
  0.12889034759106593  0.13894484618108505  0.14908582195329489  0.15937693211886064
  0.16987978833807288  0.18056911157323743  0.19122892991085683  0.20182154633788191
  0.21238527657613085  0.22297832116975896  0.23369163883058874  0.24383415956056223
  0.25362957918181261  0.26367877851471916  0.27372439942646432  0.28403158122084254
  0.29510730362694659  0.30688841948001977  0.31848065216294225  0.32899962894332513
  0.33867821231981654  0.34837936763268540  0.35877251408512872  0.36937776272065642
  0.38042213889623033  0.39187412882294870  0.40201875152074101  0.41134367662506921
  0.42107043863466542  0.43103564583858078  0.44052479386267429  0.44956667940963291
  0.45894977586942326  0.46946979058278848  0.48040432143775413  0.49153241042683066
  0.50299701306887390  0.51410577883188169  0.52541875252854353  0.53665032474479935
  0.54767498436533935  0.55831942260238721  0.56927981048427823  0.58063462218866790
  0.59207206224028230  0.60322006029163511  0.61402055284767276  0.62458982956699605
  0.63503820958168844  0.64553476740418148  0.65623744284286123  0.66715574923520493
  0.67836084332105473  0.68941343660055410  0.70017205549850181  0.71029974846637678
  0.72013185854753869  0.73029180714915520  0.74083460328031869  0.75143592803440440
  0.76155807084631688  0.77129109200622525  0.78087668380305442  0.79057060450822481
  0.80090700251654956  0.81202896960102122  0.82323288928627625  0.83425214589290919
  0.84499307366432708  0.85479911287505250  0.86418729944054706  0.87374229123854208
  0.88367734678869669  0.89450455750212310  0.90495393666268908  0.91591358331705597
  0.92651035883173238  0.93721290900389620  0.94804815481070270  0.95861274187898116
  0.96893281934975917  0.97931866357662845  0.98969773855880905  1.00000000000000000
 -0.00000257449030205  0.00019680125390220  0.00053485265478797  0.00100832234375110
  0.00163609705712631  0.00221840435441138  0.00270155029499998  0.00323757047268882
  0.00379851324753182  0.00437837144450745  0.00496892675802267  0.00556297241403691
  0.00616539811187376  0.00677986830999216  0.00741065315914502  0.00803205082485258
  0.00865727767443730  0.00928092318138122  0.00990280967924267  0.01052707560402455
  0.01116008694321597  0.01180010875350511  0.01244167855119193  0.01309521177725709
  0.01376267389384498  0.01444490501637891  0.01513868874781337  0.01582308623020122
  0.01652520378009251  0.01723939872202628  0.01796162278928722  0.01868066881535267
  0.01941542303093132  0.02017086385579586  0.02093048645750045  0.02167997378766187
  0.02240815328223836  0.02311367512977938  0.02386959869863828  0.02463298961920964
  0.02540076084174614  0.02616508097044046  0.02690401954764216  0.02762365480428593
  0.02833108246810805  0.02905511503916605  0.02983169604147227  0.03063170170569960
  0.03149247564932431  0.03233937511697590  0.03329915733572477  0.03425204029169002
  0.03523643818356580  0.03632191971412434  0.03733776624254204  0.03827594055600294
  0.03923309753510758  0.04021514804290009  0.04126414059613661  0.04244593204012206
  0.04372597114113681  0.04510754479160409  0.04652689627472336  0.04779806426966707
  0.04920826492114010  0.05063490016027743  0.05207991327181196  0.05346001128674899
  0.05486622927009301  0.05633659385572917  0.05768808934685190  0.05907709779439607
  0.06050778110516390  0.06212501412015944  0.06421562766273388  0.06643294315057799
  0.06840742653429388  0.07021521854751440  0.07202518394184029  0.07368769769757526
  0.07567064130722198  0.07794167937109800  0.08049276979479672  0.08424149551756550
  0.08889717087438094  0.09355327554306388  0.09821395030649516  0.10303410221638398
  0.10884016167850952  0.11698846090657444  0.12491187506886525  0.13344828564987535
  0.15512055403136940  0.18081074890637525  0.23117766869603915  1.00000000000000000
 -0.00252386086409943  0.01022525054268145  0.02188166413775377  0.03455708242769453
  0.04819721345546469  0.06189311661113301  0.07528815762740125  0.08795473520315014
  0.10047584049083032  0.11239692910377690  0.12407717737565852  0.13644229677921474
  0.14923613341179937  0.16152941579468927  0.17319943933023735  0.18522155845442534
  0.19719979926685147  0.20927032125566020  0.22032686595212689  0.23120897257675974
  0.24187834324758853  0.25278933633948542  0.26395240609142728  0.27531353642966500
  0.28641790071749584  0.29680510549131756  0.30659398526160303  0.31646611508864614
  0.32663986251734745  0.33690762714306532  0.34745502788828964  0.35734159595987042
  0.36724271184748619  0.37713106802015156  0.38695173089250667  0.39690312117386883
  0.40732586388109987  0.41746498165092749  0.42778870422303450  0.43762996444326374
  0.44805730315146702  0.45832381143133410  0.46756917130809916  0.47669392203730448
  0.48582391424857624  0.49540315996317702  0.50574392013522773  0.51617925305485435
  0.52651015383587829  0.53672925433237828  0.54677443332318754  0.55671290341787716
  0.56634061561116367  0.57548052519409754  0.58438200770380855  0.59331538250802529
  0.60255644282292609  0.61211890278324388  0.62154763508379307  0.63078095496178321
  0.63988250731623719  0.64905229329756675  0.65839095514877122  0.66786315163759036
  0.67737747175864405  0.68646593721961080  0.69603976840004889  0.70590074833733463
  0.71592327246076382  0.72561783156111848  0.73507866262077748  0.74447678851061372
  0.75336456868415869  0.76239025743425592  0.77212605567472004  0.78307118422561872
  0.79423392534759518  0.80489774778012346  0.81554449212440971  0.82646789766741846
  0.83628912732416494  0.84488999676627463  0.85429504440834858  0.86418921985029185
  0.87403217506672726  0.88391097323675039  0.89376259183866380  0.90532542748860390
  0.91837235769437131  0.93093702652685362  0.94283723755296878  0.95403167982535109
  0.96560876498490933  0.97701993288366451  0.98882346255602616  1.00000000000000000
  0.01237849887101658  0.18754807117772665  0.29863612847205612  0.38374566421839634
  0.44808153895047537  0.50150424985858244  0.54728777274982399  0.58579980740023430
  0.61884431909458226  0.64726541983037933  0.67199169713480855  0.69414078816922420
  0.71416102481352861  0.73189697283741906  0.74831043242328421  0.76342110828162990
  0.77709838524780150  0.78966651789843789  0.80133104676468980  0.81211958146421115
  0.82211760007889056  0.83158420288767998  0.84048327187010885  0.84878964595557116
  0.85659908844411092  0.86386631216207777  0.87063351648801157  0.87698378738937977
  0.88309534737862161  0.88899374472286519  0.89451217702720742  0.89955145609694176
  0.90427611457986501  0.90882122846848612  0.91323859683913111  0.91723434250718505
  0.92084303897924502  0.92429192737179566  0.92759994222730624  0.93077009167773050
  0.93380455606931412  0.93667035838356194  0.93941112867664522  0.94190733295741791
  0.94436278225009251  0.94679032472864777  0.94914627679549013  0.95140793828951342
  0.95357477041895089  0.95564935327613987  0.95759493523675310  0.95940103387959919
  0.96110040332258251  0.96271358550297526  0.96428823676366415  0.96583576103830704
  0.96733252498005629  0.96876330882706163  0.97014128585355774  0.97146732068551400
  0.97275238008916842  0.97398746308110207  0.97516960077247072  0.97632805000167300
  0.97746601832530855  0.97856386436921527  0.97962675967211688  0.98066686354434396
  0.98161846872540670  0.98255217509270565  0.98346471561820037  0.98436062639974720
  0.98522853710968228  0.98604827643782045  0.98683348054991471  0.98757484995692302
  0.98829195377659274  0.98898760508097128  0.98968034741251376  0.99036686699920262
  0.99102204125490234  0.99164728131556801  0.99223971679667755  0.99282643559628458
  0.99340040754395065  0.99395595616708843  0.99451059642458151  0.99506079547181614
  0.99560802423941119  0.99615231800602844  0.99669293408013537  0.99723167102574128
  0.99780578744868043  0.99843456674448938  0.99915897330696635  1.00000000000000000
 -0.02145500845048206  0.10523412173859495  0.14448689139473017  0.16910327487400451
  0.18861170637974900  0.20646358239072660  0.22198874638185775  0.23607500465959225
  0.24929046301420871  0.26252289228057274  0.27421961970921666  0.28393356675796438
  0.29329825303514645  0.30267877720615310  0.31214787107778735  0.32112532743795119
  0.32957762567661297  0.33789463952352239  0.34590833668993565  0.35386658419152606
  0.36173594536836473  0.36965783981133360  0.37758347860438746  0.38538372032944196
  0.39286710458397728  0.40021333955655969  0.40742401213871771  0.41423805560669463
  0.42048533745836419  0.42614245897791003  0.43191425160399449  0.43747191809688618
  0.44348692823474462  0.44967630365524919  0.45644905151154258  0.46322384089953855
  0.46983379549534460  0.47646410503724695  0.48315479055531496  0.48992751872125212
  0.49654281474235518  0.50272392686007250  0.50847649998318223  0.51399765241491480
  0.51956641655797253  0.52509867229091722  0.53088466110718435  0.53683964472545198
  0.54290831477214740  0.54895871145613540  0.55485791480942970  0.56077504693581148
  0.56685704635956413  0.57313123225198837  0.57923167892162486  0.58540402652868651
  0.59163684107951930  0.59805754745087747  0.60440310853351875  0.61068643930432365
  0.61703779578368956  0.62341825769694925  0.62965043231011164  0.63570385028754528
  0.64167161568645315  0.64781985764226624  0.65415142001214543  0.66051075098724088
  0.66700966117057769  0.67373416695126098  0.68065188447176306  0.68771142757052617
  0.69487448907854954  0.70219327616193072  0.70917668836217373  0.71585315097308666
  0.72260449476492150  0.72956118463009101  0.73691902883084459  0.74447106651996842
  0.75210096434764562  0.75971397524534234  0.76736618409293378  0.77514107520216879
  0.78335025939758018  0.79205137069199560  0.80114088176327602  0.81057300393349951
  0.82029386746051891  0.83078151242147880  0.84251444833123179  0.85568565925114648
  0.87079765709662849  0.88967681386830155  0.91970609048549623  1.00000000000000000
   1.1581144617612512E-009  -1.0000000000000000     
 F F F F F F F F F F F F F F F F F F F F F F F F F F F F F F F F F F F F F F F F F F F F F F F F F F F F F F F F F F F F F F F F F F F F F F F F F F F F F F F F F F F F F F F F F F F F F F F F F F F F F F F F F F F F F F F F F F F F F F F F F F F F F F F F
  <DiscreteSampler_grid>
  grouped_processes
  1 # 1 for a reference and 2 for a running grid.
  10 # Attribute 'min_bin_probing_points' of the grid.
  1 # Attribute 'grid_mode' of the grid. 1=='default',2=='initialization'
  0.0000000000000000 # Attribute 'small_contrib_threshold' of the grid.
  0.5000000000000000 # Attribute 'damping_power' of the grid.
 # binID   n_entries weight   weight_sqr   abs_weight
    10   10   1.097970480661389E+004   9.978715025856940E+008   1.097970480661389E+004
  </DiscreteSampler_grid>
