  0.00930069038344031  0.01717461490508154  0.02745070083570934  0.03810644439333043
  0.04822073663858873  0.05869856978330916  0.06954081505457639  0.08029639842791661
  0.09087219706236122  0.10140472261181292  0.11228362611693143  0.12375710029278171
  0.13513161315800598  0.14582328821336857  0.15611494972830484  0.16642371459391256
  0.17717408651239475  0.18842100718062857  0.19965162805308684  0.21080408110717147
  0.22170916896572412  0.23257021889739504  0.24327416665457563  0.25408137673018716
  0.26489135647018580  0.27491708301695528  0.28372648237789011  0.29248402266897516
  0.30149365582531312  0.31154436036422067  0.32161915650563677  0.33149370879345058
  0.34128547098316703  0.35108509850702696  0.36138539538847914  0.37201329156688040
  0.38203544905589776  0.39181359597676824  0.40167952674292057  0.41314897233378417
  0.42468538842545572  0.43526641651272008  0.44573371390843958  0.45607319054376133
  0.46624587103503490  0.47637752446290021  0.48682343714056558  0.49752440660302472
  0.50830234911277783  0.51897895617098255  0.52934331121245703  0.53932880996179455
  0.54905665578444629  0.55887961972007449  0.56909093401592326  0.57952217336390222
  0.58998180745454687  0.60027449077586525  0.61032548207985593  0.62016818831248544
  0.63016241528933936  0.64076544312637818  0.65214707190965027  0.66405541547934976
  0.67577095331877990  0.68701969198805313  0.69783018499313354  0.70853888341232552
  0.71926375502279005  0.73027465725818397  0.74079172851156583  0.75133383339348458
  0.76184658085012691  0.77256758161999273  0.78336900933389342  0.79441660514702006
  0.80552368511251204  0.81671409970373321  0.82763105504970458  0.83856024900133586
  0.84941775721732871  0.86003724937233361  0.86993746273289196  0.87939747872799912
  0.88898990215982165  0.89936062798091676  0.90979549610708521  0.92002790730908246
  0.93023295287592589  0.94092394669380552  0.95155797603546088  0.96281861585538542
  0.97266970293857702  0.98248683242374013  0.99108343622056572  1.00000000000000000
  0.00000263573627486  0.00000271391245497  0.00000277780573693  0.00000286576882811
  0.00000295622545970  0.00000305501978682  0.00000317185321022  0.00000331506184076
  0.00000347267510142  0.00000362718912676  0.00000378798969802  0.00000396273381420
  0.00000415619558256  0.00000437642766565  0.00000462291770048  0.00000489008281254
  0.00000517290344744  0.00000546961022344  0.00000578650793426  0.00000612363189990
  0.00000648373788172  0.00000687282386682  0.00000728737952449  0.00000772161859766
  0.00000818716438421  0.00000874533775585  0.00000923534062526  0.00000979397068842
  0.00001036525037801  0.00001094437294935  0.00001156690950551  0.00001225639605589
  0.00001301738607298  0.00001384106018508  0.00001467883966671  0.00001550695124292
  0.00001636362453471  0.00001725880504501  0.00001819303005673  0.00001925091038364
  0.00002039771859776  0.00002156492163634  0.00002275095102224  0.00002393405864844
  0.00002512725086522  0.00002636329806830  0.00002767465355165  0.00002918153320644
  0.00003082933242907  0.00003251003429556  0.00003421659411378  0.00003603420440623
  0.00003805793590858  0.00004029297160042  0.00004269033135992  0.00004533360222263
  0.00004813076731927  0.00005099754501071  0.00005395867153587  0.00005704490407153
  0.00006038525306668  0.00006405238659583  0.00006795999119402  0.00007219912607884
  0.00007684450723316  0.00008197585814290  0.00008763409925780  0.00009374873383262
  0.00010031481729261  0.00010736196927472  0.00011507683804955  0.00012404177194002
  0.00013401686955864  0.00014515487329801  0.00015717725404351  0.00017044910446090
  0.00018453335185285  0.00020084277524339  0.00021922608160570  0.00024139237513887
  0.00026720383774966  0.00029932749478610  0.00033922518251842  0.00038502296560397
  0.00044058079446115  0.00051728336572485  0.00062393173983644  0.00079376008383376
  0.00102460328586356  0.00140103761501186  0.00215109508547942  0.00354091703107289
  0.00813421512935629  0.03898097251521469  0.24642202571366684  1.00000000000000000
  0.00000232777425189  0.00000267273471241  0.00000295302383608  0.00000322374764259
  0.00000348942028153  0.00000376616889812  0.00000406901410783  0.00000441451089406
  0.00000480355114245  0.00000521650649662  0.00000565802187561  0.00000612821600911
  0.00000661454993387  0.00000712396662568  0.00000764259399865  0.00000816487291352
  0.00000869156347174  0.00000922949345702  0.00000978320154930  0.00001035736999552
  0.00001093916385996  0.00001154127147362  0.00001216549485735  0.00001283155347153
  0.00001355233787752  0.00001428153047407  0.00001501800434172  0.00001577500157975
  0.00001656781467925  0.00001743538270332  0.00001834998622637  0.00001928825652750
  0.00002025998332925  0.00002126620523488  0.00002229206602648  0.00002333277038133
  0.00002440949842668  0.00002551367945139  0.00002667112861767  0.00002785752544926
  0.00002898427000175  0.00003027185634613  0.00003164220839655  0.00003304347054072
  0.00003451680394098  0.00003611910037205  0.00003785748861227  0.00003969034029488
  0.00004151196747485  0.00004362056104548  0.00004571814191196  0.00004792402476275
  0.00005029925902290  0.00005281902688393  0.00005544258328993  0.00005830463459025
  0.00006139970285648  0.00006449733903937  0.00006768083181697  0.00007108022055426
  0.00007476978217225  0.00007882147540363  0.00008314400032394  0.00008783098818569
  0.00009278537603250  0.00009793007865021  0.00010317227668737  0.00010851263046984
  0.00011436111999466  0.00012070245838487  0.00012757460717782  0.00013556773298435
  0.00014472452870303  0.00015479440895435  0.00016614937767466  0.00017945122707179
  0.00019500484113291  0.00021312295984203  0.00023457191584281  0.00025894295633784
  0.00028566566427704  0.00031677812577457  0.00035407518669660  0.00040060669804219
  0.00045717035210029  0.00052186662778738  0.00060241179393906  0.00070509680027144
  0.00085843256794459  0.00106388855021550  0.00137443275524912  0.00203847719232064
  0.00357710311517336  0.00719337457997165  0.55536358236309025  1.00000000000000000
 -0.00270547014126621  0.01018116575969869  0.02115354799476407  0.03228192623842797
  0.04409594839629720  0.05593119424406819  0.06765433650654537  0.07934563908087146
  0.09124940155997774  0.10289502075010766  0.11390916078532620  0.12446665517839468
  0.13494961927045179  0.14550244862704570  0.15638725443822560  0.16745780448940900
  0.17875555344065638  0.19009632073964558  0.20134445440929619  0.21244690720782342
  0.22305044468253635  0.23307154162724941  0.24321027041378546  0.25333574163849737
  0.26303161142552550  0.27256153580578724  0.28237393704537661  0.29268292230564391
  0.30322222756792866  0.31357032564683496  0.32383270129289826  0.33415783965806489
  0.34471534173199281  0.35474804034737456  0.36457290592330804  0.37409624913111411
  0.38302725156157613  0.39207542586875432  0.40096798870512296  0.41097899769550367
  0.42216325306105118  0.43310708136302084  0.44391747561657935  0.45477945866406794
  0.46547984326450981  0.47618078942065994  0.48639906311435549  0.49594663931747823
  0.50527608688113590  0.51394245295128826  0.52280317387006658  0.53227487987647826
  0.54201674202918115  0.55306168143643153  0.56432702143284708  0.57549313227150145
  0.58664631400397216  0.59765861099245454  0.60896509318726755  0.62016297438604440
  0.63142185246289761  0.64273263712207884  0.65423178962961892  0.66516979091566031
  0.67537018519873315  0.68538747579991988  0.69520276948447834  0.70453950311886337
  0.71363549712071106  0.72233587065906490  0.73119920450079334  0.74036588099784573
  0.75049287708414492  0.76170661553587515  0.77230169996385001  0.78233719465395302
  0.79200535759537793  0.80166259324004974  0.81175661580185876  0.82226798996053496
  0.83334362882793345  0.84499547267884889  0.85677293088789841  0.86838074070186699
  0.87976322886159997  0.89108748711836894  0.90260464521049677  0.91428578203380106
  0.92589913200197826  0.93698218525788435  0.94802147509068890  0.95862057425909875
  0.96904071402630354  0.97948075656302980  0.98967044449677366  1.00000000000000000
 -0.00263675920235104  0.00974930892322538  0.02074518759324153  0.03150847458831316
  0.04241202995203484  0.05287294065014717  0.06302486999481788  0.07324482026484613
  0.08335569130011249  0.09407845329395639  0.10444629101936795  0.11470665255537010
  0.12468746407368328  0.13452194674146647  0.14428316454080109  0.15406876899361982
  0.16402495102636308  0.17407292814832295  0.18404382476505457  0.19421633716071560
  0.20473566105278510  0.21583945862311574  0.22697795741533933  0.23788058651748581
  0.24891625642110832  0.26019078948439595  0.27143432518624355  0.28217955739869982
  0.29236615847399855  0.30286204551000367  0.31346038197802734  0.32445101206132054
  0.33522266833919423  0.34602092744624080  0.35676759353002618  0.36723197352344300
  0.37818229654299168  0.38938007288136200  0.40077799298368949  0.41162217047173638
  0.42260972081812298  0.43363655488648056  0.44431610770723251  0.45513661618573559
  0.46556738029693423  0.47559353094509277  0.48534763960359023  0.49549161043973022
  0.50575419253800413  0.51633551791861365  0.52727975018969109  0.53889711943207685
  0.55060816725582529  0.56176023554990140  0.57283068779548230  0.58194262606460090
  0.59135787190400879  0.60068597720696315  0.61075950216338493  0.62154862808426159
  0.63212406791528342  0.64333164771818652  0.65493520975561548  0.66691305679049018
  0.67884297740290067  0.69025925700566837  0.70148149622586575  0.71207137020906852
  0.72289757332140647  0.73294903746075901  0.74186221140926900  0.75093826850587497
  0.76013272377317664  0.77164533011791248  0.78324507758055839  0.79358404762559576
  0.80272654682343025  0.81188576571236482  0.82082239079454211  0.83114376351324915
  0.84215061713148254  0.85353775343492222  0.86507012257208371  0.87690010670738383
  0.88838859344492394  0.89930456829559813  0.90988754496582158  0.92028989995006005
  0.93099155508795861  0.94227268692708810  0.95304777643310112  0.96359509829530499
  0.97224263989182536  0.98112610509891851  0.99026117085475385  1.00000000000000000
 -0.00244993436044939  0.00924916990059861  0.01909230946603366  0.02999032359643282
  0.03952884732817735  0.04795511085307164  0.05644385582407298  0.06567046192224804
  0.07682006415281548  0.08751137079340379  0.09690900048039731  0.10623263063473104
  0.11575378954167340  0.12492808273198250  0.13392097883252024  0.14301001115725803
  0.15278588753619596  0.16303167951417838  0.17347449638927354  0.18408311794680249
  0.19472241430186721  0.20537099050350166  0.21622787068399063  0.22699939180396383
  0.23743841034436206  0.24788823557264908  0.25883677790861703  0.27041941963812033
  0.28209504844061867  0.29315295182411771  0.30384093735409140  0.31461342497319361
  0.32586159942183002  0.33739829217662554  0.34886191560140922  0.36005317354829697
  0.37083744775634170  0.38119877525235885  0.39122245585222032  0.40130055630403200
  0.41136110377380081  0.42170805081316914  0.43222488766926770  0.44334910048714637
  0.45468442317490709  0.46565367455547252  0.47607596782990946  0.48605424276787440
  0.49613775452750719  0.50645339680954082  0.51650815948528650  0.52662465637085620
  0.53626337534849444  0.54627823420628185  0.55624924935629982  0.56656224011936340
  0.57732940515739317  0.58853451629486930  0.59982920523131122  0.61108114273000735
  0.62189820195573220  0.63237742055593382  0.64291300654191985  0.65370117452602339
  0.66458889026612178  0.67541949015127312  0.68628738551173885  0.69731076961210270
  0.70837984327487158  0.71948591000922002  0.73088811444786728  0.74252201580272015
  0.75365662174000003  0.76401659219548590  0.77421159997385014  0.78446962776608919
  0.79469594465954851  0.80492054921153289  0.81509141277750852  0.82555730427324392
  0.83604745325269503  0.84624188109603604  0.85650187932526167  0.86735270269333964
  0.87917143521215813  0.89091586423543856  0.90142577389434664  0.91146084720057430
  0.92158664581999805  0.93195223908362868  0.94363107281393865  0.95549567712285910
  0.96668047342108454  0.97789881316983629  0.98880865044603838  1.00000000000000000
 -0.00001263553461910  0.00022338676342869  0.00056595204455969  0.00102700137696429
  0.00160775129655614  0.00217046204120492  0.00267133970066655  0.00318369419331409
  0.00371606427584819  0.00427331482942626  0.00484427782460149  0.00542040544341710
  0.00600035219155567  0.00658620275927459  0.00718628852948980  0.00778601558462419
  0.00838533087445483  0.00898717996999453  0.00959794510035507  0.01022802834882887
  0.01087836797684820  0.01154627090774214  0.01222984556057234  0.01292103056022962
  0.01362024465751315  0.01433034582638870  0.01504543848125535  0.01575705869045773
  0.01648683997592788  0.01720164719872558  0.01790626719125707  0.01860732160813724
  0.01933040450567254  0.02009182187491941  0.02083050315267219  0.02154234412817946
  0.02221783349701212  0.02287802037129654  0.02355139157739120  0.02423430509657979
  0.02492655179983334  0.02567352789547091  0.02653041009994269  0.02741330175319575
  0.02830246454767480  0.02912143459883649  0.02999961126924470  0.03089696609065900
  0.03178957669899559  0.03272041301714199  0.03366093001893070  0.03458497573776878
  0.03552875879614333  0.03649914936546236  0.03746769283491459  0.03838860524853872
  0.03940621382474931  0.04056631452073316  0.04173358371335695  0.04280981026527730
  0.04391020886271846  0.04511131945319494  0.04638810556301323  0.04755709080347347
  0.04867457435599194  0.04978957772942696  0.05095477274100926  0.05219686693589760
  0.05347991660791396  0.05484881066783939  0.05623408169226266  0.05758318082246293
  0.05896366934432396  0.06047342804032067  0.06235758219470570  0.06455832303226434
  0.06654985655715749  0.06839304632284836  0.07019312479420917  0.07240188549260669
  0.07476829074432373  0.07706219074520805  0.07938198507880265  0.08173148876502269
  0.08438194273771611  0.08773268276569067  0.09179336726496906  0.09666974180956726
  0.10145580116467906  0.10554065993720567  0.10964740193347615  0.11566408115075129
  0.13635336863489603  0.18190494930868201  0.57538152086054017  1.00000000000000000
 -0.00167817078257122  0.00784921780913496  0.01817827397281795  0.02823733031856479
  0.03934837063216565  0.05150605172457862  0.06387557844934751  0.07590932377588032
  0.08813679519247078  0.10032320291074558  0.11189893102803912  0.12333663389331546
  0.13564475385463351  0.14792857972824833  0.15920584947486349  0.16985370307976166
  0.18035444739008924  0.19081950571008091  0.20172174056321523  0.21305271623168617
  0.22467326847632665  0.23634994540559898  0.24786777357925660  0.25916089027418210
  0.27019463026229162  0.28085816155831805  0.29097525101215571  0.30120369767647037
  0.31173846456598886  0.32238425249082570  0.33298841561814418  0.34339501052257160
  0.35378093460320459  0.36377010053759862  0.37370767834876173  0.38412675115128031
  0.39502682344248280  0.40598522361524714  0.41672086141314363  0.42744404508038858
  0.43785453443742928  0.44792935743380463  0.45790762422447134  0.46825675926486160
  0.47888456675645152  0.48887350067311364  0.49833503052112638  0.50755759467852857
  0.51691310483570752  0.52641101942687574  0.53560959972931810  0.54493687662947654
  0.55455078766006349  0.56439912509173362  0.57389621007910030  0.58327983762675828
  0.59325939830704799  0.60391418184024215  0.61524838745484622  0.62627275629868173
  0.63651904943113535  0.64611995281800472  0.65570032542641798  0.66549517902378197
  0.67543173055949779  0.68554807594068590  0.69581794890611948  0.70641709920580231
  0.71666141045411835  0.72575777595270285  0.73465434539099550  0.74343556484100992
  0.75319037573021252  0.76352972781214590  0.77394358572230015  0.78445768276753758
  0.79481553475851263  0.80512378660297779  0.81581432514849228  0.82723200715501832
  0.83824417301802079  0.84822712301196368  0.85811048942458223  0.86794561950275151
  0.87920784395354845  0.89117850258612830  0.90221793092011582  0.91304008201313425
  0.92357418825847615  0.93460237409392266  0.94575449798019495  0.95781321239155115
  0.96912951366358657  0.97958757743849512  0.98979105672070078  1.00000000000000000
  0.00789802318378494  0.21120463780926482  0.31898691001500218  0.39987856214430229
  0.46420500997145658  0.51528850633233358  0.55766279567536736  0.59369274482240808
  0.62562747319930034  0.65362277202898378  0.67800729488501799  0.69998791363199153
  0.71979019721625659  0.73758178804858987  0.75366804211037541  0.76832159968230018
  0.78192801847202997  0.79441492545366343  0.80590942362805873  0.81678305074635682
  0.82680470633715175  0.83600769463601976  0.84447843451343585  0.85256491070598051
  0.86003598948879645  0.86705262026958607  0.87368923570487478  0.87985008630848893
  0.88566656298354385  0.89120072234082426  0.89638604652217402  0.90122742792070043
  0.90582029721746748  0.91025289684225974  0.91452617182473739  0.91850824580981227
  0.92215614603498319  0.92559860855737797  0.92892871771159713  0.93215127878065862
  0.93522417879242259  0.93805861380688094  0.94072433141884160  0.94320615529693608
  0.94558685651328811  0.94797467113310641  0.95031259382232736  0.95253536017466345
  0.95467127675721020  0.95674556020584833  0.95865305287865155  0.96035042659268621
  0.96199730498023861  0.96362639431601627  0.96525511428906563  0.96684308375947892
  0.96840696386661773  0.96989988152529638  0.97131768748890113  0.97267025674354579
  0.97396921242968026  0.97522081910107361  0.97642837421237083  0.97759609736425956
  0.97872504354724776  0.97973643632670171  0.98073613025495165  0.98170661703474060
  0.98263928194188122  0.98354258897462654  0.98441316970742798  0.98524048587048729
  0.98604233056563795  0.98681678720957156  0.98756769626964813  0.98830056453967174
  0.98902001491373603  0.98973137181279103  0.99043466837353067  0.99102841732293456
  0.99160300602240525  0.99216920986457380  0.99271610787799380  0.99324047862217091
  0.99375865941933605  0.99426866786047430  0.99476302285064078  0.99525421552632753
  0.99574328273559698  0.99622943255328811  0.99671367868299865  0.99721168436336283
  0.99778886302535597  0.99845340389909243  0.99919359688981557  1.00000000000000000
 -0.02218167667320402  0.10890146913447613  0.15057159425277697  0.17558160121863842
  0.19474865826905874  0.21058642297081387  0.22449787445433328  0.23822546120494559
  0.25185153405589111  0.26469823043139612  0.27687399099481680  0.28782813927253587
  0.29793477366825422  0.30742278330815126  0.31640331836106400  0.32604264001086647
  0.33532029276859437  0.34502467717404883  0.35402805051188146  0.36224711295195550
  0.36992218292430201  0.37701783169183450  0.38391429640915131  0.39079348737866476
  0.39797591267773669  0.40496355362872621  0.41205299023195086  0.41868538409203904
  0.42549791348617927  0.43207887424521119  0.43861359724788385  0.44513794756224451
  0.45142493987309296  0.45768633545784826  0.46343558838153709  0.46872447264682604
  0.47402004778219881  0.47931252341418873  0.48480370724040056  0.49063157690820258
  0.49712489734148158  0.50368615461869004  0.51019632523780023  0.51664313276060780
  0.52273425965255571  0.52850832062046404  0.53425688655984482  0.53992328325360528
  0.54569509983337094  0.55170028489204326  0.55779218891694726  0.56379667245772647
  0.56975929369415912  0.57583756617003168  0.58183309598382016  0.58768003799162671
  0.59372443569752542  0.59967831782709657  0.60556879170082345  0.61159016560759150
  0.61774228790515351  0.62401198706512440  0.63044467585738262  0.63698836812383175
  0.64363869295920195  0.64964364668894270  0.65532346321497781  0.66109096959767244
  0.66697121567028561  0.67330633322549571  0.67997075767573556  0.68638587507763760
  0.69258224947898217  0.69891909984673506  0.70549502068984127  0.71244551595248973
  0.71964749543824746  0.72668646969858064  0.73350225916239620  0.74030021346264097
  0.74715955136251000  0.75440362124000671  0.76224381189373169  0.77059473710974336
  0.77945187098598645  0.78877143552943130  0.79845503380117855  0.80820352260085027
  0.81805472737884077  0.82841103173313380  0.83979205178194705  0.85262589898476338
  0.86786910557550390  0.88765901412646986  0.91991026658278030  1.00000000000000000
   1.2194902817225225E-009  -1.0000000000000000     
 F F F F F F F F F F F F F F F F F F F F F F F F F F F F F F F F F F F F F F F F F F F F F F F F F F F F F F F F F F F F F F F F F F F F F F F F F F F F F F F F F F F F F F F F F F F F F F F F F F F F F F F F F F F F F F F F F F F F F F F F F F F F F F F F
  <DiscreteSampler_grid>
  grouped_processes
  1 # 1 for a reference and 2 for a running grid.
  10 # Attribute 'min_bin_probing_points' of the grid.
  1 # Attribute 'grid_mode' of the grid. 1=='default',2=='initialization'
  0.0000000000000000 # Attribute 'small_contrib_threshold' of the grid.
  0.5000000000000000 # Attribute 'damping_power' of the grid.
 # binID   n_entries weight   weight_sqr   abs_weight
    10   10   2.128633855899613E+005   4.379147530457466E+011   2.128633855899613E+005
  </DiscreteSampler_grid>
