  0.00933744767941024  0.01651411989618672  0.02635105944877793  0.03667238359060034
  0.04674484843760842  0.05683434857174856  0.06690487680602505  0.07687151871696885
  0.08638542490613467  0.09529155517753857  0.10419554584128654  0.11321355679482839
  0.12281124769983455  0.13279297351004937  0.14242848275183750  0.15235949707075647
  0.16265275831266995  0.17295303878936785  0.18329366710350806  0.19364882009028267
  0.20399074781238069  0.21393508472932615  0.22328546072808320  0.23287800242300627
  0.24265733042010126  0.25216410461171029  0.26116376611732339  0.27036116143696753
  0.28056076648992484  0.29134259405530077  0.30227773503548944  0.31336973569676013
  0.32469517223024802  0.33552385907309223  0.34631647022768020  0.35661396891232860
  0.36709420479321669  0.37757195997725118  0.38803433280152744  0.39853972418657002
  0.40935952373320489  0.42015626912419879  0.43065233374692063  0.44099988672477353
  0.45130386906210807  0.46118669086587560  0.47065115652510525  0.48020445705164083
  0.49049370401998643  0.50113802521380768  0.51174009814525045  0.52191941239564132
  0.53191201603034555  0.54178699583343204  0.55151969567135062  0.56133148282129908
  0.57186284596517400  0.58350939513119315  0.59523692808614082  0.60603375676056115
  0.61617187556553632  0.62659017845055753  0.63721732251999208  0.64822667254953548
  0.65916990653829632  0.66995777197378392  0.68084055386234554  0.69192394944999192
  0.70295143861475839  0.71375009679213053  0.72438128055805762  0.73507195249056667
  0.74598512854580534  0.75697936746428596  0.76791296075947180  0.77886881286653042
  0.78985104923939209  0.80114563749548140  0.81281389560921213  0.82372178489580883
  0.83472290791905812  0.84564847091600659  0.85661964504265065  0.86657445751510598
  0.87604452409539046  0.88578419404064501  0.89599572093237390  0.90639947505625063
  0.91673725119066807  0.92732098531608587  0.93834976563558403  0.94927256270909421
  0.96017888599559642  0.97077250041562468  0.98101001936571675  1.00000000000000000
  0.00000250722831270  0.00000256870609002  0.00000261318122768  0.00000266059953460
  0.00000270908747313  0.00000275783103275  0.00000283755784441  0.00000291696535579
  0.00000300073035352  0.00000309589009144  0.00000321938792625  0.00000335161252217
  0.00000348655680178  0.00000363157343390  0.00000379725969993  0.00000397450906264
  0.00000415794004560  0.00000435991811443  0.00000461828378789  0.00000489255936615
  0.00000519178871841  0.00000551062567517  0.00000584015765515  0.00000618698276837
  0.00000655075210032  0.00000693807835232  0.00000736233067469  0.00000781656992709
  0.00000828631244074  0.00000878669643264  0.00000931242190161  0.00000987910003472
  0.00001047883659001  0.00001110966850672  0.00001174660156056  0.00001242674233445
  0.00001317131006915  0.00001397958551947  0.00001482612470104  0.00001567000745295
  0.00001653510653301  0.00001744492789926  0.00001839741007687  0.00001940634497233
  0.00002049019171503  0.00002163980858469  0.00002282936703546  0.00002409199141455
  0.00002547392171104  0.00002692777037189  0.00002847051843381  0.00003008599996672
  0.00003179107987695  0.00003363711365264  0.00003556193877221  0.00003756344133771
  0.00003970958826008  0.00004197575884925  0.00004435927298422  0.00004684732533924
  0.00004952638458738  0.00005238735277790  0.00005548265174504  0.00005881777444306
  0.00006234370123599  0.00006604778243908  0.00007000990884660  0.00007432340272760
  0.00007911709031617  0.00008434733491761  0.00008999251218195  0.00009632962184663
  0.00010298612522353  0.00011009449210664  0.00011798946464631  0.00012706073450835
  0.00013749817239214  0.00014854549956995  0.00016049045778953  0.00017417871942334
  0.00019038559933411  0.00021024059712981  0.00023363639075544  0.00026276420867190
  0.00029667057408246  0.00034087560571134  0.00040163502518349  0.00048594734740153
  0.00060318404237193  0.00076256174835001  0.00099914691383309  0.00150650276753610
  0.00270793809023622  0.00759750351340357  0.38745859946029093  1.00000000000000000
  0.00000235767550479  0.00000263999887281  0.00000291120183603  0.00000320395200013
  0.00000352240093910  0.00000386438249717  0.00000420484548244  0.00000452666629633
  0.00000484377860689  0.00000518194859100  0.00000555659729124  0.00000594697617988
  0.00000634270695732  0.00000673160315310  0.00000711737958446  0.00000752832103514
  0.00000796488059677  0.00000847288261035  0.00000901380960829  0.00000956441515179
  0.00001013432311948  0.00001074287049228  0.00001137703375492  0.00001202392569540
  0.00001270432931857  0.00001342051382711  0.00001415968081946  0.00001490532624755
  0.00001571138130973  0.00001654969091923  0.00001742726855340  0.00001833929089641
  0.00001929669628288  0.00002031241408434  0.00002137768373796  0.00002247127991486
  0.00002358238662257  0.00002470196742877  0.00002590043109903  0.00002718101440105
  0.00002850218436215  0.00002992520458989  0.00003142665248718  0.00003295227317602
  0.00003452913073994  0.00003617278760046  0.00003789137129556  0.00003959986439547
  0.00004143172576618  0.00004328573090280  0.00004521614503287  0.00004724536522965
  0.00004943335772273  0.00005178751383980  0.00005424193989044  0.00005679518666796
  0.00005950784300765  0.00006238795051498  0.00006538009646679  0.00006862134660598
  0.00007228566656293  0.00007586619884495  0.00007986784757402  0.00008386595036794
  0.00008821212841820  0.00009303761540611  0.00009816998332160  0.00010361221557281
  0.00010944477276300  0.00011562661367356  0.00012231319954594  0.00012951229213539
  0.00013728187751198  0.00014586890048822  0.00015531243264283  0.00016564628935423
  0.00017711270326302  0.00018970451528667  0.00020379572113907  0.00021994239240498
  0.00023887847794667  0.00026063731856131  0.00028623627456409  0.00031669502003524
  0.00035442370452443  0.00040104410553111  0.00046113209668740  0.00054715030093613
  0.00066454216386518  0.00083250252727615  0.00108140935964380  0.00150843227892244
  0.00250082705254315  0.00624715999031022  0.05414745891417698  1.00000000000000000
 -0.00223844449867313  0.00903323994824965  0.01911436644546821  0.02947171499130544
  0.04030536309726982  0.05112562520476683  0.06186266350309919  0.07230566974055336
  0.08271451563777736  0.09302019937229965  0.10349239767750140  0.11371419073107444
  0.12373141512335753  0.13347937106554084  0.14264581096334611  0.15205330039460802
  0.16182968026158814  0.17250034480405529  0.18446405489886689  0.19600244848567488
  0.20780575904191717  0.21953819877966424  0.23122177856537221  0.24242271880644103
  0.25325852335130572  0.26395647836323577  0.27432840267675918  0.28485911433939237
  0.29549876881817466  0.30587626741753193  0.31613304946630083  0.32596163418032148
  0.33584808429403618  0.34490445307314210  0.35401988471427920  0.36323302042110600
  0.37294031438046044  0.38273056933575089  0.39257081675307365  0.40266873484968235
  0.41319132510929224  0.42362683411847840  0.43391183854685211  0.44409394221205328
  0.45422068541682525  0.46473433878063186  0.47570641748937298  0.48728267737077818
  0.49893013315904045  0.51038138040104986  0.52172374957951817  0.53321989576871476
  0.54435990428924474  0.55436724382097324  0.56477451911353616  0.57536045145000603
  0.58595915988648062  0.59619560578062303  0.60661359364838530  0.61741231991024825
  0.62818963328226551  0.63897494375763786  0.64993677647300507  0.66097265573369546
  0.67213842516357136  0.68344627813115888  0.69478333884154719  0.70576823401163147
  0.71643945748612514  0.72715479358075596  0.73795693680146657  0.74886144129071686
  0.75978095060518425  0.77056280909558539  0.78052697062175702  0.79049768051241631
  0.80110425698936383  0.81239972019114470  0.82364161020647675  0.83464931874269332
  0.84598617363419260  0.85728497154766992  0.86798867530747426  0.87836079560991920
  0.88857402064934821  0.89922912161155322  0.91001176633706149  0.92031500391218624
  0.93027888062952624  0.94033630912385946  0.95028354968544204  0.95977609910384865
  0.96961353287966812  0.98006373161420868  0.99018009095735371  1.00000000000000000
 -0.00267545806720275  0.00998282610235811  0.02089382025587382  0.03148409151461072
  0.04195590244585150  0.05250769678384622  0.06285895603653277  0.07318744840460664
  0.08332438969870345  0.09313793216713900  0.10247794990733203  0.11243781067433013
  0.12341907042813405  0.13494081335513172  0.14605597815194368  0.15652007244260904
  0.16695367593353189  0.17783608166038825  0.18857051400826708  0.19808151927755915
  0.20721002802877309  0.21614973330483073  0.22551945494804596  0.23538443779678453
  0.24575411172262787  0.25648182013216336  0.26761753157779022  0.27909533250984830
  0.29044181650813927  0.30096519366733038  0.31098764305130139  0.32087803879263732
  0.33101876614142550  0.34145979168968238  0.35236332998765096  0.36298637983156384
  0.37307024051301207  0.38282061561532110  0.39205762143941797  0.40163786608557517
  0.41133007180322029  0.42148986982077341  0.43206961785579090  0.44322055344638561
  0.45396106697494953  0.46476194279386773  0.47568481871324231  0.48680056890729556
  0.49824225824797708  0.50965405769040595  0.52039085080589698  0.53090068110062227
  0.54133140584879502  0.55206353770703454  0.56263900877584949  0.57322615489076090
  0.58433295901431448  0.59564027276475873  0.60719040245102551  0.61918700270158611
  0.63153030903319418  0.64318773483793401  0.65350346992290842  0.66335775097236693
  0.67335423084760826  0.68350958722945931  0.69366439515052769  0.70337916637884601
  0.71361371483763703  0.72383575866813310  0.73465652647661128  0.74560127909952645
  0.75636955301760778  0.76687252296208330  0.77715096864006850  0.78639445810093855
  0.79574727249084809  0.80433666542393145  0.81301188315399575  0.82200168390296180
  0.83185658265193163  0.84291580439410718  0.85469620483645825  0.86631139440288085
  0.87807439814305077  0.88935322960363539  0.90021199276416086  0.91108050854835820
  0.92227453145688443  0.93344338533323923  0.94436124406539423  0.95541550027277211
  0.96661489274374190  0.97776645695160902  0.98901855418960960  1.00000000000000000
 -0.00232850544227877  0.00957680464945139  0.01930975760946653  0.02995556033678351
  0.04036063652327502  0.05075712104856362  0.06148317060926706  0.07305836560572021
  0.08471249573379520  0.09558291295564700  0.10587639321367748  0.11673831359443973
  0.12787817861899042  0.13900354418153998  0.15008133002132756  0.16148199902588425
  0.17357221607107196  0.18484404295308554  0.19551798466701881  0.20578938124452403
  0.21637052836746190  0.22671901422969859  0.23677946955937521  0.24704754236055956
  0.25823194814377820  0.26918300206401824  0.27957798505290210  0.28961625262319146
  0.30001568560490066  0.31077267413869847  0.32134244695729347  0.33115579148321006
  0.34062794243488986  0.35025049039236111  0.36060588773780738  0.37123716154877606
  0.38107698024415365  0.39046044327931861  0.40007533867556139  0.41014495945605695
  0.42058903116694374  0.43122369249211812  0.44182477757827288  0.45348750108810709
  0.46404873461715351  0.47490059974059240  0.48504252005822185  0.49577771466639703
  0.50622562480857169  0.51670678525030933  0.52743034852275139  0.53798873971092298
  0.54867491771900279  0.56001384231475826  0.57125631342532868  0.58241783702032868
  0.59307288357314736  0.60411499246081490  0.61456195405072156  0.62436930791583722
  0.63389817921385927  0.64372110635622881  0.65414929923676979  0.66494855323289115
  0.67634697804889909  0.68771792072204407  0.69833249006360587  0.70842210612083378
  0.71876190374650095  0.72974112433005289  0.74113105001828972  0.75218913231302209
  0.76270704559755698  0.77252035134929020  0.78202497922811454  0.79178180639911011
  0.80139009254027382  0.81104777790519589  0.82057480992946863  0.83020321517441764
  0.84013669620327314  0.85103811061206058  0.86153258506878472  0.87252687366681903
  0.88328802660460637  0.89504610234714188  0.90555686823432557  0.91600853114468739
  0.92608101069665516  0.93598712063010137  0.94626923214009573  0.95646151379556632
  0.96671030931922086  0.97722878546473291  0.98823238306847794  1.00000000000000000
  0.00002700866836546  0.00017535566915557  0.00050140440056152  0.00093183465862524
  0.00139962179872453  0.00177976566412468  0.00215605283173579  0.00256408633294071
  0.00298053241574621  0.00339766901317931  0.00381800028728116  0.00424282954846862
  0.00467314996479440  0.00510973422578587  0.00555492214443059  0.00600846260670798
  0.00647299842918616  0.00695555760310131  0.00744799208643997  0.00793525496421729
  0.00842662851593050  0.00892878952054883  0.00943595503175359  0.00995494496053760
  0.01047495997040972  0.01102183319023237  0.01158240390820880  0.01214391402426745
  0.01271236502198841  0.01328989042911581  0.01387338511550926  0.01445728854945199
  0.01505399787166981  0.01568189729678425  0.01632889071022747  0.01700045583401291
  0.01769463973559554  0.01840742689804314  0.01910969463948623  0.01980995122564768
  0.02050559018727246  0.02125263526051284  0.02204408556627477  0.02288312514630827
  0.02372688337065465  0.02452986617362863  0.02529258163273526  0.02605614744676746
  0.02684607240448766  0.02764721578857354  0.02846624153033933  0.02930937183866751
  0.03012791776904662  0.03094494668162395  0.03178903073441258  0.03261529436883819
  0.03352496980158031  0.03445172669373374  0.03537869929530180  0.03635637203266430
  0.03746405580614679  0.03859288039541361  0.03972378137489953  0.04093937281391306
  0.04227431003211896  0.04339373111634321  0.04457636519510305  0.04571434890605699
  0.04697612351119335  0.04851753773103670  0.05034036573738698  0.05222156311465096
  0.05405593497729012  0.05574267063556065  0.05726736177425995  0.05877759712127634
  0.06039019147034009  0.06207658983230555  0.06390813634310614  0.06612318594127817
  0.06861949634418721  0.07120164653053494  0.07404498465486008  0.07740068306422176
  0.08084051043862468  0.08406978857879735  0.08817617852842836  0.09374594889570534
  0.09981775574588483  0.10624813641944586  0.11496598317016155  0.12454608120671129
  0.13811352060183005  0.19102992995877452  0.53313917482380768  1.00000000000000000
 -0.00272501400167503  0.01133241182259477  0.02312368480426346  0.03547313600294967
  0.04707383160906590  0.05873053907018592  0.07078216920227016  0.08309799010507445
  0.09439592262869208  0.10546581369267682  0.11595003354035871  0.12597427763789212
  0.13578040179830891  0.14610455311629020  0.15726492961632180  0.16826502616355107
  0.17924860341578142  0.19010720806543110  0.20097746088009574  0.21201178305644891
  0.22308641566608489  0.23400109833833910  0.24476048018585517  0.25523240291575489
  0.26558946393161337  0.27593846631345220  0.28615340361005498  0.29636246935022331
  0.30650490083756488  0.31645698113306414  0.32622645695896935  0.33598815331883264
  0.34594832274687448  0.35604351060277067  0.36623604919167957  0.37664488280186637
  0.38739660087964900  0.39807442453577252  0.40844228034632341  0.41860271257134396
  0.42867615035248396  0.43891232397219371  0.44906852607303771  0.45912839006692363
  0.46887912434651408  0.47882968334612619  0.48843194877387275  0.49775723131164223
  0.50693138683244987  0.51623678388316852  0.52568764430746129  0.53523418437235071
  0.54490922937050590  0.55498140191433287  0.56545948841333615  0.57589238680903498
  0.58606949906061967  0.59592277699342588  0.60513294786646965  0.61367876057185522
  0.62229404774201902  0.63139183487636441  0.64057448478152446  0.64916722740168997
  0.65770759697933201  0.66677193920270406  0.67722025813926601  0.68767570983257909
  0.69817272346181902  0.70879363648716154  0.71953010049882904  0.73065351002383505
  0.74166783372611522  0.75236872217007822  0.76285592072554009  0.77322952409076984
  0.78399157581814405  0.79497222330144879  0.80560171807097636  0.81611615191565112
  0.82676515767039338  0.83791185577261973  0.84939621983430114  0.86078862159427882
  0.87156801562651154  0.88197205956451419  0.89284163778236925  0.90427850274256549
  0.91554815535148215  0.92684974707931433  0.93848349397328368  0.95047953161575882
  0.96296832051165104  0.97524997240050093  0.98782887938502617  1.00000000000000000
  0.04872939277985249  0.21327589791106752  0.31706214117275994  0.39783397803503706
  0.46085811873818183  0.51242772680310678  0.55584749034010406  0.59267630208417077
  0.62444811823467528  0.65187615865481396  0.67619240892403287  0.69791655712084744
  0.71744253438208039  0.73511767515580850  0.75144040279167745  0.76629176237012631
  0.77980819160649217  0.79242302439600820  0.80415100773841230  0.81483793692172402
  0.82484662865971847  0.83419457536189789  0.84285352335297559  0.85092013681037026
  0.85831995031438846  0.86509535329998954  0.87146877942074741  0.87745072966824722
  0.88311673745058117  0.88867039908942080  0.89402453493002521  0.89908623844573143
  0.90356280082135088  0.90783620755528527  0.91200489091155157  0.91604064288083975
  0.91987629606160926  0.92344318058691377  0.92698381563607357  0.93038240176132803
  0.93371942096798355  0.93684450566977417  0.93966583802989700  0.94235742778127107
  0.94494637320566921  0.94732373448245810  0.94953831617548190  0.95164311671228763
  0.95365133011337144  0.95564301681848929  0.95759814901300011  0.95938050422489218
  0.96103965615292619  0.96268692862277194  0.96425771216758094  0.96575351739754378
  0.96719351478414373  0.96857917569519236  0.96989445698785948  0.97121220970489508
  0.97248627421622791  0.97371927494004029  0.97493070471180221  0.97613223901018953
  0.97732752600353157  0.97845335695330660  0.97949460852893777  0.98048708943100460
  0.98145516515016495  0.98238185338691075  0.98331380132660340  0.98422883364656022
  0.98512743064920549  0.98601589744521145  0.98686789495658611  0.98763145033056754
  0.98837008610341570  0.98909539434105909  0.98975450705592904  0.99038666367699491
  0.99102588980569728  0.99166225894586091  0.99225573660489896  0.99284912754409460
  0.99343340548540937  0.99400633655916482  0.99457251713942796  0.99510161295697386
  0.99563000627870335  0.99615761323286167  0.99668128160810465  0.99721322411778135
  0.99777998488289232  0.99840238767402878  0.99912924336738451  1.00000000000000000
 -0.02184485985701041  0.10756484497372099  0.14752610823646733  0.17356208941403184
  0.19366984311942242  0.21038974214213729  0.22514777183131582  0.23901735188314038
  0.25154659452808797  0.26289814636760761  0.27382962752658524  0.28452711387396368
  0.29447488928946786  0.30348051742405679  0.31223416029292927  0.32136005926455574
  0.33057156518722014  0.33950760195812152  0.34788518568418475  0.35586206634439377
  0.36358457998589783  0.37113088129536592  0.37831635281971759  0.38511522657124297
  0.39161174570061391  0.39840078286983160  0.40557716039161051  0.41286208171736427
  0.41979693750858071  0.42641677018420659  0.43292466990223938  0.43934297948681172
  0.44547620428904749  0.45179148108857359  0.45836324341487733  0.46508337190464022
  0.47191001168237701  0.47843150097298226  0.48479477625601158  0.49127418019396807
  0.49781209953737982  0.50424886855622719  0.51052424412227471  0.51666984086581746
  0.52254996737616100  0.52842976537388164  0.53438892919622893  0.54049972128042922
  0.54668683764632353  0.55267404036133916  0.55859404014536207  0.56465535998168070
  0.57078597742038550  0.57685959357142935  0.58278957510416673  0.58879627033350035
  0.59490909212214693  0.60104947794296115  0.60718709868889442  0.61325492508957413
  0.61916206559162024  0.62503978944924377  0.63119363966404518  0.63751565646241348
  0.64378006880714522  0.65016091591855629  0.65670986284218935  0.66334536969113833
  0.67009566023986744  0.67697720833046604  0.68383566979299404  0.69045068091423900
  0.69679489156857788  0.70307898827915150  0.70950957745209320  0.71595532662598471
  0.72265948056180307  0.72989991595190240  0.73704158012776511  0.74408495829129240
  0.75076908971212686  0.75782804355150324  0.76519948250042535  0.77284592109749117
  0.78063581250270020  0.78860476124269629  0.79717106212757904  0.80628852895519010
  0.81617477272286587  0.82727195887986582  0.83956289666259498  0.85315610358679073
  0.86866348171548691  0.88753937148764506  0.91873658761202048  1.00000000000000000
   1.1944427363004679E-009  -1.0000000000000000     
 F F F F F F F F F F F F F F F F F F F F F F F F F F F F F F F F F F F F F F F F F F F F F F F F F F F F F F F F F F F F F F F F F F F F F F F F F F F F F F F F F F F F F F F F F F F F F F F F F F F F F F F F F F F F F F F F F F F F F F F F F F F F F F F F
  <DiscreteSampler_grid>
  grouped_processes
  1 # 1 for a reference and 2 for a running grid.
  10 # Attribute 'min_bin_probing_points' of the grid.
  1 # Attribute 'grid_mode' of the grid. 1=='default',2=='initialization'
  0.0000000000000000 # Attribute 'small_contrib_threshold' of the grid.
  0.5000000000000000 # Attribute 'damping_power' of the grid.
 # binID   n_entries weight   weight_sqr   abs_weight
    10   10   3.258891931620599E+003   1.021381055002813E+008   3.258891931620599E+003
  </DiscreteSampler_grid>
