  0.00927024974674919  0.01719959591756695  0.02817156492537853  0.03883807621933029
  0.04946362790919203  0.05982189134761322  0.07074618237458512  0.08196344893451475
  0.09432881603262336  0.10648519415028149  0.11745244932475349  0.12873886252174241
  0.13982444251047410  0.15054828431822673  0.16088247889151333  0.17152557351746286
  0.18274131549360217  0.19422652183111913  0.20563611590967701  0.21674702710211852
  0.22777727679318216  0.23800006499539894  0.24760807089337800  0.25712600222988735
  0.26684808591565734  0.27655312841615759  0.28617647020413617  0.29610933811400780
  0.30620009556980443  0.31619656646339056  0.32654438437644756  0.33752530302811951
  0.34879485304717428  0.36013447615708444  0.37132837586352246  0.38193122978884447
  0.39177845191946920  0.40140456102927935  0.41125357544468960  0.42141631036391297
  0.43160579056167508  0.44205750059665155  0.45271287055983084  0.46326191928553323
  0.47380226659158442  0.48459140380391391  0.49560706435300977  0.50622113492484766
  0.51659075855627767  0.52699364519391456  0.53746793903222412  0.54772229469034217
  0.55756519656487369  0.56748218458749000  0.57739071299411382  0.58745341232210591
  0.59739033875051650  0.60846447478048260  0.62022578312573673  0.63192505364982265
  0.64300096478087176  0.65406209654225256  0.66521137014270326  0.67621785963268088
  0.68708494113178142  0.69805125873204743  0.70875148262327547  0.71913302197311013
  0.72932544276276889  0.73974500084473760  0.75003609953784522  0.76029407679185323
  0.77063023509718787  0.78125727893720343  0.79213698838902113  0.80262341165366069
  0.81280734246965936  0.82311259007264470  0.83384278733885164  0.84502425575855444
  0.85590715516760096  0.86731286860192991  0.87793138223696920  0.88733321974903445
  0.89619136933705645  0.90450256588717859  0.91353398945756525  0.92410019478327887
  0.93459972201574470  0.94470722935574691  0.95439809493427585  0.96422535303678647
  0.97400973852826223  0.98284692475797830  0.99128347352692670  1.00000000000000000
  0.00000236513032848  0.00000291630576403  0.00000325377826489  0.00000373524097596
  0.00000442994744413  0.00000539339311928  0.00000660400544633  0.00000808323925012
  0.00000974184399483  0.00001157684319017  0.00001374606190440  0.00001634355880140
  0.00001935839998451  0.00002282248295522  0.00002653613785372  0.00003036086271178
  0.00003455741581511  0.00003928773708354  0.00004517395397143  0.00005197234573897
  0.00005940946960721  0.00006759752765638  0.00007680837040159  0.00008708381400968
  0.00009910876337852  0.00011313072920836  0.00012874875928691  0.00014558808776988
  0.00016361655995159  0.00018304370278135  0.00020435247793069  0.00022830878181036
  0.00025541994222299  0.00028494487394386  0.00031745268545958  0.00035317487569524
  0.00039284401251269  0.00043704841509401  0.00048678531304926  0.00054191153214722
  0.00060114802285155  0.00066527604344914  0.00073461580008929  0.00080794708408685
  0.00088054566968305  0.00095455295854898  0.00103586547325735  0.00112752561506581
  0.00122430701559287  0.00132872425441535  0.00144809302264475  0.00157945559661390
  0.00172722162606394  0.00188308504981630  0.00204944624588837  0.00222646294316050
  0.00241990896112184  0.00263360821595279  0.00286583001014180  0.00312164541337374
  0.00340229702824925  0.00369679397571341  0.00398526705460747  0.00429599359577232
  0.00466986615239703  0.00503420673947249  0.00540097154625428  0.00580723978618862
  0.00626373974996538  0.00676556217315969  0.00730548068301929  0.00787364637362557
  0.00847335984615936  0.00913180850719028  0.00992545615771634  0.01083407692105294
  0.01175504688562311  0.01275976072199114  0.01404223522035162  0.01535717767792056
  0.01665172965149766  0.01813621952035912  0.01992411319488578  0.02187490138445188
  0.02381132332263875  0.02569348631955476  0.02768144516711130  0.02988720858929287
  0.03237499252335071  0.03493929073146937  0.04419057959508475  0.06069847543649952
  0.09167576938475361  0.11047120871219801  0.29797743555245182  1.00000000000000000
  0.00000226861385430  0.00000309366267215  0.00000399512540636  0.00000507954405646
  0.00000632244384132  0.00000774279375404  0.00000940062599314  0.00001134125681756
  0.00001354398651314  0.00001598133975754  0.00001865983691368  0.00002162332408371
  0.00002486752552442  0.00002845753174946  0.00003257393398589  0.00003730430223842
  0.00004251603403495  0.00004808396389065  0.00005430605655341  0.00006089401082581
  0.00006779300027842  0.00007524711274804  0.00008329393577031  0.00009200134156599
  0.00010157550552814  0.00011206200911768  0.00012297434275893  0.00013601856146741
  0.00014928788478140  0.00016407715590200  0.00018013999220225  0.00019726464092404
  0.00021609838477222  0.00023722858214624  0.00026017938254501  0.00028476138919326
  0.00031260115694607  0.00034095200286682  0.00037092163473531  0.00040234449218776
  0.00043606545351285  0.00047326944073111  0.00051431099638767  0.00056059659188679
  0.00061080325143485  0.00066417362630708  0.00072141080323837  0.00078529019349625
  0.00085295926337881  0.00092179397654134  0.00099596084690976  0.00107735606169843
  0.00116532724578541  0.00126130000997017  0.00136571396929035  0.00148164902371890
  0.00161598275127485  0.00176792623980308  0.00193498149761750  0.00210949926586729
  0.00228899160648471  0.00247548574461461  0.00267069745038663  0.00288135112262498
  0.00310606765872375  0.00334923114864552  0.00361754371239750  0.00391064505986964
  0.00422937465674259  0.00458394146606843  0.00497279164803814  0.00539039976862455
  0.00583011422985899  0.00633830956876067  0.00694145586768595  0.00762873842860268
  0.00838029520069860  0.00930141596146876  0.01011236620283092  0.01098243030018117
  0.01195570451645313  0.01304641871191366  0.01433589961502406  0.01586631806420867
  0.01759438169164593  0.01934406437440651  0.02112235668548978  0.02318598927840477
  0.02553452098365021  0.02736862876767299  0.03190213478186023  0.04208530857369217
  0.04823928178457220  0.06804358976911838  0.10186343351387381  1.00000000000000000
 -0.00231246238512149  0.00868881048414077  0.01867376879435165  0.02893371489169851
  0.03915610379647096  0.05011586757116823  0.06162473666307525  0.07353503271399543
  0.08502038640657544  0.09588728797195313  0.10609607519901346  0.11607682691187726
  0.12644862169744553  0.13678881610225596  0.14658885168838087  0.15592644241449147
  0.16597282236991168  0.17731007204989555  0.18882234351301835  0.20012265205061877
  0.21110549282635438  0.22191876142942912  0.23277860424135521  0.24377928228568557
  0.25465952243295742  0.26517358337785235  0.27528717105198369  0.28500877115500978
  0.29447570217362040  0.30414946300353396  0.31432729177892338  0.32482830132726109
  0.33507267157515636  0.34520026486803562  0.35561618856363386  0.36697086309340876
  0.37819758437166512  0.38905653174587351  0.39977916940960212  0.41051824659737607
  0.42089482622410340  0.43106960802792588  0.44169373314511823  0.45231098361332128
  0.46216315886180998  0.47175001048669862  0.48171676517819589  0.49235328001059281
  0.50328041643758203  0.51436707492891609  0.52541023336127957  0.53604869194160865
  0.54630631143753627  0.55671084290147377  0.56736176999308119  0.57778923550196581
  0.58807792899200484  0.59842435925227289  0.60891276098202141  0.61976048248574001
  0.63060899041213547  0.64132749644585263  0.65203985367523565  0.66316151825690972
  0.67426779375687051  0.68545625637501473  0.69663028086625456  0.70822403748953788
  0.71985320804789532  0.73096056343688065  0.74161575523770540  0.75243653627852169
  0.76348714849221211  0.77441892890167130  0.78504875161720933  0.79591608017840798
  0.80664136090625305  0.81674932038732784  0.82662249375994767  0.83679141309133420
  0.84739694630075058  0.85793426194807743  0.86845030957760494  0.87837023282827276
  0.88760576755291376  0.89661632311822070  0.90498417829364985  0.91570643909250093
  0.92677566368231423  0.93763032898076804  0.94761879541608640  0.95771474088911712
  0.96779004422837489  0.97845390141713717  0.98928677570195500  1.00000000000000000
 -0.00251739302611780  0.00957146460597154  0.02111031167644329  0.03232398978953845
  0.04309231858401957  0.05344254986926043  0.06393311594981221  0.07515254656714754
  0.08775135882435203  0.10051458702484331  0.11252765873268457  0.12414482433485950
  0.13555878915728103  0.14687013557371781  0.15767162021556569  0.16823045435053080
  0.17849111759364109  0.18783109251895333  0.19649818409650988  0.20528463782657283
  0.21399655796139661  0.22651762160312219  0.23789406555191009  0.24880359471559224
  0.25927226022709154  0.26973338155643772  0.27975174106249445  0.29013355608674818
  0.30116513978923187  0.31162459793851305  0.32135494388061508  0.33067040186316332
  0.34023406609727641  0.35011968234441404  0.35995622916148373  0.36933877635898243
  0.37875269186807065  0.38837482382852645  0.39821854981424792  0.40856073321638431
  0.41926542536425027  0.43061271355723768  0.44194938416813817  0.45282465448656367
  0.46330744130401635  0.47403318840145198  0.48455700146262093  0.49472041909642167
  0.50519045941101060  0.51617252514559042  0.52655410420282545  0.53687932390409032
  0.54734513032122778  0.55816768148977225  0.56869368544437249  0.57884679520341664
  0.58877237939654581  0.59871991477945607  0.60888650602650152  0.62007587420663834
  0.63158112774982933  0.64313310954649594  0.65413227648446637  0.66525727115040167
  0.67657432963025377  0.68793478390885709  0.69856092878758569  0.70904645746294359
  0.71966084721387757  0.73090924704215088  0.74252975369065632  0.75407706106025851
  0.76543321128911157  0.77674107797197045  0.78782309658894445  0.79878213906599582
  0.80957327974349003  0.82034120585127046  0.83070860279224434  0.84033609497033535
  0.84979835657687863  0.85968265512843167  0.87008997730569648  0.87950601935019834
  0.88827332402157422  0.89727684577836575  0.90720080690753224  0.91754757310563106
  0.92720566129572601  0.93668717686346403  0.94705403034385127  0.95725259094269788
  0.96687446008063271  0.97717904222943375  0.98785421338700308  1.00000000000000000
 -0.00192870455071396  0.00782363515352675  0.01724480016533424  0.02693465077016279
  0.03713463393387436  0.04732339595366133  0.05751788010612205  0.06736525247499510
  0.07728851703057002  0.08769994420863682  0.09806741450100256  0.10836823186356208
  0.11851316877584085  0.12900647651553984  0.13977282937154736  0.15103847414948543
  0.16256427724595943  0.17322291257868394  0.18351102945170988  0.19370507036657786
  0.20396372024170348  0.21423963726044504  0.22518767317812421  0.23670116427487015
  0.24838401726150608  0.25975537831837059  0.27075664319549381  0.28205691384996306
  0.29298143771017054  0.30396953773326174  0.31453543310952631  0.32477489767653278
  0.33519101281497282  0.34603828417611271  0.35696208194687529  0.36797566909812562
  0.37939294819566527  0.39004825122552317  0.39891967799512607  0.40776031386667333
  0.41662718130444371  0.42601300029696371  0.43618822318824924  0.44670286117130775
  0.45715140335991200  0.46759866968284719  0.47824011147917345  0.48884065207678790
  0.49915091553893010  0.50895750582730948  0.51875984413761322  0.52869859684746368
  0.53878529989923918  0.54904847097496445  0.55945766650551787  0.56993492892601105
  0.58077169315474864  0.59126212312331461  0.60110366530045123  0.61088306124577496
  0.62122650468022234  0.63266282558383258  0.64421254661801941  0.65577132003717653
  0.66741839199885422  0.67913229974190270  0.69022597411314479  0.70035596842240488
  0.71029800376957219  0.72014800068468310  0.73003562852518622  0.74017997093133414
  0.75047726862261377  0.76123805579127946  0.77205843411486386  0.78310760067936092
  0.79377447020733993  0.80434133546810238  0.81499873341365314  0.82577342876097815
  0.83632828273676785  0.84656490409355334  0.85672413646496481  0.86744938698173113
  0.87922455360069485  0.89141434938097730  0.90309362000727722  0.91389427002488288
  0.92427539542384463  0.93468764357587397  0.94550473355135656  0.95691445536617981
  0.96824724008261742  0.97934981779642516  0.98970424208614594  1.00000000000000000
 -0.00015939167448743  0.00080167355160026  0.00175874083008209  0.00267131966870768
  0.00354657723353945  0.00440297569571685  0.00524065308151154  0.00606297482996132
  0.00685496240755909  0.00762309916542703  0.00839786423653985  0.00917045867094373
  0.00993695391665412  0.01070220364024423  0.01146870150854225  0.01223747750837102
  0.01299071374256375  0.01375190809753348  0.01451928731503728  0.01529522169814088
  0.01606106308104009  0.01682084543105435  0.01758845717758467  0.01837711709891973
  0.01918362212623252  0.02000865784524177  0.02086297116848141  0.02174751673499586
  0.02263513550981175  0.02350169959433321  0.02435236166653582  0.02519980079835598
  0.02606057371967511  0.02693530119648796  0.02782725504817898  0.02877120086218344
  0.02976407521312656  0.03079075490363673  0.03166084139483996  0.03254912093154576
  0.03344723805856631  0.03438631996316052  0.03536323385921091  0.03642284275746026
  0.03749024475744279  0.03857939153890147  0.03974744332181006  0.04093880010467744
  0.04211340851969481  0.04325250012217589  0.04434815604058203  0.04550165335101692
  0.04672270853931811  0.04792491114233779  0.04907992402166604  0.05018824749577911
  0.05126764606272732  0.05232339305452379  0.05347178075937194  0.05468630894333360
  0.05605216991559802  0.05746265350604140  0.05881895377859558  0.06028399696766525
  0.06183289246958357  0.06350276885248797  0.06517561333648660  0.06678143947110590
  0.06842876528633528  0.07025506056268263  0.07242409268651839  0.07479720860288011
  0.07698300366513758  0.07904843542991609  0.08116421558506093  0.08323733556376232
  0.08583035226954805  0.08891385603597451  0.09248665232098056  0.09686764789390306
  0.10072774140713313  0.10414733341182955  0.10760584230294447  0.11168858210835914
  0.11592571164749849  0.12002848196433531  0.12406284448081731  0.12893513760215100
  0.13508193673204669  0.14171867331474328  0.15005906289073406  0.16100221967006451
  0.17421228144198961  0.19800208961178278  0.24197065449224381  1.00000000000000000
 -0.00206724145380587  0.00825147068663087  0.01798506222970842  0.02735460822033144
  0.03667802629873580  0.04539711444793787  0.05370977691494021  0.06188723468440300
  0.06957037455259790  0.07677369566423832  0.08342392821125050  0.08987293571749293
  0.09646530276619619  0.10312804155725704  0.11009130155248614  0.11692679589396657
  0.12365147160378956  0.13039810853178130  0.13709362367821656  0.14367992036958155
  0.15005563486847698  0.15607534779516452  0.16185216427269969  0.16749648110072232
  0.17275897778145932  0.17821996544937060  0.18362785977439552  0.18888862082575084
  0.19395631927206264  0.19948440249112184  0.20472261225098604  0.21018893464989236
  0.21556096880732695  0.22067424333147334  0.22572976561731467  0.23097482668253469
  0.23651719420811798  0.24241239043286186  0.24848826101835939  0.25449770709129177
  0.26030097524438611  0.26579928596655544  0.27105923662563147  0.27638073306183464
  0.28204177351332477  0.28798561270363776  0.29401234352404093  0.30017984252928415
  0.30613909392978000  0.31238882912391608  0.31879836926033656  0.32549172681215882
  0.33244805298790131  0.33956369326500596  0.34698205339154631  0.35456591894505635
  0.36167689760759247  0.36889731796923375  0.37647631745539512  0.38436459125716765
  0.39132656377041775  0.39752819720041654  0.40383164670714161  0.41105529826436871
  0.42057370545595801  0.43148739650500090  0.44312381851056909  0.45566464800573947
  0.46932762890934893  0.48419106707232623  0.50066384380296947  0.52000346610138481
  0.54072846259441554  0.56329839378555069  0.58678726253402991  0.60898652288217958
  0.63100959634677933  0.65635091791996403  0.68227453375411573  0.70885875890420569
  0.73532980340058141  0.75917866121802924  0.78121186074957283  0.80337745021168572
  0.82547104510917002  0.84763614088249084  0.86842560538381619  0.88781338513677632
  0.90514171021159173  0.92123824053035386  0.93711966686779835  0.95215089254902308
  0.96523799626981288  0.97730497028210961  0.98843890765383380  1.00000000000000000
  0.05162114518865422  0.27155103657965801  0.39872259006065541  0.48637334587543812
  0.54929841593467144  0.59949423269789626  0.64071771770522457  0.67629995119340758
  0.70534268621073082  0.73060060420700845  0.75282939841741736  0.77221165322523699
  0.78910323865123788  0.80436719546802626  0.81826965061459844  0.83093587503469379
  0.84236693516442074  0.85267326537236188  0.86196702818282811  0.87058619153343419
  0.87839423582195375  0.88547897103201756  0.89215097546716526  0.89829815350225739
  0.90383907675621189  0.90901321543476998  0.91390835148954108  0.91838776315958925
  0.92253754068858940  0.92647977403398696  0.93025519391688394  0.93386623858122808
  0.93727678726867902  0.94024996825340701  0.94299907791975890  0.94566377045116123
  0.94816923085746363  0.95057864870577102  0.95289040223444488  0.95511441073864878
  0.95725801451169523  0.95917595671763700  0.96087353949837362  0.96252123818440338
  0.96409357272930496  0.96557760828765338  0.96697136040875675  0.96834609160878382
  0.96971341821315671  0.97105062340527604  0.97233535118923864  0.97357695989921889
  0.97476831084563209  0.97590726259191174  0.97699902974379826  0.97803734636929807
  0.97901807814294040  0.97994601079161914  0.98081532041019748  0.98165639679227201
  0.98249098745668684  0.98328483945483269  0.98406330801478137  0.98478200536502991
  0.98547930899912817  0.98616465707795553  0.98682991754958893  0.98748039299540169
  0.98813061190964147  0.98873443276562700  0.98932548875058324  0.98989448321041695
  0.99043452152915334  0.99095559227106511  0.99148287131242052  0.99199011247418833
  0.99248714829146700  0.99295566073202646  0.99339286163693719  0.99380222871841217
  0.99418933521694697  0.99457519819430329  0.99495353493718564  0.99532321072851049
  0.99568251539972885  0.99602365484914790  0.99636339294683240  0.99670277881330827
  0.99703614853553491  0.99735914423194483  0.99768327852996497  0.99800918559078289
  0.99837774108211297  0.99882067030936772  0.99935710120572363  1.00000000000000000
 -0.02201200526103645  0.11086972227909343  0.15035021663700246  0.17663453875590951
  0.19759861408424395  0.21459241437099141  0.22958014664995266  0.24338963283681744
  0.25639062551889147  0.26843596087476401  0.27989187641631808  0.29114238849915736
  0.30209940596946266  0.31226942686142833  0.32168543646454950  0.33036648940155283
  0.33887048509666789  0.34740171145126264  0.35584669297409549  0.36382763005153723
  0.37170274235790746  0.37928086740433586  0.38653687603179132  0.39323877267672064
  0.39949991186072714  0.40576544956646105  0.41197717915070853  0.41831490217843958
  0.42452169262076522  0.43084711224961481  0.43719279803619571  0.44346367939786308
  0.44947529456385327  0.45530548581573477  0.46110054396478239  0.46646976179859079
  0.47149785155842361  0.47658803010749662  0.48199788468510807  0.48788354337894302
  0.49435113375360190  0.50103085964351779  0.50738348346299345  0.51373417048553416
  0.51976565659684060  0.52587076999493942  0.53212220595161908  0.53822959644127943
  0.54407347541201523  0.54965867947640812  0.55496439730809999  0.56018541168467273
  0.56555542203685960  0.57120241766975355  0.57716630063938834  0.58334692591515014
  0.58942798746327374  0.59519870656310281  0.60079634850782759  0.60623654429326890
  0.61165310949994067  0.61736988447462648  0.62327848376249950  0.62939615282615180
  0.63527674044655202  0.64081239220713782  0.64631520891791439  0.65179876802099368
  0.65753482771863669  0.66335014300496964  0.66914561120980898  0.67520961562778026
  0.68155245682787624  0.68828174808428089  0.69494459846176904  0.70137421436809899
  0.70785744955425356  0.71449419146151405  0.72130947849815008  0.72826839552874667
  0.73556660566943410  0.74335513581753887  0.75147474165092554  0.75973276213214225
  0.76820020646591503  0.77715933967565853  0.78678557707036412  0.79705279739749002
  0.80786826088525143  0.81926869674842528  0.83165564287172256  0.84573600818236661
  0.86210782704238620  0.88249171059825093  0.91593724881464222  1.00000000000000000
   4.5488513233116467E-009  -1.0000000000000000     
 F F F F F F F F F F F F F F F F F F F F F F F F F F F F F F F F F F F F F F F F F F F F F F F F F F F F F F F F F F F F F F F F F F F F F F F F F F F F F F F F F F F F F F F F F F F F F F F F F F F F F F F F F F F F F F F F F F F F F F F F F F F F F F F F
  <DiscreteSampler_grid>
  grouped_processes
  1 # 1 for a reference and 2 for a running grid.
  10 # Attribute 'min_bin_probing_points' of the grid.
  1 # Attribute 'grid_mode' of the grid. 1=='default',2=='initialization'
  0.0000000000000000 # Attribute 'small_contrib_threshold' of the grid.
  0.5000000000000000 # Attribute 'damping_power' of the grid.
 # binID   n_entries weight   weight_sqr   abs_weight
    10   10   2.402044424568759E+004   5.535149345454939E+009   2.402044424568759E+004
  </DiscreteSampler_grid>
