  0.00939651895352824  0.01650966407842055  0.02562242194479889  0.03555878474328676
  0.04605985616281792  0.05746413401165607  0.06877535541052188  0.07973469159252999
  0.09109437245771745  0.10266354965125245  0.11392097597249887  0.12457862405855488
  0.13462811773581174  0.14449326641295823  0.15453195506420703  0.16516780482923268
  0.17643198874961719  0.18801873880299957  0.19903583237065842  0.21024432065660781
  0.22014284904959483  0.23109583551640200  0.24161782176436516  0.25287827425597337
  0.26361642007340569  0.27467113473061494  0.28583243094139155  0.29741610296037141
  0.30891539257117046  0.32024131422554475  0.33147212893209582  0.34262752864192209
  0.35314884225334486  0.36314906658722773  0.37318164308560048  0.38408568106995133
  0.39573154695006496  0.40769125671160178  0.41934618416234315  0.43045177002237073
  0.44125123099667585  0.45192503778649001  0.46234114444421082  0.47232689169549263
  0.48218451978425508  0.49231848086937430  0.50223381274565315  0.51164694301050417
  0.52066600553214559  0.53017180700152688  0.54065772667978362  0.55113879334328364
  0.56161469339442660  0.57163071111443364  0.58086822470471600  0.59001662497997920
  0.59963483606175594  0.61012865204650368  0.62072257786200458  0.63102585051076909
  0.64168489212236446  0.65242898973739860  0.66327561317767370  0.67384910014891242
  0.68418851449317464  0.69453418059286565  0.70516902320347641  0.71566884855033963
  0.72611274959359529  0.73635115654530769  0.74627144218804853  0.75608565167695885
  0.76617319769780134  0.77754859744349325  0.78876886210568675  0.79898613705715515
  0.80875381138574776  0.81879293699623112  0.82928208349329302  0.84004658607361071
  0.85075571020924023  0.86169941737751965  0.87273111938542280  0.88322858124100523
  0.89353392278288324  0.90366803984523614  0.91403666671820549  0.92436702614689592
  0.93491644777645166  0.94550735369327954  0.95593253488867480  0.96524246205069553
  0.97409196686655608  0.98295322942385133  0.99097642528148111  1.00000000000000000
  0.00000249028696970  0.00000252179230035  0.00000255409631858  0.00000259796957636
  0.00000264714866129  0.00000269695802814  0.00000274416228873  0.00000281116502928
  0.00000288282055799  0.00000296635697906  0.00000305892230334  0.00000315375218576
  0.00000325203366840  0.00000335893094023  0.00000346752811649  0.00000357959129392
  0.00000371014061397  0.00000389726054717  0.00000411365523051  0.00000433549191420
  0.00000457475091713  0.00000483683399637  0.00000512316173881  0.00000543361244874
  0.00000577050260854  0.00000614238122864  0.00000655045855884  0.00000699111413007
  0.00000745181626338  0.00000792505047604  0.00000842986857809  0.00000896405855056
  0.00000952851769242  0.00001012430007874  0.00001075199571628  0.00001141392757329
  0.00001212011682396  0.00001287989073790  0.00001369360490106  0.00001453846108178
  0.00001540253038820  0.00001629328393317  0.00001723170465031  0.00001823577213119
  0.00001929015165574  0.00002053387808798  0.00002176250465866  0.00002301867778109
  0.00002432675436630  0.00002570951288939  0.00002719673296514  0.00002881366147209
  0.00003064874070869  0.00003256687341305  0.00003457723574069  0.00003670585630524
  0.00003897385715074  0.00004141625966308  0.00004391889560927  0.00004648200904710
  0.00004917647947870  0.00005206135137732  0.00005513714434881  0.00005844900522939
  0.00006204286880518  0.00006580577084907  0.00007007710725018  0.00007461903586281
  0.00007950209505361  0.00008477629523568  0.00009056651774036  0.00009685663436097
  0.00010360084992472  0.00011066756184135  0.00011850650943633  0.00012723636048464
  0.00013756651127748  0.00014993586012881  0.00016394768495228  0.00017947777029090
  0.00019753319449986  0.00021897808577201  0.00024381309759883  0.00027432274383420
  0.00031245799664368  0.00036157665249539  0.00042325013383727  0.00050368813388833
  0.00061691841358059  0.00079017118716999  0.00106218525485402  0.00152936481455406
  0.00260961457553582  0.00757791926401969  0.33654510151482803  1.00000000000000000
  0.00000235000595643  0.00000264038702231  0.00000289696135298  0.00000314634145133
  0.00000339826365921  0.00000366734469566  0.00000396255463628  0.00000426561105535
  0.00000456973976294  0.00000488661258483  0.00000522244562237  0.00000558384718679
  0.00000597678216093  0.00000637977808692  0.00000683023154823  0.00000730758011431
  0.00000780426759619  0.00000831015712806  0.00000883303109304  0.00000936136540546
  0.00000989853959607  0.00001045241127336  0.00001102613206806  0.00001165651291339
  0.00001235664222631  0.00001308929743594  0.00001382618973996  0.00001457882760925
  0.00001538090686478  0.00001623948385848  0.00001711109803395  0.00001802808204467
  0.00001897881093583  0.00001996970831037  0.00002099201990206  0.00002203894106067
  0.00002314364556124  0.00002434835147960  0.00002557472371218  0.00002687466964858
  0.00002819687589382  0.00002955717429953  0.00003093712959475  0.00003238908050562
  0.00003394365787482  0.00003553829997937  0.00003723747360423  0.00003905017214859
  0.00004098586050624  0.00004295749526555  0.00004501155105547  0.00004717170013714
  0.00004943235773377  0.00005178587753593  0.00005422171295633  0.00005686223210016
  0.00005998774172976  0.00006318152448160  0.00006653038812241  0.00007006810382571
  0.00007370886775989  0.00007746892864930  0.00008152951177672  0.00008592814619166
  0.00009070740446549  0.00009587253094414  0.00010133811976241  0.00010704889057192
  0.00011299065184808  0.00011940298409635  0.00012682337478523  0.00013518043223651
  0.00014377146582603  0.00015264287593219  0.00016225170528890  0.00017328613150374
  0.00018415753404622  0.00019591454964495  0.00020858134616168  0.00022423618535996
  0.00024448485859147  0.00027038266287984  0.00030073929774831  0.00033590632556216
  0.00037893632742932  0.00043061538744502  0.00049485306497160  0.00058161197011669
  0.00070149190082139  0.00088750222821109  0.00118383261606530  0.00165902085565928
  0.00285397112367956  0.00787019496141884  0.09467285350398645  1.00000000000000000
 -0.00242261561877296  0.00914969814175517  0.01912708215564224  0.02963026180785401
  0.04041360160537983  0.05166047330352312  0.06310983866661800  0.07381772080654589
  0.08376636167047753  0.09363849996552928  0.10370268314295068  0.11372174996600083
  0.12398689750805096  0.13435094367903042  0.14536230312766810  0.15632294469063748
  0.16690459894718115  0.17689473563058111  0.18698514551774417  0.19718452427511268
  0.20737584720229232  0.21740966096367165  0.22691973082684685  0.23630723202417081
  0.24553612757062984  0.25538743264253350  0.26552367920012848  0.27556345546094108
  0.28506806828438230  0.29499281344916722  0.30563159241654320  0.31618054642710197
  0.32661054995616584  0.33702119503824091  0.34691032794417859  0.35643297931007062
  0.36628963937563797  0.37706561036737618  0.38837559346239764  0.39920804604071308
  0.40998279577111457  0.42041302994637075  0.43101362439681024  0.44173085985322685
  0.45293406747338066  0.46421146326369778  0.47523100918104277  0.48608412042071120
  0.49698091364401065  0.50801161198854716  0.51887030835707060  0.52947930167501966
  0.54032215399778083  0.55138052575269392  0.56212290585634073  0.57265334630726894
  0.58316735669450648  0.59403373160723738  0.60434500728563534  0.61455774620685477
  0.62552344950534011  0.63676521418379017  0.64817616268187683  0.65926512539604143
  0.67082886301724509  0.68262651817642095  0.69436836221157883  0.70571215796809927
  0.71675940389171477  0.72715889508172582  0.73789077027634598  0.74714872954786571
  0.75602902485454504  0.76471251505180038  0.77440062557593425  0.78523550769780126
  0.79595146507895131  0.80622548833660368  0.81617741200708693  0.82659191172257851
  0.83689142559021745  0.84789769173985763  0.85901324578055904  0.86971951237247735
  0.88065346865470662  0.89088470126710373  0.90161345803518178  0.91138159432373334
  0.92184101860916035  0.93276277559684395  0.94463583608666024  0.95661853237380579
  0.96749262895503330  0.97849674812957010  0.98893049961225588  1.00000000000000000
 -0.00265708560205968  0.00988842951191146  0.01988300110622579  0.02999204315693979
  0.03998402181926734  0.04969215924682511  0.05993431251133827  0.07056026711981593
  0.08200891723811587  0.09390699054291612  0.10524092948230328  0.11582575622863078
  0.12609496977174608  0.13616463657465561  0.14614149424681147  0.15595997214041751
  0.16601999796003625  0.17531020224272470  0.18463444316926544  0.19491583777088764
  0.20599696866464937  0.21657251038177222  0.22675502028416572  0.23711428053723088
  0.24814731059659692  0.25910072955040941  0.27007873035943264  0.28147114970781650
  0.29242504027518623  0.30257386798457725  0.31190580652187772  0.32168041120023194
  0.33141127539632209  0.34142594007633886  0.35154139762101355  0.36192588847043716
  0.37265612075525401  0.38355157178278343  0.39476957244573863  0.40614780505573433
  0.41732907651447498  0.42873605018077438  0.43977265866855814  0.45062219100255013
  0.46127036806585647  0.47201592994375896  0.48308705008747549  0.49400320033772610
  0.50462432608890140  0.51516373166237728  0.52559703122696022  0.53606890133470275
  0.54646142689018984  0.55677809364269371  0.56714569861517916  0.57778123050424091
  0.58883631886787036  0.60026244120040329  0.61033597951202812  0.62010689445687794
  0.62936268238278881  0.63898558819305018  0.64967806965751296  0.66068205000973035
  0.67124704749939001  0.68092599865474912  0.69046348198100482  0.70044603676695216
  0.71099781460596023  0.72164083141624125  0.73243948528847291  0.74294676403860571
  0.75298870073888025  0.76312968596671471  0.77347441009332096  0.78377196772199387
  0.79380236246004454  0.80398279894662839  0.81408877707128968  0.82411958453420942
  0.83489797268374788  0.84597393815735356  0.85695226868389829  0.86758995001639572
  0.87823908497343306  0.88897904799330518  0.89950040837898260  0.91020355260512575
  0.92132168824487604  0.93300033702531382  0.94508345666761517  0.95666111943594889
  0.96763752371771283  0.97841675179974108  0.98881544275808120  1.00000000000000000
 -0.00216172647959566  0.00834930886603127  0.01794022536958544  0.02849182707279545
  0.03917287195987936  0.04969725913807507  0.06042996421833415  0.07129797023311991
  0.08155545765937483  0.09136871656836160  0.10138939277513541  0.11204108850181858
  0.12321914436140906  0.13394673950746469  0.14387005535632211  0.15359187223720999
  0.16357230582155388  0.17384633601278726  0.18421892308149296  0.19473551420624255
  0.20521504689457751  0.21536653079388698  0.22579612047459283  0.23687145412718894
  0.24848649648115265  0.26004344538221474  0.27148508458873255  0.28311638725925103
  0.29425875618604774  0.30497993752477470  0.31574079376550779  0.32652788666097676
  0.33691415057608365  0.34693005214138639  0.35620909255526750  0.36521471906833997
  0.37425717280493687  0.38370974762048166  0.39345304979820755  0.40334242165911549
  0.41382930877160362  0.42382070225815399  0.43420101848641490  0.44496048890703638
  0.45628126280933590  0.46626541298616120  0.47559757267664149  0.48505078707792526
  0.49514540997902190  0.50594810708678994  0.51679473334765313  0.52804513204562264
  0.53911090556101704  0.54971741921197104  0.56006423001317429  0.57076649068738416
  0.58149748740241181  0.59196803982218738  0.60252712834651445  0.61336030321971313
  0.62515110192985135  0.63710456262541593  0.64886150212916927  0.66036156014881275
  0.67085804111836544  0.68128238133396568  0.69119380856118218  0.70111107003907380
  0.71105555757883687  0.72135078418391496  0.73169386985351392  0.74237920666452151
  0.75334630409306402  0.76498599605790429  0.77628107669030655  0.78745381788095825
  0.79873253778585274  0.81029511858515268  0.82155791991083293  0.83239251169475148
  0.84256104317120750  0.85249125335918574  0.86235478157698431  0.87216317419782008
  0.88273406988100778  0.89404543046829743  0.90552056785102164  0.91656693903674424
  0.92716218948738471  0.93758151030786419  0.94792616593066770  0.95849527067050555
  0.96937469700509826  0.97981734268597342  0.98991340586543253  1.00000000000000000
  0.00002317545385786  0.00018807852720297  0.00053237006771096  0.00099032527724458
  0.00150688714291976  0.00192157990700832  0.00231203923116601  0.00272881109864749
  0.00315453420355270  0.00358888463755690  0.00402092928667028  0.00445011537877969
  0.00488419570373580  0.00531773031495502  0.00575978200640389  0.00621464057426554
  0.00668972732840038  0.00718472059887568  0.00769125142591105  0.00820470945241897
  0.00871456318383339  0.00922926844666868  0.00974877911880726  0.01028031259937028
  0.01082173892522888  0.01137336998777161  0.01192961785345511  0.01248222696162198
  0.01303428461035035  0.01357833670120666  0.01412759554744585  0.01466966626795043
  0.01520635668464342  0.01575477541824162  0.01633239271927263  0.01693534591864173
  0.01758818584507046  0.01824805390612963  0.01892627078853813  0.01963595195560174
  0.02035013665111090  0.02107258253534410  0.02181372690418968  0.02255291337031086
  0.02327558793694445  0.02400995946434578  0.02476661389928734  0.02555609441395145
  0.02639927458442394  0.02727876118766003  0.02823068775488649  0.02910520878680733
  0.02998923697405960  0.03085063401878264  0.03175240928740105  0.03268827120242506
  0.03367564322656180  0.03474013502830527  0.03586429799886361  0.03706077752788782
  0.03830872442054802  0.03959067186517101  0.04081336133604696  0.04204586809717016
  0.04324696538265847  0.04451738343922455  0.04577575473521892  0.04705570939545838
  0.04829046911769842  0.04953415948732769  0.05080175466089132  0.05209387386227393
  0.05339729769978366  0.05491530159001402  0.05697870956005503  0.05903634341224594
  0.06101510766130030  0.06297918029674066  0.06511442884707165  0.06732793710543088
  0.07033563101667113  0.07351854135677835  0.07687197792267132  0.08039088761181669
  0.08352051671382811  0.08691016005249856  0.09088273036438989  0.09481686424643920
  0.09983835490946602  0.10592079214729393  0.11369667472914506  0.12298890182742193
  0.14301567141812802  0.16969233668122086  0.50440072135922176  1.00000000000000000
 -0.00239398372708767  0.01023388596479134  0.02115197526409546  0.03282228570966369
  0.04504868169205541  0.05726404911373018  0.06904287868843750  0.08080250039492626
  0.09187165260646601  0.10298206312630451  0.11417132357966306  0.12535487169518950
  0.13629968370404846  0.14729170035264477  0.15889776808256803  0.17078040346439746
  0.18250854656287280  0.19449303193487935  0.20656061730411962  0.21836855890970067
  0.22984413330946799  0.24124379403851470  0.25207402254534461  0.26248558653419535
  0.27290927187595104  0.28367549303691175  0.29439783803160297  0.30427969556624118
  0.31366958009700197  0.32278162384880771  0.33276066685441896  0.34298447527212500
  0.35308819019464832  0.36317111398056606  0.37320310431910320  0.38338404164185086
  0.39376079239576239  0.40421018602574021  0.41493102703551538  0.42551090463909497
  0.43564991993046803  0.44497680582046217  0.45341192073705816  0.46149808615255289
  0.46979677918114821  0.47862891623401960  0.48815284255352487  0.49757826607437539
  0.50642341138054825  0.51514804449482210  0.52398630832079807  0.53313703694475734
  0.54245792369300494  0.55186383835776176  0.56122166162428089  0.57073781227938991
  0.58052337051495972  0.59038548796588863  0.59973718673557486  0.60858064038937032
  0.61756699548028515  0.62716117508643343  0.63718766634566248  0.64715691422592525
  0.65703285841131176  0.66691975977240259  0.67703785086952084  0.68770460299669822
  0.69867536746344261  0.70937992065732292  0.71961836494165243  0.72973030686216445
  0.74006167446342364  0.75027606754726506  0.76015566306432880  0.77006676950818342
  0.78032799286871002  0.79082133298600255  0.80127634119007274  0.81250649165823252
  0.82432569947506307  0.83592974424076882  0.84766568633493744  0.85941251557687881
  0.87088053183940639  0.88188600623944235  0.89299603715628828  0.90475570987287213
  0.91686900879408106  0.92908602612866464  0.94090208445946399  0.95215776280703579
  0.96377344985371693  0.97517667242941941  0.98737154794873405  1.00000000000000000
  0.04305448643513294  0.21597592215866709  0.31782823324036047  0.39434344392030485
  0.45499467278955624  0.50541790483516735  0.54807321955022303  0.58424786276100193
  0.61592549012329623  0.64315248837860417  0.66743785868422234  0.68960612625390783
  0.70962362846995530  0.72775962932763316  0.74437705768010554  0.75944133086114574
  0.77320816867641973  0.78610477736157380  0.79788413831797766  0.80879765253695346
  0.81896091568573670  0.82861428414235438  0.83752684275400080  0.84568026290574005
  0.85339159761562899  0.86054733818795814  0.86726505602530879  0.87365656877843167
  0.87966987525341167  0.88533011615163759  0.89062939102949079  0.89565147291953151
  0.90016376257644160  0.90448729257544891  0.90858846844560537  0.91253431273719832
  0.91633579348918748  0.91987158969871807  0.92333211577848218  0.92664621157308202
  0.92984838578605922  0.93293922174171828  0.93592605422488806  0.93871605893314780
  0.94128880696705297  0.94374332689855811  0.94617031645613048  0.94844467421877299
  0.95066553145268384  0.95277817255657571  0.95487823663214944  0.95689285251217449
  0.95882340306061964  0.96066914784352830  0.96243179781114108  0.96415227088923694
  0.96580134055133360  0.96738151670033712  0.96891608301273791  0.97039680842094866
  0.97184334661853644  0.97323078262435203  0.97450709035907968  0.97574425831769462
  0.97694528117038604  0.97810010855152618  0.97918579262870298  0.98019116604413026
  0.98122939455195290  0.98224664232345971  0.98321048651350906  0.98411682172571313
  0.98498043336221452  0.98581012908743804  0.98660431073170829  0.98736310878466838
  0.98810949339368948  0.98879190223210012  0.98946535424794402  0.99013244426312752
  0.99078820998056338  0.99143962747983372  0.99205066506814488  0.99265796017533769
  0.99325660955460682  0.99384325006170171  0.99441397231023454  0.99495236410365206
  0.99550992121158322  0.99606523687000192  0.99661128297256574  0.99716628470801039
  0.99777006681799818  0.99843190690436556  0.99917489781794289  1.00000000000000000
 -0.02123016746000343  0.10495655474486297  0.14388206588092151  0.16863356691809492
  0.18874437440276268  0.20560049908862049  0.21992894604739646  0.23292093859735227
  0.24493826915712230  0.25613985432846287  0.26679195898855373  0.27739011690919130
  0.28768591710671276  0.29771386860286608  0.30750980224162533  0.31705052088969737
  0.32569685635215379  0.33395978870178972  0.34164823882724438  0.34943119655949417
  0.35742915343928305  0.36543775152023877  0.37336889390984657  0.38103456939293651
  0.38873419498064421  0.39609268451697621  0.40403544919518608  0.41164930851702036
  0.41941865546761109  0.42651820587973083  0.43336665401408730  0.44018659299362728
  0.44687505735482114  0.45329570249971191  0.45966206384473468  0.46598304367986815
  0.47247747813918983  0.47928696683572825  0.48612189762858382  0.49290326464550438
  0.49951513643738626  0.50595657122540860  0.51256190349981856  0.51918356004866673
  0.52548516391121769  0.53144732384036941  0.53708894609882585  0.54262475695446122
  0.54827856004001263  0.55415258535397294  0.56029845394278111  0.56660558541822836
  0.57278202889876551  0.57898459235138910  0.58562389794639091  0.59127901712442399
  0.59705659173362990  0.60260353684133239  0.60830697985013882  0.61432955210526574
  0.62072523036117566  0.62715754669496149  0.63330795639839699  0.63907241547824944
  0.64454753311363899  0.64996291807003503  0.65536038444305178  0.66078062558675921
  0.66646006710012096  0.67246730544170774  0.67878977654815387  0.68530602945023222
  0.69200551160194346  0.69865438471944907  0.70480491905873877  0.71125848172949591
  0.71799192347701801  0.72507251487226976  0.73224583819588607  0.73938830162282065
  0.74670202830726462  0.75437266942781733  0.76245827001276933  0.77086109074790943
  0.77984799647764325  0.78938801201422260  0.79913693754459991  0.80892978398087090
  0.81902777191889597  0.83002799110734993  0.84253835829665902  0.85591369692169939
  0.87075016697149221  0.88896486773154526  0.91899051243270879  1.00000000000000000
   1.1888490684426231E-009  -1.0000000000000000     
 F F F F F F F F F F F F F F F F F F F F F F F F F F F F F F F F F F F F F F F F F F F F F F F F F F F F F F F F F F F F F F F F F F F F F F F F F F F F F F F F F F F F F F F F F F F F F F F F F F F F F F F F F F F F F F F F F F F F F F F F F F F F F F F F
  <DiscreteSampler_grid>
  grouped_processes
  1 # 1 for a reference and 2 for a running grid.
  10 # Attribute 'min_bin_probing_points' of the grid.
  1 # Attribute 'grid_mode' of the grid. 1=='default',2=='initialization'
  0.0000000000000000 # Attribute 'small_contrib_threshold' of the grid.
  0.5000000000000000 # Attribute 'damping_power' of the grid.
 # binID   n_entries weight   weight_sqr   abs_weight
    10   10   9.875153808272938E+002   6.594842151121324E+006   9.875153808272938E+002
  </DiscreteSampler_grid>
