  0.00929099242819322  0.01664063095671835  0.02721507530048195  0.03852465727163373
  0.04925611827038825  0.06002663848189355  0.07106255495451538  0.08185129533218921
  0.09236134233598453  0.10329894637691492  0.11499816210227197  0.12658097391849515
  0.13731608387315145  0.14813291155145708  0.15928982759941868  0.17122171486126872
  0.18300554231308241  0.19394070607627370  0.20398374733964206  0.21398728349640614
  0.22410197527534517  0.23474290007952966  0.24522354140264430  0.25579056026646008
  0.26692848917161832  0.27736032338869848  0.28738098260025557  0.29693199297567185
  0.30671579084498751  0.31713353726146060  0.32744070553012777  0.33737289681909649
  0.34696722357539167  0.35690383394751890  0.36756168830326558  0.37812016520816194
  0.38842869468320773  0.39878393262196749  0.40934088306797523  0.41901313091657361
  0.42856932579997059  0.43837288760777521  0.44875261625416679  0.45917137606889780
  0.46947378239867132  0.47957217610601249  0.49040546432055482  0.50120280604351630
  0.51243931534489728  0.52415710593756681  0.53670671295849748  0.54842150508404741
  0.55932251619821338  0.56994926020443670  0.58037769256835992  0.59064442770613668
  0.60051147040289110  0.61055276143939041  0.62084318606687394  0.63088498303599128
  0.64064618302388832  0.65055094656114443  0.66087352255344756  0.67152036234655210
  0.68233420219920382  0.69289116651499982  0.70322056067725869  0.71398208709126598
  0.72488471375686880  0.73539406196895329  0.74618038184308444  0.75685975092974711
  0.76782777210238284  0.77874008646982995  0.78953203993951049  0.80048191591897111
  0.80972887547306982  0.81932405570594558  0.82855861030641942  0.83857262379112962
  0.84897584946958049  0.85959382398543260  0.87047041336972120  0.88132649349171865
  0.89175779083565465  0.90186964360102606  0.91189047548265367  0.92290697071882721
  0.93419870274066896  0.94427605620667954  0.95393881122100421  0.96300330317277127
  0.97262915266690175  0.98338902160045139  0.99089014709209333  1.00000000000000000
  0.00000256558944130  0.00000273814240424  0.00000285383517302  0.00000296494461965
  0.00000307390482352  0.00000318777829503  0.00000331362630616  0.00000345536199593
  0.00000360465635137  0.00000377762271829  0.00000396984370148  0.00000417054391680
  0.00000439157320181  0.00000463923202479  0.00000490063633001  0.00000517639015998
  0.00000546806463832  0.00000578134920142  0.00000614832390101  0.00000651112813154
  0.00000689410637625  0.00000730441174159  0.00000774337313930  0.00000821473933579
  0.00000872058646498  0.00000924582638096  0.00000977501795569  0.00001030897192442
  0.00001085123644039  0.00001141522426799  0.00001200432100441  0.00001264309530480
  0.00001332737078553  0.00001403890771650  0.00001477861163396  0.00001559698719508
  0.00001646611950722  0.00001739402062310  0.00001838804812456  0.00001944275220149
  0.00002055032814230  0.00002171171071996  0.00002291993459341  0.00002420984243633
  0.00002552561666373  0.00002686994399452  0.00002822653136731  0.00002959676955094
  0.00003109501879227  0.00003275487397553  0.00003444386667312  0.00003639755216623
  0.00003848477961109  0.00004070631148677  0.00004307023904051  0.00004560749242241
  0.00004833960594903  0.00005122964630494  0.00005422128055334  0.00005755636634714
  0.00006124415460035  0.00006539082858423  0.00006988723597990  0.00007461398112649
  0.00007950539437596  0.00008451399518131  0.00008972573769625  0.00009550737719616
  0.00010221040918290  0.00010985027094297  0.00011823185087620  0.00012705064743089
  0.00013679265597611  0.00014760074760564  0.00016021178915372  0.00017496503932123
  0.00019247614677676  0.00021288398553661  0.00023531037084253  0.00025943413389373
  0.00028653942446127  0.00031960270482334  0.00036244158562289  0.00041575546688448
  0.00048616224149665  0.00058347258670874  0.00070656764789422  0.00087609772922779
  0.00115924482473355  0.00156940984841276  0.00227462753566258  0.00336061874660508
  0.00613043305920957  0.01471827478180777  0.16949779917150379  1.00000000000000000
  0.00000235726753434  0.00000264916196977  0.00000293686885263  0.00000323665635588
  0.00000355556701486  0.00000387475663829  0.00000419808561625  0.00000454130520024
  0.00000490797190041  0.00000529847714899  0.00000569631366627  0.00000610711150065
  0.00000655292545803  0.00000700200549209  0.00000748270220190  0.00000799573885913
  0.00000853245046820  0.00000909026203523  0.00000966936266026  0.00001026972674242
  0.00001089623344142  0.00001156149085105  0.00001225407037666  0.00001294836165815
  0.00001364922561565  0.00001436233466429  0.00001511385407115  0.00001591932533461
  0.00001675711182857  0.00001765258155621  0.00001856630139914  0.00001950104493188
  0.00002047839951651  0.00002150158628448  0.00002255535439317  0.00002362330394303
  0.00002473576880906  0.00002593972094494  0.00002724440779059  0.00002863770070892
  0.00003006577523508  0.00003150702759963  0.00003296811812599  0.00003445336398196
  0.00003596543889009  0.00003765527374725  0.00003950505261436  0.00004146117318390
  0.00004348148591098  0.00004557123890786  0.00004775962885969  0.00005008650403112
  0.00005255188675349  0.00005516194928818  0.00005794766911934  0.00006078793688228
  0.00006384180883957  0.00006708529777766  0.00007042405707222  0.00007395777400813
  0.00007769570833723  0.00008153810920408  0.00008576888927499  0.00009048138954280
  0.00009558793154694  0.00010113308712923  0.00010703416191748  0.00011330434144155
  0.00012021271940612  0.00012770614218049  0.00013555902892900  0.00014478126900539
  0.00015549368230884  0.00016699053432745  0.00018011288812921  0.00019570766060064
  0.00021310314911032  0.00023275077120459  0.00025514586885419  0.00027965939647128
  0.00030972114493258  0.00034300076970420  0.00038204718552476  0.00042987381925699
  0.00049542911659785  0.00058176989402722  0.00069018390080126  0.00083542715141446
  0.00105444387723775  0.00137539447107172  0.00190264968579555  0.00322659378628957
  0.00587400959869909  0.01279271642999883  0.19039907967045605  1.00000000000000000
 -0.00258283491782622  0.00989506256279689  0.02122480120884011  0.03299596412696788
  0.04457052792990206  0.05601623227359015  0.06698644221535117  0.07762233458987497
  0.08813408864349764  0.09833475494104535  0.10783017529916640  0.11712871815964532
  0.12619245301813478  0.13671982005060113  0.14684651997489645  0.15684950373725789
  0.16662990619633883  0.17702590790402734  0.18790951975289569  0.19865896541034583
  0.20922195458893345  0.21945437989438829  0.22981628888053360  0.24128005742226746
  0.25143321271934255  0.26149633558864110  0.27121489993638354  0.28247414246231284
  0.29306761541474946  0.30314193503246611  0.31288504691423291  0.32300531393905696
  0.33421069987630642  0.34558713175114647  0.35657920391667236  0.36682531988008527
  0.37730711725720301  0.38820606767380611  0.39936280477161884  0.41069597955286391
  0.42229900435714474  0.43391335559194699  0.44522114841165578  0.45656818156131457
  0.46811435747309449  0.47971088461381023  0.49112796338211923  0.50219216172551762
  0.51281459600181023  0.52305706067273861  0.53325683539052471  0.54343634278467812
  0.55356217990114875  0.56334426173069674  0.57297081344112122  0.58274338911842172
  0.59232044222369684  0.60171471474982563  0.61128681202018365  0.62140766890079313
  0.63235547001727554  0.64323468619059387  0.65374431856821591  0.66390567659406963
  0.67424385789786490  0.68491996046594383  0.69578148547281859  0.70647815632632893
  0.71696394987056833  0.72748130060307803  0.73784757840261095  0.74789158540928991
  0.75753596809148305  0.76754051946961932  0.77812307441659045  0.78931899966777175
  0.80095817633920874  0.81222980590494487  0.82316310308763174  0.83376956982253481
  0.84435884976373576  0.85520171764223596  0.86615667915775807  0.87724050832143596
  0.88865897380322556  0.90021545798420977  0.91169173375436463  0.92278296131883586
  0.93308696816634407  0.94265574030565835  0.95220173883306924  0.96182809147227810
  0.97180057376745010  0.98153797876634608  0.99082186240827907  1.00000000000000000
 -0.00284978422107338  0.01052949320736499  0.02140477138613633  0.03179328780698448
  0.04254092602641226  0.05370136177741965  0.06506153874298912  0.07590520994048540
  0.08600297266330731  0.09576967427029860  0.10581357953298454  0.11686544405302057
  0.12825923519223670  0.13958591044086166  0.15059596659413524  0.16116660930541052
  0.17155516006349394  0.18183182621806016  0.19227471997995602  0.20287760462524657
  0.21366691057812537  0.22465812625370996  0.23564179520440023  0.24642450656824386
  0.25670072960241047  0.26651160668923357  0.27663655905586237  0.28658587975469246
  0.29634219780108972  0.30589257014873522  0.31577867645310886  0.32646294574379942
  0.33765424067872324  0.34796808795081507  0.35784593292747213  0.36795731608389337
  0.37752115551158083  0.38660406581830059  0.39521129763127050  0.40462782166782729
  0.41417128930180908  0.42379856311708386  0.43336636792605965  0.44341784089768327
  0.45388889251062026  0.46429833853605640  0.47460671556222722  0.48514037542961991
  0.49611249358606491  0.50742713074144641  0.51882853699507836  0.52999653259516122
  0.54118735429858966  0.55250487079299593  0.56395878660841214  0.57456768354967858
  0.58559890983084062  0.59693733369493374  0.60831169309968725  0.61966344152475439
  0.63114909348743364  0.64286158063909682  0.65458280053132856  0.66583508549381243
  0.67666134571877667  0.68661385179690648  0.69697414190730145  0.70735462732384335
  0.71844134208313470  0.72902575155164739  0.73781570029107924  0.74659754362697628
  0.75585624389054873  0.76559225364460537  0.77537084556173608  0.78504445140455148
  0.79488552074391750  0.80476064677642500  0.81480195646442910  0.82484515947329962
  0.83529672665159560  0.84580602128581717  0.85618514182622396  0.86657271037728534
  0.87694397970514393  0.88756312434654439  0.89866242214314107  0.91012562589117973
  0.92182399833139450  0.93369717786793838  0.94559445724006852  0.95723649463433058
  0.96857618371201859  0.97949652277831922  0.98982171456862056  1.00000000000000000
 -0.00249693535693074  0.01006011478055255  0.02050733070372687  0.03143758831824062
  0.04216697411304471  0.05283111150279729  0.06445823397327401  0.07542891764396162
  0.08524493722256382  0.09472365618578218  0.10430119013839381  0.11458563274199543
  0.12535248993791262  0.13572563176967464  0.14572346842113235  0.15643650669688447
  0.16707284916704537  0.17752123270027043  0.18804516613730504  0.19875691891462013
  0.20926581519864768  0.21971386511279672  0.23046712943972986  0.24219077307474873
  0.25419431646916374  0.26567969580894835  0.27683311802600702  0.28776225589955273
  0.29833942560790394  0.30899083005826000  0.31959787930423711  0.32998628268204666
  0.34071490600195736  0.35119304005435775  0.36138402891440219  0.37154921094596327
  0.38161637539918025  0.39221131376928486  0.40321947587222451  0.41407952369529311
  0.42481907084743675  0.43564339671167746  0.44621710705548012  0.45665270732573232
  0.46678208194835147  0.47719678630063211  0.48826892445044817  0.49904854027266188
  0.50931197596520039  0.51954639552458259  0.53017837555151393  0.54040403478229126
  0.54984238531200347  0.55923429623437915  0.56934603430151964  0.57989441601137670
  0.59011136119109886  0.60020536502783650  0.61128377980143911  0.62334075553059309
  0.63551047206316058  0.64681798567591242  0.65639924935920702  0.66555199067419102
  0.67454550200993213  0.68344566162528653  0.69254721246385798  0.70188871284075349
  0.71208503785814481  0.72265157674729108  0.73358100737466247  0.74462402403081784
  0.75588788979556565  0.76626663129434103  0.77680605553766569  0.78683080682780826
  0.79744473222956136  0.80867298333108306  0.82037873765274005  0.83181846671867921
  0.84275878055326126  0.85335212137109173  0.86358070808154608  0.87437149367509726
  0.88600016101590562  0.89812164297026520  0.90839661078787093  0.91920393814732881
  0.92891893418162097  0.93811690411083626  0.94750339376775183  0.95717045560860403
  0.96871202072385465  0.97925549623960240  0.98983453252637565  1.00000000000000000
 -0.00002215364675201  0.00024932723137109  0.00063230956692680  0.00111795129907115
  0.00168822035386750  0.00220651646701410  0.00268250695421034  0.00317357392430846
  0.00367890251759787  0.00418912028070432  0.00470447718547775  0.00523351288797831
  0.00577874804763251  0.00634110900833632  0.00691308937889258  0.00749105047902041
  0.00807663186698626  0.00868182603972734  0.00930669533760148  0.00994473354468216
  0.01058700320819659  0.01122443357188805  0.01186471257447249  0.01253932864666772
  0.01324084009525956  0.01396604297543467  0.01469568147984527  0.01544084627478130
  0.01619511793923640  0.01696820046716194  0.01773632922335041  0.01846557705989079
  0.01918483872941490  0.01993239993436186  0.02071917177970791  0.02143266328955197
  0.02214732001644211  0.02289521068196227  0.02362878576234130  0.02428249367845884
  0.02491983130602595  0.02558961579961605  0.02629471656446764  0.02705781138845683
  0.02793803539256203  0.02890986898849395  0.02982470369522459  0.03074691057036652
  0.03170904640084077  0.03262929885015645  0.03356902343963858  0.03449126097431755
  0.03543211113657262  0.03643454786358607  0.03744867923173940  0.03842367973674673
  0.03941830197902203  0.04043690016646255  0.04144332587388078  0.04245402420133711
  0.04342693321905346  0.04453580334156781  0.04574048936453769  0.04691145357874714
  0.04811346622880248  0.04936430828791621  0.05066739844191182  0.05199334658631975
  0.05332268341661983  0.05462377469773369  0.05592013730718979  0.05738764568204580
  0.05884720434194980  0.06037967305476184  0.06185501682384504  0.06339823589174409
  0.06526387002367505  0.06736944493887016  0.06919163986995756  0.07089211236562792
  0.07288443892221184  0.07531934863000621  0.07773748291497287  0.08019368274563500
  0.08297817094570671  0.08557119265502530  0.08834464080983538  0.09157144658805516
  0.09480452508390513  0.09811641569473591  0.10236092598165310  0.10743955696298367
  0.11957773371496135  0.20896305706025536  0.53236265662400983  1.00000000000000000
 -0.00293602359374559  0.01121842007946081  0.02265229429841684  0.03437078188560467
  0.04634908602247793  0.05877095906524323  0.07065110024959836  0.08247846427973088
  0.09432203903815287  0.10592429091208462  0.11753647155434654  0.12928516334364884
  0.14059559224349158  0.15144595639232469  0.16215962510455617  0.17270172186402966
  0.18276044399315466  0.19271506586588164  0.20317958754193599  0.21449479811228597
  0.22618829418720457  0.23679310394233324  0.24716420874201908  0.25743180829390605
  0.26795683419986488  0.27867370593054941  0.28910287126165635  0.29884857163146455
  0.30828020427028163  0.31741997805172584  0.32684479473802602  0.33685521620447378
  0.34671427080013728  0.35667155680710988  0.36642376484143813  0.37595728570808024
  0.38529804442574433  0.39467279967188368  0.40382811806042440  0.41298789852358070
  0.42245639021556197  0.43205281204356760  0.44179299468453520  0.45143605986951074
  0.46081238243799005  0.47021223555458713  0.47969630013877301  0.48921594802683310
  0.49880161824145303  0.50826266999779646  0.51783406766977780  0.52774079201179058
  0.53776128722095462  0.54726628247008646  0.55623168486358066  0.56513971741899460
  0.57447694192428000  0.58441489048358997  0.59454758414942788  0.60472628671982964
  0.61477013249216217  0.62444907498889268  0.63407568695422456  0.64414408309036142
  0.65525467170416363  0.66647109666155280  0.67663861406034043  0.68664164872010935
  0.69696840839023499  0.70788741207100681  0.71858592712071989  0.72937545836006001
  0.74042393675780871  0.75132017783652449  0.76213059108680326  0.77280058499244519
  0.78272064738052161  0.79243186615677297  0.80266786856900862  0.81342525288494072
  0.82485247838112818  0.83712192377051520  0.84996169509863839  0.86299971154904909
  0.87609058957598929  0.88892143772667476  0.90109278777391377  0.91274875807765188
  0.92423344777454164  0.93562103471822078  0.94704643461627602  0.95850476414746777
  0.96967248210068668  0.98034043032882634  0.99038079865869144  1.00000000000000000
  0.01331562876253117  0.20050842895790261  0.31559330592963686  0.40088372827088603
  0.46433423135318963  0.51729355394225518  0.55958660733022814  0.59569578995367323
  0.62707584541375161  0.65452118500279299  0.67920563208106099  0.70146803774744493
  0.72114957179417583  0.73866740248946783  0.75458594722837224  0.76920437086583404
  0.78270834518370114  0.79528418136139889  0.80663146448763257  0.81726861203291490
  0.82705889878501815  0.83626628166652761  0.84475346140536611  0.85274194773100298
  0.86025361270118661  0.86741099470953409  0.87420859102302961  0.88039048443223888
  0.88612600173487688  0.89163461074865291  0.89682502389542207  0.90166412408008179
  0.90625093196893514  0.91058019474392704  0.91474404173914581  0.91855831349494688
  0.92201314715714733  0.92532877887388931  0.92849663480300448  0.93159122763070967
  0.93465328011494220  0.93750416963450323  0.94007360874603174  0.94253257327704776
  0.94494071535878577  0.94736999870481386  0.94968779678472737  0.95189840293007766
  0.95404202345547884  0.95613927917294039  0.95804655306804409  0.95980142866580731
  0.96147652528760252  0.96308569922397513  0.96465702110992246  0.96616064018202297
  0.96761755121076154  0.96905507781078926  0.97046056005693093  0.97182386055260439
  0.97313560703692392  0.97437991956357362  0.97561004483287650  0.97681818730204906
  0.97798912932586046  0.97910322992436627  0.98015302281843153  0.98115303533227127
  0.98212990182869742  0.98307416167033690  0.98399672110273328  0.98490231755891688
  0.98576155619629746  0.98656198372589110  0.98732067742791618  0.98808380125811524
  0.98877391504037748  0.98944450888600255  0.99010057109359173  0.99072873272703110
  0.99131707575213013  0.99189370653084441  0.99245834453463433  0.99300903505418625
  0.99354821845486796  0.99407793939951872  0.99459823267603908  0.99510996118523654
  0.99563074310510880  0.99615637100242105  0.99667888477004118  0.99721124048718668
  0.99778527945281348  0.99841987973941138  0.99915543149334385  1.00000000000000000
 -0.02131986612406033  0.10568025398693418  0.14659892299798477  0.17294565890702213
  0.19250049538948108  0.20854728433116082  0.22321642873665956  0.23685057993773567
  0.24815803473492584  0.25844318245275616  0.26864255223981937  0.27946755259416522
  0.29052133064876728  0.30078377119469174  0.31044975224910443  0.31955504396833390
  0.32831631590584881  0.33714927864007838  0.34611107550139536  0.35466978151576356
  0.36273547204479412  0.37043790157385525  0.37818996906587204  0.38637234409049925
  0.39475611477460876  0.40271361486747881  0.41043905533728786  0.41765488851460003
  0.42463469266906545  0.43124630209026854  0.43774268978209702  0.44402327260516311
  0.45039139485831331  0.45673654434244521  0.46331020949038693  0.46976224816772510
  0.47575098364413060  0.48172369833440820  0.48753757252396251  0.49351146450074662
  0.49968942169477160  0.50581501284403141  0.51212682701210943  0.51853406477180319
  0.52471444076956786  0.53062036366223309  0.53636157076441582  0.54234402001537885
  0.54863085082495833  0.55503394848169141  0.56132796819118191  0.56741807734976424
  0.57359285036628538  0.57966497941019623  0.58571072660427559  0.59199470678792854
  0.59847754193786495  0.60496672587491696  0.61136589953268206  0.61759100948197310
  0.62377355698907844  0.62969681790058318  0.63544095135804568  0.64119116973148182
  0.64700237872574673  0.65284199991993763  0.65858537226375058  0.66430488820260225
  0.67015719430163012  0.67620198960006828  0.68247589081635474  0.68887509650383782
  0.69523819906854667  0.70157732301700593  0.70789629363076967  0.71430328657448383
  0.72098043462253647  0.72787997262559545  0.73482490520873744  0.74180883073706416
  0.74914991849745627  0.75722610153435310  0.76496844445480872  0.77286641892829566
  0.78091908638775254  0.78936931608048766  0.79896665646978482  0.80878947937653400
  0.81921917815357304  0.83038972280569134  0.84205964910351516  0.85473555859730088
  0.86969079564499385  0.88846593515243810  0.91970738206110814  1.00000000000000000
   1.2226843169940405E-009  -1.0000000000000000     
 F F F F F F F F F F F F F F F F F F F F F F F F F F F F F F F F F F F F F F F F F F F F F F F F F F F F F F F F F F F F F F F F F F F F F F F F F F F F F F F F F F F F F F F F F F F F F F F F F F F F F F F F F F F F F F F F F F F F F F F F F F F F F F F F
  <DiscreteSampler_grid>
  grouped_processes
  1 # 1 for a reference and 2 for a running grid.
  10 # Attribute 'min_bin_probing_points' of the grid.
  1 # Attribute 'grid_mode' of the grid. 1=='default',2=='initialization'
  0.0000000000000000 # Attribute 'small_contrib_threshold' of the grid.
  0.5000000000000000 # Attribute 'damping_power' of the grid.
 # binID   n_entries weight   weight_sqr   abs_weight
    10   10   4.796046616320522E+004   2.253473597846284E+010   4.796046616320522E+004
  </DiscreteSampler_grid>
