  0.00868919622142037  0.01797155586525123  0.03050605508727607  0.04271916484544491
  0.05339512926246709  0.06353234420138273  0.07329587314758514  0.08323958417755456
  0.09388057360252731  0.10493659048121315  0.11618674713113140  0.12734301868192180
  0.13800426748353259  0.14818681851863022  0.15842114132362292  0.16876693517662583
  0.17915157493921621  0.18921205021343188  0.19888504330470810  0.20910329311407125
  0.21928349298490923  0.22926189703841718  0.23940590283096791  0.24972593513136027
  0.26099415601733333  0.27227943868314097  0.28302659284675163  0.29380677085746842
  0.30423887756343987  0.31526365537473278  0.32572319609985356  0.33618081617972490
  0.34710758524241603  0.35728320266127223  0.36757554701462680  0.37767088743997551
  0.38881489349668796  0.39989651922888397  0.41112798945905787  0.42191263662495571
  0.43270135174809543  0.44329684597749819  0.45423551933003203  0.46517644388907670
  0.47647808535569142  0.48783214462798180  0.49920774016955627  0.51009326602902483
  0.52063989082314588  0.53041488545271787  0.54004282510508017  0.54983548124085835
  0.56047524531277049  0.57149918820797696  0.58216870442930946  0.59267355632674168
  0.60306301144870866  0.61395996907547035  0.62503547631072909  0.63585000565132221
  0.64649177790614809  0.65704141423938500  0.66740401022720408  0.67735147632564208
  0.68723630189989138  0.69723188845911788  0.70737864368585468  0.71733311869232519
  0.72698898512002397  0.73672163541799596  0.74631238354251306  0.75641390521280882
  0.76688739658770122  0.77777428742557753  0.78900669948788427  0.79992832917598744
  0.81056468602896814  0.82050106191448857  0.83031048733193558  0.84010797143600946
  0.85001298283414450  0.86053925405297549  0.87162791582353016  0.88283860058489361
  0.89400114601437175  0.90514283162406173  0.91619302560629989  0.92652743189994946
  0.93649762459094765  0.94632700341850207  0.95555269255188746  0.96479403427810073
  0.97384836551552534  0.98649506830990297  0.98997003484072899  1.00000000000000000
  0.00000258039701643  0.00000275205002428  0.00000288309178344  0.00000297683347202
  0.00000308627570346  0.00000320458955955  0.00000332471628023  0.00000344773166047
  0.00000357954058882  0.00000372922374448  0.00000389848396667  0.00000408318422254
  0.00000427654584867  0.00000448116278629  0.00000470967697025  0.00000495256404862
  0.00000521723382613  0.00000548346501714  0.00000574670066698  0.00000603533894038
  0.00000634335017836  0.00000669106473873  0.00000704987440527  0.00000742779978148
  0.00000783594815187  0.00000829770102165  0.00000877949290993  0.00000926288824103
  0.00000978030132987  0.00001029685072958  0.00001086783523722  0.00001147573680431
  0.00001210894454296  0.00001277929622510  0.00001347299778305  0.00001419150057966
  0.00001497931561426  0.00001580910075079  0.00001665786610612  0.00001756439232157
  0.00001852276392035  0.00001951814773657  0.00002056656702381  0.00002168764891943
  0.00002285800770061  0.00002408135479428  0.00002539870607901  0.00002667870494771
  0.00002793842802380  0.00002925304458529  0.00003065777580050  0.00003219817012596
  0.00003386166940195  0.00003556604159636  0.00003736553774988  0.00003922440305267
  0.00004105614199947  0.00004337539063276  0.00004581566505965  0.00004836730931522
  0.00005098095101239  0.00005369505487877  0.00005659474111034  0.00005974129853617
  0.00006314956240447  0.00006685262049504  0.00007088852610356  0.00007503589109907
  0.00007963848994152  0.00008440554477528  0.00008941015899590  0.00009515807378947
  0.00010147200508119  0.00010865537205146  0.00011632123473502  0.00012508958049429
  0.00013473283065650  0.00014493211838095  0.00015634187568282  0.00016932324468172
  0.00018418044794541  0.00020099254335657  0.00022145816294204  0.00024738202896357
  0.00027802782911807  0.00031512391505584  0.00036109562264038  0.00041873746992415
  0.00049394822040916  0.00060236087052082  0.00076619900947036  0.00105527779430112
  0.00169448533344617  0.00453235854689352  0.45388519538484484  1.00000000000000000
  0.00000236018090465  0.00000261263492838  0.00000285931446582  0.00000311246755468
  0.00000338162082898  0.00000365057626362  0.00000392325710333  0.00000421103589399
  0.00000452154043495  0.00000485241752539  0.00000519052246507  0.00000557533426937
  0.00000598979228494  0.00000642814634305  0.00000686393506281  0.00000729127516494
  0.00000773099588804  0.00000819330810895  0.00000866659477303  0.00000916059082661
  0.00000971510884146  0.00001028986067142  0.00001090008918172  0.00001152475596055
  0.00001215502641085  0.00001280205023907  0.00001348008813143  0.00001418111839414
  0.00001491335380449  0.00001574628149750  0.00001661382549553  0.00001752471756146
  0.00001845558482835  0.00001942211272080  0.00002043182190834  0.00002151395913378
  0.00002262996483313  0.00002369352184334  0.00002472676372609  0.00002577444166694
  0.00002684395720349  0.00002791308782602  0.00002903931808375  0.00003020701645703
  0.00003149719384296  0.00003286488057295  0.00003427985840000  0.00003578227597111
  0.00003740977182361  0.00003908404070863  0.00004081397058369  0.00004265051101680
  0.00004457390299648  0.00004663910197172  0.00004889171308366  0.00005125120709030
  0.00005367619307883  0.00005613850633098  0.00005872601125758  0.00006153367443955
  0.00006460654374745  0.00006815252656218  0.00007165765685397  0.00007520988106390
  0.00007892089068586  0.00008281260899703  0.00008715851767999  0.00009214823865015
  0.00009773097222145  0.00010385124717214  0.00011074005372072  0.00011797680270933
  0.00012605139346945  0.00013414087077227  0.00014302253500138  0.00015216674482932
  0.00016179607967142  0.00017223347474837  0.00018403511677807  0.00019790881134562
  0.00021476652564764  0.00023554876822492  0.00025980401646999  0.00028721841339647
  0.00031732989749275  0.00035120978667031  0.00039010148073530  0.00044017483515992
  0.00051138988466193  0.00060632550873706  0.00075250885528980  0.00099481326894562
  0.00142764397651875  0.00298616673795002  0.24825146288052441  1.00000000000000000
 -0.00225161717970041  0.00902679646800885  0.01917789704634164  0.02801293897775132
  0.03759734313073377  0.04801464768662786  0.05868660282073274  0.06826937209767089
  0.07781669282227038  0.08811392170140117  0.10010883197142745  0.11090906682354074
  0.12104933286087532  0.13167475459494624  0.14205381772092968  0.15199964936346844
  0.16163117799404816  0.17162612190215498  0.18202847174577377  0.19240719464645589
  0.20257177724774272  0.21266757584225729  0.22294488639604429  0.23344246606624611
  0.24392097486032949  0.25418365392429237  0.26432050401633861  0.27453793285676165
  0.28478386876778256  0.29478262971187064  0.30490388191320661  0.31551361736292205
  0.32620108285274491  0.33667328552585779  0.34722096803424252  0.35827832870082549
  0.36960278218360743  0.38053713147153229  0.39104833208289064  0.40140491217493440
  0.41205051509136270  0.42316453847182339  0.43465065891203480  0.44549891844140860
  0.45590238895060137  0.46660844189346684  0.47794707553330040  0.48919696585618472
  0.50005565744121427  0.51086341687387693  0.52140826452821187  0.53153794170002611
  0.54144710427165887  0.55169870037009039  0.56250239901399368  0.57420276230645240
  0.58595335754408306  0.59728083686218614  0.60803291522007896  0.61861757604153589
  0.62907808746947180  0.63961613541903684  0.65031871100782712  0.66134467372916084
  0.67260175631955899  0.68338951517970514  0.69387112334391055  0.70388230944466712
  0.71423060654783810  0.72419395182955981  0.73443751326292850  0.74464737386996604
  0.75502223766212340  0.76563661455153131  0.77639928972592154  0.78700954213348884
  0.79740298244640584  0.80780208577549462  0.81830411816334470  0.82867091901354162
  0.83887363181437613  0.84901651195194239  0.85926929100883398  0.86981643651997209
  0.88104619286878061  0.89221978419532322  0.90278063069738446  0.91301021607037991
  0.92296349192966365  0.93301644603325640  0.94370586865103212  0.95503471672896090
  0.96607230659835919  0.97698898501736975  0.98826096321051748  1.00000000000000000
 -0.00260635919512115  0.00976080490291754  0.02050715804272132  0.03117112955386434
  0.04155045580603509  0.05157102346544326  0.06185856000205629  0.07239236330886992
  0.08286704376843625  0.09318686279900645  0.10353928044669423  0.11427288918917999
  0.12466497614577933  0.13538709491878947  0.14628071545111299  0.15753780518327523
  0.16855483208000782  0.17950794052606051  0.19044453920243842  0.20146365908311725
  0.21276331733144030  0.22435130288359301  0.23557519727790166  0.24623276151309151
  0.25641833118342910  0.26650689819457574  0.27647384432125754  0.28651411233013180
  0.29659591015901782  0.30777715799530592  0.31829412171175991  0.32875602039584184
  0.33926488238584196  0.35006903792888783  0.36066045289660803  0.37013056483769863
  0.37992985292878800  0.39003670490168513  0.40067260376142877  0.41125483171914839
  0.42246036184652519  0.43366285139064348  0.44468725996757308  0.45553492042039723
  0.46683541403152423  0.47772453280783361  0.48878232853201464  0.49959611513474500
  0.51097621952129157  0.52213856440340245  0.53296103437790965  0.54379066692847322
  0.55458912772102875  0.56549352272627307  0.57634767486995719  0.58735877697034966
  0.59806961924527602  0.60841030192972934  0.61839223022866519  0.62852883686296701
  0.63901123893284129  0.64986848012397691  0.66073114974062419  0.67091577717062878
  0.68039189181307613  0.68991101005553779  0.69945041103519490  0.70926295539476836
  0.71900231833828043  0.72888951595087814  0.73974961663128547  0.75118958952884884
  0.76291588751665107  0.77443026438568729  0.78550515687461520  0.79615747928767588
  0.80682558139076344  0.81808808544392631  0.82938204246659197  0.83869985437138472
  0.84678177159574264  0.85585161566217038  0.86580309762287289  0.87577917393097937
  0.88526198794407185  0.89486287821286292  0.90525010369461811  0.91595287056710506
  0.92675473093209104  0.93750002119497344  0.94799370814580530  0.95813800422610784
  0.96833466044665129  0.97854490980392861  0.98938603956535220  1.00000000000000000
 -0.00271385566410717  0.01037469396100306  0.02202934070842148  0.03325269555167271
  0.04481501678098927  0.05648390770510857  0.06755188532419519  0.07824802771471320
  0.08840170677671713  0.09860625633295446  0.10887912880573715  0.11926026568836104
  0.12952399210180712  0.13963092271142419  0.14977973563732130  0.16012654384648584
  0.17084641503258846  0.18176918856049060  0.19242324391332036  0.20289783308788473
  0.21343475495450681  0.22427706304116474  0.23500048174914373  0.24512283946161087
  0.25502809807687588  0.26491058764752939  0.27476554435764933  0.28504323693790889
  0.29602974922285813  0.30773504735026769  0.31915745766201614  0.32944891647093794
  0.33922240578962876  0.34923711112675160  0.35977717566472922  0.37041197876771875
  0.38121418037966415  0.39209898442332630  0.40185829556443597  0.41109464303006921
  0.42083583546320952  0.43066672361528224  0.44006482503633249  0.44889663292922533
  0.45805884960418353  0.46824691428030857  0.47919615900095902  0.48971925109723974
  0.50084209014838910  0.51097200154822375  0.52162862035799751  0.53252250575928906
  0.54373952739526932  0.55476431743115262  0.56582025506649702  0.57709748098744440
  0.58865156288299136  0.60004671101434637  0.61095804277459009  0.62149199662555343
  0.63180213268417151  0.64235016591643790  0.65310160775163995  0.66406783623196664
  0.67543772563772164  0.68625415423431979  0.69706553831163298  0.70716557737686847
  0.71706988018924478  0.72705127033985417  0.73745366515196198  0.74819565527136567
  0.75853909304027156  0.76818108913822969  0.77761714956330719  0.78707508219548983
  0.79740109199190723  0.80878598958381676  0.81999590100794417  0.83076943970850248
  0.84129569166750739  0.85139656065204983  0.86125838359884521  0.87149175695219561
  0.88218952808413187  0.89364132834017873  0.90467405969271875  0.91592555136480325
  0.92667195134769453  0.93698402785826118  0.94726254200406457  0.95754830552261061
  0.96824985920305728  0.97917260369820502  0.98968324967386123  1.00000000000000000
 -0.00000068698979850  0.00019665945294371  0.00053951278459085  0.00100877028876072
  0.00164228907968938  0.00221345295209025  0.00270646049404698  0.00325043893978237
  0.00381552623673775  0.00439533690568844  0.00498141774202089  0.00556559602567468
  0.00615579689142722  0.00675657764020432  0.00736587868455276  0.00797033514335942
  0.00860346711046003  0.00923652867678531  0.00986147004946615  0.01048516910206614
  0.01110971935045943  0.01173278793205589  0.01237552107531996  0.01302676671244239
  0.01368106322150723  0.01433914812889192  0.01498979862345742  0.01565495365224106
  0.01634415881133808  0.01704113439937545  0.01773963888605806  0.01846413337206348
  0.01919232297774422  0.01996509009082453  0.02075114142185641  0.02151542004901071
  0.02224268260503080  0.02296591798890689  0.02368974768660782  0.02441264437168129
  0.02513009307641844  0.02585553725783245  0.02657931660928453  0.02730618394383070
  0.02804277640664407  0.02882013297624068  0.02962216596148310  0.03049504751622937
  0.03131590070115914  0.03217234139454170  0.03302628809471712  0.03389606808528025
  0.03482346651855496  0.03581623032013437  0.03686984529416173  0.03793030056995190
  0.03887945158869893  0.03990268757698918  0.04090833527409874  0.04193791856992541
  0.04311761808779184  0.04448737145148884  0.04585361539379096  0.04720123558632384
  0.04856479161497346  0.04996600449800841  0.05135918181590044  0.05279309852533499
  0.05425403561088629  0.05561204593154569  0.05687766587865237  0.05829462255805783
  0.05962508158910893  0.06142577656574653  0.06349845989904235  0.06563181075095711
  0.06763401562555391  0.06939557571572878  0.07107311704752364  0.07272891857653600
  0.07487328625554156  0.07727535513070236  0.07969549498682109  0.08350704940219632
  0.08890184964957339  0.09476417050427891  0.09935636532286665  0.10420725639850353
  0.11097104429386150  0.11837833068974467  0.12667743443011883  0.14103942757078214
  0.17760584534919754  0.21635028002828530  0.24826260236612874  1.00000000000000000
 -0.00249569755700575  0.00999772161493259  0.02139384441757240  0.03362348707125077
  0.04656645941474910  0.05977049203711635  0.07289277699819167  0.08525808530948527
  0.09731636566981781  0.10882648891490392  0.12004685965462349  0.13185963049346527
  0.14346739245008860  0.15526796535453852  0.16606784644866515  0.17827402962734781
  0.19008323064034932  0.20215371635175977  0.21412368325348755  0.22534082003319078
  0.23615457666907808  0.24657593635857808  0.25717105069052365  0.26798645969670071
  0.27891548423713319  0.28955352292965242  0.29948806456408533  0.30930395699390639
  0.31947699413670366  0.32938642792324219  0.33942481375918587  0.34904532538352490
  0.35874688309803487  0.36824051346515274  0.37774797246968678  0.38705785340101750
  0.39686232578739411  0.40674666517639024  0.41706863947834744  0.42701554668142977
  0.43722827581797669  0.44739452757628950  0.45699291064800773  0.46605420870905978
  0.47491543992595725  0.48390477851479752  0.49348566429747071  0.50364237623772179
  0.51407722876729556  0.52448590874823919  0.53470478064088223  0.54480588712978184
  0.55492139934901730  0.56472389840326531  0.57403321680049690  0.58314729638974361
  0.59244851808512067  0.60198116958954861  0.61107729258260213  0.61983221763338892
  0.62851269347866123  0.63766046821089528  0.64717190281259340  0.65716128749616398
  0.66739895897797707  0.67714532799574745  0.68664179746585441  0.69643337670389149
  0.70666528037289233  0.71676067251215891  0.72623160249510865  0.73564797413272354
  0.74487768585114489  0.75420146841998414  0.76393294992129290  0.77486651507596838
  0.78660039378572644  0.79806898509168378  0.80927766891611019  0.82055837305160551
  0.83106228076309430  0.84023207935101563  0.84958144229779275  0.85997706143399222
  0.87045219796705264  0.88103630662378196  0.89107712802198169  0.90256791373784717
  0.91580737743514218  0.92866102313101062  0.94090873680459597  0.95258207405296735
  0.96468954938931117  0.97655640825839241  0.98867737147265622  1.00000000000000000
  0.01268789703108798  0.18776252134352484  0.29882812803555414  0.38390827236398078
  0.44759647535370189  0.50081210812908361  0.54632947289585865  0.58459089911772133
  0.61751752385161462  0.64593480176469176  0.67073561097968570  0.69287650052070315
  0.71290785426579173  0.73063367349231434  0.74695107170180874  0.76193212097210894
  0.77559318725569359  0.78818536084972424  0.79989856096984546  0.81070022894140292
  0.82072516174382448  0.83013670930272143  0.83903418472993918  0.84739834958802884
  0.85526424398130452  0.86256064198728710  0.86938945602715267  0.87589260994807938
  0.88211632303125331  0.88807590466720654  0.89361625387498489  0.89869111637581900
  0.90341194741445197  0.90798413270761347  0.91241323908422245  0.91647395487322825
  0.92018478884063803  0.92367088318085422  0.92697621831046706  0.93014887826953696
  0.93318754789814051  0.93611415504566020  0.93892284702482198  0.94143832228776214
  0.94391830529960208  0.94635401683068165  0.94873339773137066  0.95102796838743386
  0.95322386979399243  0.95530525160058199  0.95727264365806586  0.95911119136079748
  0.96079735839779845  0.96238668629805013  0.96395290319614346  0.96547564012375386
  0.96694292848952712  0.96836792062152399  0.96973490688566044  0.97105942233354559
  0.97234926903417807  0.97358951528582960  0.97479334544221241  0.97597907475062784
  0.97714159819450708  0.97827943585918442  0.97938731420266845  0.98044238402332407
  0.98140684111448495  0.98234703081317298  0.98326615239686965  0.98416457079224617
  0.98502230141927538  0.98583814691231331  0.98662455585648778  0.98738332062123524
  0.98812113742956753  0.98884916568667192  0.98956372762835587  0.99025331247249337
  0.99091368523069379  0.99155340185817697  0.99217722568900080  0.99278237172812256
  0.99337505086077327  0.99395611551788665  0.99449642691111850  0.99503513761546292
  0.99556998513796280  0.99610333620657709  0.99663959238509536  0.99717816957828020
  0.99775994744360341  0.99840037096043588  0.99913391017677633  1.00000000000000000
 -0.02167044884681393  0.10581389701421645  0.14542901877324382  0.17012331766546848
  0.18942811323129191  0.20755222571675028  0.22314097084843248  0.23719874548847186
  0.25019884066642789  0.26332662753813690  0.27490308357417609  0.28468763731717356
  0.29416362711436789  0.30365183704811627  0.31328829856676121  0.32235047741267947
  0.33090802550651455  0.33915384917321872  0.34691773862285402  0.35479176238349558
  0.36263617187038033  0.37051810565202042  0.37829649589895309  0.38582374750558290
  0.39294769382508132  0.39991133602347029  0.40697098260750020  0.41381307676796208
  0.42006263129428761  0.42566730626156285  0.43143888379036571  0.43716251538158751
  0.44328045600886412  0.44944960580847187  0.45607698640030436  0.46256209625744754
  0.46906102264181587  0.47562512421910569  0.48231902283659095  0.48902882608244963
  0.49566954279078795  0.50190841261666119  0.50771398906611720  0.51327466395623056
  0.51883512445666169  0.52447204180470208  0.53018799436014330  0.53595876032568435
  0.54174696293366487  0.54755448996843925  0.55332009951936467  0.55900229202751628
  0.56495524170605438  0.57124724887822143  0.57768539115588369  0.58416548118348832
  0.59051132058958100  0.59694249814513345  0.60339844540821419  0.60972888299456274
  0.61621213658126772  0.62261907437630992  0.62889724420400084  0.63507458768520897
  0.64123129304793225  0.64754606142583582  0.65419458856325763  0.66071273141657572
  0.66722318242125955  0.67396227397115616  0.68090011707317577  0.68793763918282125
  0.69505909805100707  0.70242945070418072  0.70944013451419841  0.71624721871188535
  0.72299605751203266  0.72993832913139145  0.73732030717683583  0.74494800547137086
  0.75262784582678488  0.76030662755610590  0.76809082249691918  0.77602411423241913
  0.78427882659773218  0.79279711133997144  0.80165892916903125  0.81108199853731733
  0.82085118911687938  0.83150582110627136  0.84337704854961038  0.85658714140455106
  0.87158284273583631  0.89036518693833899  0.92022698156348370  1.00000000000000000
   1.1450243039018945E-009  -1.0000000000000000     
 F F F F F F F F F F F F F F F F F F F F F F F F F F F F F F F F F F F F F F F F F F F F F F F F F F F F F F F F F F F F F F F F F F F F F F F F F F F F F F F F F F F F F F F F F F F F F F F F F F F F F F F F F F F F F F F F F F F F F F F F F F F F F F F F
  <DiscreteSampler_grid>
  grouped_processes
  1 # 1 for a reference and 2 for a running grid.
  10 # Attribute 'min_bin_probing_points' of the grid.
  1 # Attribute 'grid_mode' of the grid. 1=='default',2=='initialization'
  0.0000000000000000 # Attribute 'small_contrib_threshold' of the grid.
  0.5000000000000000 # Attribute 'damping_power' of the grid.
 # binID   n_entries weight   weight_sqr   abs_weight
    10   10   1.059409678907213E+004   9.248210744954674E+008   1.059409678907213E+004
  </DiscreteSampler_grid>
