  0.00918155086406605  0.01635753117137592  0.02702765826374170  0.03845187607041527
  0.04983973310142849  0.06041115710017736  0.06986713611036256  0.07888897156621853
  0.08822927006697014  0.09801399405670393  0.10856392372523758  0.12016072804209908
  0.12978863217389613  0.14021436561577286  0.15079907092957592  0.16148841959862220
  0.17055386815989698  0.17855366978844736  0.18669076264215642  0.19628271437346906
  0.20706444150814249  0.21787483539801417  0.22907383076486934  0.23982444509977208
  0.24992542848398458  0.25973691366492335  0.26996033349045834  0.28058925909188576
  0.29095370094638184  0.30093811606403215  0.31101033864921357  0.32130313464202043
  0.33157255092173371  0.34149169381821137  0.35122533529755062  0.36106229172349141
  0.37128594909290663  0.38149864528010169  0.39148071244244581  0.40137926849200178
  0.41129209709498316  0.42153530714016069  0.43188498149035232  0.44200079175506424
  0.45206917392641011  0.46222467363163866  0.47242393877999972  0.48261055554540383
  0.49297620726903579  0.50360484396844840  0.51436945647759802  0.52516121507446833
  0.53601853454964754  0.54718412742167410  0.55855124014119095  0.56975247682121688
  0.58079352532672557  0.59148136497109050  0.60152549869309635  0.61084078995689917
  0.61949166975537773  0.62819513274153538  0.63730395781940519  0.64699991490105246
  0.65779627750539704  0.66864640016670962  0.67960523843607246  0.69082187060860201
  0.70261001170708726  0.71471748478231878  0.72650314303475660  0.73768386368499739
  0.74810571085297406  0.75802570040286110  0.76798272020113267  0.77851894295002799
  0.78940295222389156  0.80024930346809775  0.81119611521758095  0.82250201694989955
  0.83376711116974944  0.84479781872599125  0.85580237355170141  0.86683524371321719
  0.87783357413015195  0.88869374842437932  0.89973052267491027  0.91084753597522650
  0.92232918723772039  0.93337104634901091  0.94426024670605879  0.95455305997293738
  0.96537290040819912  0.97698899857319277  0.98814299107653225  1.00000000000000000
  0.00000279347322310  0.00000293653513453  0.00000304785727684  0.00000317568077244
  0.00000332296522726  0.00000347692486800  0.00000363368657089  0.00000380827006962
  0.00000398696438310  0.00000417986157166  0.00000439986158978  0.00000462882629809
  0.00000487323303375  0.00000513938602687  0.00000541906523677  0.00000571534682552
  0.00000604359970141  0.00000638152311719  0.00000674046695994  0.00000711288660770
  0.00000749064284026  0.00000788004983028  0.00000828282542512  0.00000869819623151
  0.00000917727214316  0.00000972238878084  0.00001028859047177  0.00001086799894513
  0.00001146133877425  0.00001205916469458  0.00001270751394766  0.00001345236888071
  0.00001419766971807  0.00001496572222045  0.00001575467681865  0.00001655469780717
  0.00001742465520419  0.00001835564121651  0.00001932478417060  0.00002034406315112
  0.00002139896053265  0.00002250815855394  0.00002368019334994  0.00002494115132684
  0.00002626848420909  0.00002762748146305  0.00002901593546307  0.00003044822359659
  0.00003193401059749  0.00003346068711037  0.00003501543299752  0.00003676660658042
  0.00003861053218945  0.00004055791375005  0.00004272424249773  0.00004502714062723
  0.00004738840541637  0.00004982243052325  0.00005243428898216  0.00005527446680808
  0.00005828199612563  0.00006152282530043  0.00006502589070283  0.00006885410804488
  0.00007315821578953  0.00007788962847166  0.00008308096833709  0.00008866226456414
  0.00009453859959901  0.00010060923510505  0.00010676510424282  0.00011314865027365
  0.00012018001282650  0.00012815123129655  0.00013713607415452  0.00014764244306277
  0.00015941690658834  0.00017210423883387  0.00018661022360255  0.00020410008247213
  0.00022449123725230  0.00024754595652827  0.00027394271632083  0.00030527288598437
  0.00034226802176771  0.00038807393398884  0.00044735978855080  0.00052693811812499
  0.00063194866565346  0.00077850563151289  0.00102137730872652  0.00147632437026544
  0.00254357154161680  0.00646869170620226  0.39256212570451054  1.00000000000000000
  0.00000235370149374  0.00000260437275924  0.00000284017613844  0.00000307812242012
  0.00000334153450927  0.00000362930898892  0.00000393659470773  0.00000426070359237
  0.00000461085311990  0.00000499298268304  0.00000536003876694  0.00000573058448511
  0.00000612374345080  0.00000655515470523  0.00000702242534132  0.00000751346762936
  0.00000802910105215  0.00000857049274212  0.00000912257765417  0.00000967450140939
  0.00001023460091680  0.00001082234843834  0.00001144491022266  0.00001209312557041
  0.00001277108430957  0.00001348538761181  0.00001422964221688  0.00001500403850806
  0.00001579455001488  0.00001661072256624  0.00001746981826196  0.00001834932609115
  0.00001929672687464  0.00002029834351104  0.00002132983269788  0.00002232820680374
  0.00002345887639910  0.00002467359701935  0.00002591289240462  0.00002718940110573
  0.00002848729520255  0.00002978462682949  0.00003109402665407  0.00003245912820460
  0.00003390809132055  0.00003549629936954  0.00003724485405351  0.00003912297957090
  0.00004104869673502  0.00004295161749636  0.00004495352126152  0.00004707515621758
  0.00004933176242841  0.00005182194988215  0.00005432772638055  0.00005683560828297
  0.00005933583532855  0.00006187907614037  0.00006459165035110  0.00006755394463683
  0.00007082959205422  0.00007452618096049  0.00007867119977387  0.00008314081945769
  0.00008779141705935  0.00009307289408675  0.00009868043535663  0.00010453380238029
  0.00011085252041800  0.00011759490188502  0.00012485467511938  0.00013290165349967
  0.00014173457748672  0.00015088961293522  0.00016080956698209  0.00017163266139166
  0.00018398283507852  0.00019690756941899  0.00021031154866106  0.00022556929428510
  0.00024473594201403  0.00026835490133297  0.00029656911615929  0.00033055179652260
  0.00037188369017504  0.00041997040483824  0.00047811995322579  0.00055938229200671
  0.00066904051305906  0.00083117298448260  0.00108643552035653  0.00150968377130055
  0.00257067032595082  0.00793839706563065  0.11048600650493465  1.00000000000000000
 -0.00184250233710336  0.00792801165252127  0.01716083095355300  0.02688505657869477
  0.03748016911978470  0.04780542657431750  0.05870013526235372  0.07005496406665358
  0.08147883239957297  0.09187720376312954  0.10133181519580536  0.11113178517850511
  0.12137948955213335  0.13173063768141013  0.14201211153653551  0.15233402175890248
  0.16334479924511780  0.17451901701520370  0.18585361453170868  0.19647927426916212
  0.20667201926722331  0.21614894423352937  0.22547583790013306  0.23523086911338281
  0.24512148080823545  0.25565534683171104  0.26608002812372539  0.27632965567874934
  0.28636410787680222  0.29664703754968325  0.30724242121069217  0.31787615570443734
  0.32853876826504813  0.33926098819165468  0.35022056424205167  0.36096038655019930
  0.37168799051913665  0.38251322302981894  0.39327309191891502  0.40455170644306460
  0.41580824898380997  0.42731004405308870  0.43888126208293243  0.45141614502677985
  0.46402138306949736  0.47626390759616294  0.48738112848134107  0.49798417126934152
  0.50778597963107230  0.51681792740188459  0.52587100356549932  0.53513683546960533
  0.54506431900372121  0.55574047627205259  0.56574344255690945  0.57540984932254824
  0.58504165412443720  0.59484960523432262  0.60508684545700719  0.61572500059315560
  0.62686020186040436  0.63802656052021267  0.64869325796726252  0.65910424453414262
  0.66943440079980288  0.67964558551789878  0.68991212480549635  0.70013994791676804
  0.70945432151983123  0.71819434299650875  0.72710555848013192  0.73708560727960970
  0.74815421119854852  0.75914611321401249  0.76977395018025563  0.78044393193230799
  0.79110923830963942  0.80170510147075558  0.81268939796136053  0.82409254210889793
  0.83543139871906991  0.84638135721244023  0.85713496335540440  0.86813800205229019
  0.87921642198868222  0.89007284408286236  0.90075119415823479  0.91134442532466897
  0.92195097685327265  0.93258260095367163  0.94379077822187996  0.95504070601796798
  0.96619409236912956  0.97716753849558358  0.98824805024634177  1.00000000000000000
 -0.00248248891011870  0.00975002540955154  0.02069214114333350  0.03275039133429230
  0.04518932463632076  0.05645819464365345  0.06728263707500892  0.07807033722706827
  0.08899773726195909  0.10005174278996055  0.11103593691326941  0.12185112958831851
  0.13183273899580630  0.14150801057079393  0.15180160101720255  0.16262374507435462
  0.17345286896150763  0.18373052529771516  0.19369565678846851  0.20317710991955473
  0.21243730880788239  0.22192943938596560  0.23215160076419389  0.24279615450855729
  0.25363452350747834  0.26433191545051848  0.27561632878485065  0.28638365105871327
  0.29666116034390039  0.30627006832070536  0.31582325069209527  0.32546083392780051
  0.33528066781626970  0.34472159536015889  0.35450679021858594  0.36502623283620589
  0.37617074976059311  0.38713038630160990  0.39675965524230061  0.40625464475847911
  0.41575574858582576  0.42555315607744681  0.43660193213091564  0.44781364750752639
  0.45910136444465227  0.47003666046060127  0.48083687966501765  0.49156549029685143
  0.50245569910039001  0.51368023614478608  0.52487838281976362  0.53650428400909722
  0.54860865411365434  0.56111499236958740  0.57194229156069598  0.58188730186538906
  0.59174544655219741  0.60163270844353989  0.61132928571177791  0.62077477483829191
  0.63079158109151845  0.64108968027361901  0.65132785722137121  0.66162814930239811
  0.67223767989176619  0.68232997626756886  0.69157550559792902  0.70064744517371147
  0.71034175020219714  0.72043433709774884  0.73066137517901253  0.74129359591752364
  0.75187206748418911  0.76234379355965765  0.77296474887363575  0.78356667903234845
  0.79377582086709564  0.80366624751543003  0.81395197686747800  0.82487110409658704
  0.83576263957232444  0.84624055382224683  0.85676294458296365  0.86723151279572686
  0.87800727700784797  0.88890670386614512  0.90025620390962857  0.91246706895594054
  0.92510161905413790  0.93769736180378549  0.94892638876258872  0.95894698856520155
  0.96840077689991255  0.97819733217010474  0.98832399029978713  1.00000000000000000
 -0.00249684593546341  0.00923808532654065  0.02023863444313442  0.03229640041715779
  0.04360922250641459  0.05438536401276998  0.06446192830276831  0.07483274970636776
  0.08536588671279194  0.09558291833093210  0.10618221212592067  0.11670011427478015
  0.12782055431598291  0.13824333491193988  0.14930048252926945  0.16032566971434412
  0.17046002919397077  0.18010349168530207  0.18972395710157047  0.20050326334348659
  0.21170861791376985  0.22309573361024310  0.23446775232499076  0.24606344958450155
  0.25779110045605091  0.26962322529152999  0.28148455944232054  0.29251521630777072
  0.30285647784690201  0.31280886331444852  0.32249414600360221  0.33227161237438951
  0.34227699094489034  0.35241976021916760  0.36229779264121215  0.37186542439949311
  0.38191033294181997  0.39259735298865894  0.40342500658384450  0.41413601440801867
  0.42461846519350410  0.43465451932329513  0.44488632104365439  0.45524180260158720
  0.46609515102210053  0.47722959941910198  0.48837453582945434  0.49964155636676777
  0.51084983124274597  0.52192885060056882  0.53299141388849280  0.54408975161218953
  0.55500820467487855  0.56564961221057708  0.57604520482369914  0.58628992588658524
  0.59639980938986570  0.60631996519055875  0.61633832950346612  0.62659645339517445
  0.63685668238965054  0.64701662897229439  0.65741761184880088  0.66807087728037073
  0.67869346768330419  0.68890827097448959  0.69877750354413748  0.70916886452286987
  0.72032882514805696  0.73174890850956709  0.74240129935702515  0.75261705750360930
  0.76324510801837597  0.77371477113910514  0.78341417056887919  0.79272531673814595
  0.80200798859603062  0.81177070870836032  0.82208390638938822  0.83275874133830907
  0.84298813983589760  0.85295007406702905  0.86322282112605209  0.87378752278909311
  0.88456224778630710  0.89589033336838753  0.90761176201129001  0.91892635930927979
  0.92986192650925781  0.94033853808545431  0.95091035039144289  0.96070795017786870
  0.97022556583495068  0.97984339414333677  0.98871575047007487  1.00000000000000000
  0.00001877890239730  0.00017454132449578  0.00047300839153099  0.00088287481225094
  0.00139747254638759  0.00183480273292182  0.00221258514748542  0.00262922685375149
  0.00305988589143362  0.00350465659755291  0.00396110071866091  0.00441016112198655
  0.00486633658937590  0.00532371476767343  0.00578593686829867  0.00625766308670097
  0.00673470246533557  0.00721613940225393  0.00769981080606907  0.00818332288360137
  0.00867057502031914  0.00917290795742075  0.00969550881974146  0.01023278829233907
  0.01079598209955281  0.01137414186173954  0.01198569579558227  0.01262222304693804
  0.01326790261886198  0.01392374248751712  0.01462016726405474  0.01526838975480399
  0.01592658272473628  0.01655372135671130  0.01717207560054834  0.01779563806405490
  0.01842470463745457  0.01907453022387933  0.01972419304872136  0.02039584196553772
  0.02110124830277643  0.02183068059519066  0.02258349859004482  0.02333354469743649
  0.02407591553782796  0.02481900524035275  0.02557620337674286  0.02632791014388806
  0.02704768570890386  0.02775958984989608  0.02849490998569464  0.02926980618436101
  0.03009962175696554  0.03102285883010244  0.03207943911215951  0.03315556306401687
  0.03417999089272708  0.03514957781232780  0.03612154028649143  0.03714681504093291
  0.03824311462436449  0.03935269102093493  0.04039809891953450  0.04145243058828514
  0.04259998394706209  0.04387580239844135  0.04513247917518438  0.04652997235587121
  0.04813632409420665  0.04982937161930974  0.05137466025171021  0.05281583810476047
  0.05433367627670618  0.05599546335517256  0.05755314694035593  0.05879316953572424
  0.06009928090752641  0.06159185000334542  0.06345964571729978  0.06541785777571536
  0.06756810180653609  0.07024353537680433  0.07332471264412724  0.07556530125582579
  0.07807750169853631  0.08100678137611904  0.08525417637985772  0.09096406134836350
  0.09705379696663365  0.10409608968055202  0.11318060470592535  0.12541570684399272
  0.14477843690578901  0.19529937189411001  0.22319153078021020  1.00000000000000000
 -0.00299168235756525  0.01194449210718732  0.02452860594794416  0.03725428148649058
  0.04911388813409753  0.06004566512823937  0.07080204867080912  0.08142729005344025
  0.09224623796610526  0.10303640461850064  0.11362855873078276  0.12413405247601926
  0.13533395665569475  0.14704748876230705  0.15932459079830816  0.17114183911477504
  0.18242570929478102  0.19333876027524224  0.20423405817506068  0.21532567359012147
  0.22635979066683332  0.23713854220890770  0.24700813603308208  0.25622751820018130
  0.26526272015358521  0.27565208580625017  0.28678881772057768  0.29720258208041012
  0.30658310617303774  0.31595565830982458  0.32597227593453831  0.33567035201438439
  0.34499598704120510  0.35425655828405439  0.36395771741084726  0.37399978051672422
  0.38424253179880502  0.39433837734496491  0.40386429646387989  0.41344684028930978
  0.42272641386026549  0.43234195625743704  0.44199725512067917  0.45128859165878593
  0.46042819621586495  0.46981959403931900  0.47888105469413356  0.48719207327648073
  0.49532216030908272  0.50362875658581108  0.51222523446230239  0.52186208759323438
  0.53135111619944264  0.54114574548536776  0.55076543141623524  0.56038268739420016
  0.56971962148453725  0.57886698586277063  0.58791710349155446  0.59737046437957664
  0.60725366416952797  0.61749221300654045  0.62777110726439223  0.63777318452855669
  0.64771145122313212  0.65795185831013625  0.66849039779217168  0.67908162337331601
  0.68957284587249279  0.70009688209529508  0.71093174681258442  0.72179810064373418
  0.73200860125204914  0.74149606828359982  0.75096407341329507  0.76172418231277927
  0.77326509753419881  0.78476658011927547  0.79629271236845700  0.80833135014170598
  0.82067005832783402  0.83329142310908266  0.84592591491180624  0.85786559790824080
  0.86935313311412121  0.88138919992450049  0.89319560764332395  0.90422862223493572
  0.91558926178240307  0.92831382132249884  0.94159364534458234  0.95344810080431508
  0.96486748854001969  0.97658162767554901  0.98777011079959798  1.00000000000000000
  0.02886415831415450  0.21235157250389769  0.32101422116330786  0.40265208756842436
  0.46442267145115834  0.51608677480585785  0.55824445322102867  0.59430268187904378
  0.62615984627372911  0.65306714213366135  0.67674907144869911  0.69756328200497741
  0.71641571194936082  0.73372760174593266  0.74977917597028387  0.76481796259906809
  0.77878849211163625  0.79175435583785192  0.80330849617907962  0.81389194499003548
  0.82366922625917516  0.83299969731343115  0.84170066291771428  0.84985681961563919
  0.85755380802463810  0.86479162123415698  0.87173546144284342  0.87793895268481736
  0.88366504783415212  0.88914342752270126  0.89424540976784683  0.89910923732696435
  0.90364617598625507  0.90808086899513540  0.91229095276944983  0.91617897930146752
  0.91988615622794390  0.92337755862158921  0.92672469831661886  0.92992498962795966
  0.93298188019904893  0.93597888510036131  0.93872795550522337  0.94119839543112505
  0.94366259207110581  0.94602018636787577  0.94834120151020351  0.95065617455440821
  0.95286543691564585  0.95496231754411676  0.95691226177884048  0.95871420301657773
  0.96039933744781814  0.96200362323427280  0.96359230352194813  0.96517540953176317
  0.96672393488581942  0.96821537705833161  0.96963791627205076  0.97098913814390997
  0.97224363311932938  0.97347228152442089  0.97470195334120524  0.97589805901378623
  0.97707307821193412  0.97822985792541672  0.97937461651268809  0.98051886837486280
  0.98162958243768728  0.98266433959189092  0.98363892671883002  0.98454032002084313
  0.98537355197481002  0.98616029444651210  0.98692362032265735  0.98767037760497023
  0.98838993253640572  0.98909105026146982  0.98977657342417902  0.99044503130167394
  0.99109391097978505  0.99172478915185580  0.99234219483021358  0.99293442280499566
  0.99350852471614703  0.99407077882135542  0.99461579346532536  0.99514882070117683
  0.99567213795560994  0.99618574102628954  0.99667896664854860  0.99719201564794602
  0.99773582212815637  0.99833238301961358  0.99907359301935317  1.00000000000000000
 -0.02163955862678967  0.10589744606101285  0.14648900423450695  0.17133392576304160
  0.19197008681225264  0.21010169801413370  0.22449057663758540  0.23744192209074946
  0.24917586893811491  0.26143643893545992  0.27284036179119497  0.28409740130948691
  0.29508657537839755  0.30522659830160848  0.31436204493390302  0.32267084116154843
  0.33012982318525730  0.33779995763879495  0.34515403403041905  0.35293071413575494
  0.36036357120204693  0.36751093915227112  0.37444178250961191  0.38146726450331769
  0.38874422273179887  0.39600679895066759  0.40332152270715910  0.41074695788075510
  0.41800447456677836  0.42533969337879068  0.43235553604913596  0.43901993544858586
  0.44540702686905992  0.45167186064198400  0.45817192190687789  0.46508277973463691
  0.47212593861066982  0.47895813858847641  0.48527394512603733  0.49131086721806450
  0.49729880168592977  0.50335012278041180  0.50951248366194679  0.51566389624456155
  0.52135550910353756  0.52695721778305471  0.53261363458319444  0.53848164808671073
  0.54481125372320172  0.55140582435255570  0.55792195096646169  0.56416027967130788
  0.57025849300353026  0.57649254631582403  0.58265492700110311  0.58899697505093163
  0.59502493272114509  0.60128718594163311  0.60772584824998876  0.61431146760466848
  0.62099927170197500  0.62758457733276907  0.63391993165464389  0.63997409917857706
  0.64591406917502814  0.65181006767175353  0.65782119583069343  0.66416904689844991
  0.67044816779305028  0.67643816847910876  0.68246738697116971  0.68863482640520901
  0.69516112742552871  0.70185174886561419  0.70867764421234714  0.71550367085076461
  0.72226805645294101  0.72905366789027759  0.73609715913045115  0.74348317796834573
  0.75102734523381709  0.75850822153746644  0.76589430471897579  0.77368060626164770
  0.78213218300946941  0.79126204977737014  0.80040639527811663  0.80941336947101827
  0.81909693633487868  0.83009476112799774  0.84234547230174006  0.85609135283879689
  0.87194005633152416  0.89064427210800423  0.92069608758858357  1.00000000000000000
   1.1775547458236902E-009  -1.0000000000000000     
 F F F F F F F F F F F F F F F F F F F F F F F F F F F F F F F F F F F F F F F F F F F F F F F F F F F F F F F F F F F F F F F F F F F F F F F F F F F F F F F F F F F F F F F F F F F F F F F F F F F F F F F F F F F F F F F F F F F F F F F F F F F F F F F F
  <DiscreteSampler_grid>
  grouped_processes
  1 # 1 for a reference and 2 for a running grid.
  10 # Attribute 'min_bin_probing_points' of the grid.
  1 # Attribute 'grid_mode' of the grid. 1=='default',2=='initialization'
  0.0000000000000000 # Attribute 'small_contrib_threshold' of the grid.
  0.5000000000000000 # Attribute 'damping_power' of the grid.
 # binID   n_entries weight   weight_sqr   abs_weight
    10   10   1.054361376618334E+003   4.391937021204351E+006   1.054361376618334E+003
  </DiscreteSampler_grid>
