  0.00898027103359148  0.01779651310521221  0.02762642929684696  0.03748823337357271
  0.04691957731898491  0.05756830966036403  0.06816464371622452  0.07832527210942769
  0.08806089498822536  0.09887258106954296  0.10973061597822326  0.12077373229624197
  0.13109997554694114  0.14086632980254482  0.15032963444353969  0.15973817904179161
  0.16950324606747988  0.17950052297560032  0.18969588002062068  0.20029502989122036
  0.21122503434974027  0.22231446932609233  0.23313090358740818  0.24336492441667387
  0.25366135755177777  0.26426716403023426  0.27547894026109349  0.28621743555318863
  0.29692401127383466  0.30715228221665258  0.31739819794686991  0.32745614032508708
  0.33759653059480388  0.34816903283879602  0.35864627338794619  0.36878059727597123
  0.37868915950727966  0.38842130651165441  0.39851214656572076  0.40913733199320185
  0.41970595731708171  0.42954351713636818  0.43934247892701556  0.44916546570233834
  0.45887908263693977  0.46867006187630789  0.47864204455387599  0.48895142309939166
  0.49917544199569047  0.50950348565913217  0.52017181641928967  0.53070075766759006
  0.54071582067060564  0.55044974934799695  0.56059020345045851  0.57111684355645931
  0.58154762697284879  0.59177905876892511  0.60216058541262041  0.61331494891779947
  0.62493850489526614  0.63647846604318081  0.64780430796622357  0.65892900314680403
  0.66996536152070563  0.68090499981736763  0.69156137582311872  0.70190272348238114
  0.71196486835929040  0.72201342374791755  0.73195289301661770  0.74151730568385021
  0.75102879268811706  0.76118727125838670  0.77192687997047882  0.78279779592633547
  0.79327083352938721  0.80383855113904423  0.81445932669313192  0.82529635818040814
  0.83637264010749823  0.84761611623810351  0.85856275003114135  0.86864414281954350
  0.87902843942006892  0.88969596828042341  0.90062460801543676  0.91117016382859439
  0.92187011124153573  0.93257624426698094  0.94304072972821928  0.95305195550374566
  0.96319545400268558  0.97318210589303611  0.98392805942944306  1.00000000000000000
  0.00000272833402396  0.00000281349064537  0.00000287869230473  0.00000294757817107
  0.00000301508043027  0.00000308654976227  0.00000315845941721  0.00000323565342456
  0.00000334374348070  0.00000346721791101  0.00000359146348998  0.00000372845804623
  0.00000390056605433  0.00000410124936545  0.00000431278190802  0.00000454711433805
  0.00000479714830686  0.00000506100359221  0.00000534125835909  0.00000563236779861
  0.00000593962349997  0.00000627102120591  0.00000663112884378  0.00000702834824675
  0.00000745823898415  0.00000790083187325  0.00000836157758676  0.00000883333862905
  0.00000933298853735  0.00000987931550614  0.00001044740612157  0.00001103502551656
  0.00001165458426323  0.00001231461744187  0.00001301898723966  0.00001377116268569
  0.00001457361425027  0.00001541532055127  0.00001628446904308  0.00001715556522295
  0.00001803514912050  0.00001892814817770  0.00001984111575319  0.00002079182320415
  0.00002180646947970  0.00002294188774258  0.00002417056596978  0.00002544732533994
  0.00002681274378481  0.00002827861498621  0.00002978962952139  0.00003130130010643
  0.00003284597737258  0.00003451893855589  0.00003623781949315  0.00003814554720224
  0.00004020587066401  0.00004234125143483  0.00004454111607722  0.00004682690011779
  0.00004931360391739  0.00005203260487068  0.00005493807193571  0.00005804463745958
  0.00006133799925798  0.00006484110285969  0.00006858669669822  0.00007257337738850
  0.00007682765955960  0.00008142738657743  0.00008643065556037  0.00009205303915575
  0.00009855307389517  0.00010561724246557  0.00011318888355157  0.00012153238554516
  0.00013075157757890  0.00014112333308833  0.00015251097983635  0.00016570585419134
  0.00017960070092407  0.00019600076347414  0.00021481935188463  0.00023930119523141
  0.00027053633832861  0.00030928446778020  0.00035811493626551  0.00041812597682746
  0.00049775733956596  0.00060523918441959  0.00074292418525901  0.00091961449571362
  0.00124427921036742  0.00218832213529798  0.01473160664007910  1.00000000000000000
  0.00000235736958120  0.00000260279376153  0.00000283908362575  0.00000310077584436
  0.00000342119924386  0.00000374694286421  0.00000406004409446  0.00000436498769070
  0.00000467992958255  0.00000497797314963  0.00000528391944490  0.00000560680089514
  0.00000596804671882  0.00000638283376353  0.00000679632725240  0.00000721473619558
  0.00000762208677904  0.00000809130575941  0.00000858958282453  0.00000911678333521
  0.00000967640783715  0.00001025997679970  0.00001085582479814  0.00001149286820278
  0.00001214605127511  0.00001281271193769  0.00001351100084022  0.00001423969381338
  0.00001499198330157  0.00001576231014462  0.00001652850448511  0.00001735482936694
  0.00001821569798289  0.00001912010536877  0.00002006842329981  0.00002105061120751
  0.00002205714872839  0.00002307730233301  0.00002411750187212  0.00002518682010229
  0.00002628383197649  0.00002743146408405  0.00002866767061517  0.00002998772510693
  0.00003136902296025  0.00003282374329513  0.00003434302209026  0.00003593438730709
  0.00003757963628723  0.00003928095003557  0.00004107054347993  0.00004296274379902
  0.00004494208407142  0.00004699758136101  0.00004933035856947  0.00005166805501912
  0.00005406920576067  0.00005662708044653  0.00005938698852366  0.00006235540432954
  0.00006561228264034  0.00006923361941790  0.00007305037508408  0.00007712894752866
  0.00008143553484022  0.00008581493796848  0.00009019821644135  0.00009494034991178
  0.00010001918421717  0.00010540563925734  0.00011139667865976  0.00011826352192521
  0.00012606579142567  0.00013450433000408  0.00014311915235944  0.00015202432239986
  0.00016187119023321  0.00017323085522440  0.00018627284792890  0.00020106785499846
  0.00021815014249784  0.00023840949828251  0.00026158593007826  0.00028861266458661
  0.00032065282219927  0.00035789740522481  0.00040069559224369  0.00046715234200567
  0.00055419344524864  0.00067961766860473  0.00085632736044733  0.00114507339722522
  0.00189411423980941  0.00640074069120505  0.09023114135004086  1.00000000000000000
 -0.00249766722742386  0.00941936284316664  0.02035442040378841  0.03105026959894528
  0.04175521771112858  0.05254121758769495  0.06380270613344986  0.07494571436644801
  0.08642834756066405  0.09662037543588155  0.10630369798335915  0.11607476108254669
  0.12630034299940684  0.13739444538421708  0.14875533779764652  0.16002686531363344
  0.17109657705068462  0.18199631166825342  0.19272928866907771  0.20365244855999967
  0.21493879245824760  0.22618478520321916  0.23673774196225436  0.24707079313448865
  0.25762098448915943  0.26875226241065547  0.27993366355724292  0.29085696827354407
  0.30154838588917432  0.31237049253233584  0.32321347478286333  0.33382467238972868
  0.34437073675813135  0.35498908782239635  0.36583836513319706  0.37682083337898059
  0.38732007607052138  0.39717151908280979  0.40616505868280589  0.41515481159400930
  0.42462555117808537  0.43432834998564651  0.44478181008954520  0.45465447320612246
  0.46506710954069164  0.47595268383912775  0.48739792736763926  0.49862222712483084
  0.50973962217565516  0.52044789866719410  0.53093198134894481  0.54208033498284636
  0.55300243270846794  0.56565724485578861  0.57656335594423802  0.58717242196229347
  0.59701319973801270  0.60797711238820895  0.61767021648673948  0.62722565818691056
  0.63689958857221796  0.64707869979552046  0.65762506327322612  0.66833247935746598
  0.67903280239843478  0.68974616003873246  0.70023796734524213  0.71073984394205092
  0.72177937973551065  0.73292042309226535  0.74389384841688333  0.75450033353250212
  0.76476197347207497  0.77485086486283072  0.78479739430924034  0.79477833459370528
  0.80417449799138119  0.81332266812284537  0.82339701651779418  0.83332252132907558
  0.84336183888267890  0.85302909157248363  0.86334670257874913  0.87382045403270592
  0.88448150095934652  0.89442723908254473  0.90528284071570175  0.91611732300105031
  0.92754110553170599  0.93884312706489370  0.94998919687727790  0.96147041555704660
  0.97153657233049429  0.98122361238279809  0.99042866191547496  1.00000000000000000
 -0.00266667746737029  0.01032377353878381  0.02165673193716977  0.03205776117552688
  0.04252041261614096  0.05220217521691766  0.06322072567005986  0.07316595101726896
  0.08316926277597959  0.09331308358723259  0.10328692764446627  0.11437548031000401
  0.12537607005174806  0.13621507654796325  0.14676853407886017  0.15728335069344310
  0.16803140412787934  0.17923601466141384  0.19057166721029878  0.20095080351049480
  0.21080035532952288  0.22056024673334504  0.23107793138597382  0.24194577422860422
  0.25327642522810179  0.26458078896602522  0.27615016913594315  0.28764218886367671
  0.29892289408007999  0.31003482483926670  0.32095721641733249  0.33197205164266042
  0.34257826958635623  0.35289105243524577  0.36328750451177239  0.37372972329894300
  0.38413622740139497  0.39439608460440700  0.40448096554143398  0.41423677940760500
  0.42379398095129606  0.43371757855498871  0.44411104836740395  0.45486100716390976
  0.46553562411221500  0.47627797368446867  0.48716107941747799  0.49823788411858883
  0.50975858891083092  0.52129217065649136  0.53262898470667908  0.54374672299674531
  0.55486882687060080  0.56546170674852558  0.57480847833193749  0.58389861970928203
  0.59362646564602761  0.60389777740472905  0.61424209922057371  0.62418481297010975
  0.63324869038682130  0.64200214844930903  0.65094823283156966  0.66152031978197567
  0.67345694406899848  0.68522077055738151  0.69671867313490543  0.70783736559026300
  0.71841219667830891  0.72963537271695722  0.74113867833113045  0.75275124241637414
  0.76382369247380866  0.77470910675425220  0.78528995658570544  0.79530338748246932
  0.80486429898111667  0.81436780749114557  0.82471488869413845  0.83500474429791915
  0.84500757111366553  0.85497105954519625  0.86596783496542928  0.87671482571240367
  0.88683714247888712  0.89663674124054948  0.90691953780383505  0.91704426535431383
  0.92709718967487142  0.93700346333774431  0.94744861540088687  0.95802753431621224
  0.96832948902384608  0.97875562261079441  0.98928504048768595  1.00000000000000000
 -0.00288851592567544  0.01112738036610512  0.02254249819953817  0.03331568603527996
  0.04384716448455777  0.05434998014244638  0.06477103403830874  0.07528989093759567
  0.08334480105535283  0.09260365540578193  0.10169484374806982  0.11212858965045669
  0.12250427518056550  0.13296444200353266  0.14386762597070121  0.15415890277650998
  0.16499850888991843  0.17520322072103942  0.18479524989546267  0.19407966061813747
  0.20336140265608579  0.21277001356342218  0.22254361223242877  0.23237777379259938
  0.24316560400347442  0.25420973090086024  0.26600481310595503  0.27758118907537210
  0.28813859647313889  0.29814859029234342  0.30807492932595970  0.31765567089255559
  0.32700020995973877  0.33629226584158683  0.34600121460523109  0.35626814860211026
  0.36685319580649539  0.37790908367318077  0.38951636480371310  0.40122289622343943
  0.41296695796531363  0.42442633518677364  0.43570834392838659  0.44672899297653612
  0.45725245949790994  0.46779634464638975  0.47842793510159770  0.48919730065812550
  0.50008873594766023  0.51073410469146507  0.52103128206665383  0.53114679272883503
  0.54107240887827757  0.55101501152112986  0.56115522225970738  0.57208092837946578
  0.58295849202002559  0.59233734985499364  0.60159827441226088  0.61114354846798036
  0.62151438679339766  0.63258095536612080  0.64342574023800680  0.65465910060091581
  0.66622049431534025  0.67889394111706425  0.69093685825921025  0.70224033753442727
  0.71295872824413664  0.72345464063625897  0.73442202569303772  0.74565837138647040
  0.75694102424568166  0.76763888494378607  0.77717486558329163  0.78643718430168930
  0.79584391739804805  0.80604195245841126  0.81621397272028184  0.82660979821990188
  0.83738809155375760  0.84819766809381192  0.85916597975570641  0.87023048869216701
  0.88136416236388859  0.89246265324879226  0.90328882844504321  0.91395598948329382
  0.92460349926195495  0.93527209514348764  0.94564068437533910  0.95636221366481700
  0.96725173246147411  0.97846198518218108  0.98940512061345931  1.00000000000000000
  0.00003905115958001  0.00015457320905671  0.00045060652550206  0.00085473606343724
  0.00131958112430205  0.00169016172145150  0.00204917370646586  0.00243437373436387
  0.00283474278721484  0.00324463402563444  0.00366124469044256  0.00408202538622024
  0.00450500917649789  0.00493334446888821  0.00536287889704544  0.00579902832305410
  0.00623977197611417  0.00668201366344017  0.00714942706949410  0.00761961348992213
  0.00809429983580406  0.00858462517422582  0.00907790919527631  0.00957703447606596
  0.01008075339281064  0.01058036195982009  0.01109682884547258  0.01162517198546256
  0.01215697000790454  0.01267472246347126  0.01319252385901015  0.01371240240900351
  0.01425026261713953  0.01480399114468027  0.01535839017759721  0.01590367314698415
  0.01644997761025194  0.01699880799046113  0.01754887287210690  0.01811283002934171
  0.01871195774287390  0.01932798333138181  0.01995754404573397  0.02061539578359860
  0.02129407480184959  0.02197990473210180  0.02268581009247563  0.02342590915071082
  0.02418779494483102  0.02496184508263408  0.02573165616070638  0.02650878639691858
  0.02730541575767651  0.02805330700764587  0.02881353330973368  0.02963870226798505
  0.03050102141550810  0.03139585732342710  0.03235667041268347  0.03338305749379358
  0.03433353093508720  0.03530820221909507  0.03626388112618194  0.03729979279899092
  0.03850111685435204  0.03965104677601109  0.04075562489053411  0.04202867820961300
  0.04338503384257697  0.04487414620349231  0.04635161492231570  0.04779452197130939
  0.04943761081739857  0.05127229055984819  0.05305749496287514  0.05479687350383081
  0.05652411849844318  0.05811787467422462  0.05974809790333346  0.06151058303641388
  0.06401563085830142  0.06713123961730824  0.07016161547959208  0.07342099584320906
  0.07706688308159546  0.08056219945223912  0.08520481254131972  0.09244166520851910
  0.10109842671932828  0.10960755874357346  0.11773287116850117  0.13275248337051393
  0.15127107851732766  0.17229932148463176  0.84578705400008491  1.00000000000000000
 -0.00282349630851610  0.01141760775441529  0.02250698125398643  0.03469885742291277
  0.04715861647641621  0.06021644589369028  0.07197744733182275  0.08291343150120893
  0.09341632007119377  0.10383537731192032  0.11418032275526006  0.12562114241776315
  0.13799127772836770  0.15117325133265522  0.16307128165923293  0.17477704504906977
  0.18565816773451285  0.19615934304877597  0.20620094066569153  0.21707801461270315
  0.22812039983614693  0.23939915040198426  0.25026387094670621  0.26035877297083987
  0.27046526109684693  0.28047562740061766  0.28973637082147519  0.29849333079059093
  0.30778518032457403  0.31849264453108378  0.32988864793474781  0.34040592688046900
  0.34985274099596936  0.35922139773014206  0.36871573900908450  0.37833566453219536
  0.38732860221823734  0.39602959054664860  0.40486983793538400  0.41376177530038860
  0.42279845306331243  0.43207340170179237  0.44177527244276987  0.45186621222062429
  0.46174875775432206  0.47149719323719813  0.48107253578031239  0.49008212853867800
  0.49871455543910087  0.50747369928720820  0.51657979830151612  0.52574258456145095
  0.53517684713585834  0.54501896349830437  0.55530718267581758  0.56524230556493071
  0.57491062754202482  0.58456587233895507  0.59442837219432132  0.60425706326091488
  0.61370699490031411  0.62296364414652738  0.63250916615068575  0.64248481175199135
  0.65172751128093576  0.66098307202106743  0.67025424845215120  0.67992581326175849
  0.68987354748949214  0.70058567467479615  0.71219191305215346  0.72373969866381938
  0.73453225750542250  0.74485262802024832  0.75454793922971841  0.76447659491673670
  0.77441808657614108  0.78472030631728151  0.79516193749476860  0.80529701788852825
  0.81657296406406510  0.82772102839326689  0.83966624006775836  0.85100417249780724
  0.86257150141724459  0.87380638219598228  0.88573104490650156  0.89789535997529779
  0.91071665781300315  0.92293940312343958  0.93507297304661152  0.94801195973635377
  0.96115411551481655  0.97414030706754962  0.98660835631029886  1.00000000000000000
  0.05342007453372649  0.21829047950920064  0.32501506502150845  0.40471530294184321
  0.46480997637337246  0.51402153677490248  0.55529919610325307  0.59088076768865383
  0.62202485237219785  0.64878882339965271  0.67249535039417818  0.69408340813714442
  0.71380878999784780  0.73154654766641924  0.74768978567278399  0.76257562477902574
  0.77617790440413215  0.78875102824717880  0.80048491041029957  0.81147203942522872
  0.82166479126179270  0.83130488407729164  0.84008060277643748  0.84822246537230261
  0.85583820347784334  0.86280056009285200  0.86926283595513143  0.87532160574682294
  0.88094045298200374  0.88632656129879672  0.89158914858280303  0.89656535670235360
  0.90123780974205914  0.90559345663761603  0.90974461658807471  0.91369903997962376
  0.91746605015006510  0.92108721470804711  0.92458782247902616  0.92793622217237004
  0.93106399422805419  0.93407842391300500  0.93707385106649477  0.93967642840953336
  0.94226912815622932  0.94481247305285576  0.94725647757902853  0.94957434641447713
  0.95178379237457555  0.95391380723146191  0.95597752286330318  0.95798272034738163
  0.95987975222866684  0.96161291375814684  0.96333697480136637  0.96498275525364818
  0.96658982982312325  0.96807899910745632  0.96951014718299766  0.97090472147154960
  0.97225240650936051  0.97359086045296628  0.97488345334808779  0.97611593376343353
  0.97730779548474400  0.97846810645642568  0.97958182891109602  0.98056346381384485
  0.98152626667686038  0.98243632649124180  0.98331615844085962  0.98417141516381879
  0.98500326398893101  0.98581273295086724  0.98660022623632526  0.98735517708863785
  0.98809111797633975  0.98881257599046168  0.98953078109319503  0.99024340874986094
  0.99091792257175337  0.99156691740921943  0.99220051050706004  0.99280846403984013
  0.99338869816101105  0.99394847035451006  0.99453651471364635  0.99511189757049001
  0.99567230716960864  0.99622194195750968  0.99676633109774215  0.99731180744614034
  0.99787691603440309  0.99848564887409674  0.99918732255120191  1.00000000000000000
 -0.02189346149170915  0.10807181249585568  0.14762612269646730  0.17326690278749454
  0.19322524466084143  0.20972753422675924  0.22480376860895376  0.23862086226617032
  0.25090155047266810  0.26244300220333133  0.27329552344478136  0.28333600595081715
  0.29316475755977295  0.30261995586170976  0.31243717944059368  0.32184404846436188
  0.33103689131950131  0.33964584458922320  0.34760064864981888  0.35544126390341285
  0.36315659272890716  0.37090932493466899  0.37799456961086947  0.38461114668407659
  0.39151829806829991  0.39829861002517075  0.40528121331550349  0.41224858625280286
  0.41927777972079411  0.42610094877490295  0.43280129277529600  0.43957629426007100
  0.44641515395333997  0.45306779388758761  0.45930650597130784  0.46522366752955396
  0.47083042154795463  0.47593868600526734  0.48132903517647607  0.48689494083591733
  0.49305613134713405  0.49982565859339889  0.50641129285183706  0.51292696806065907
  0.51914481489289066  0.52483793328842610  0.53017471213519285  0.53562683346376994
  0.54101126753507234  0.54623683922474719  0.55167101396183127  0.55773455452943388
  0.56381033255681678  0.57026596736687341  0.57650945129561171  0.58264280641137811
  0.58879944165358078  0.59517343846530768  0.60173548475644012  0.60819769545709768
  0.61428190783952596  0.62012870851664814  0.62612412778561322  0.63233591691001023
  0.63851427933170246  0.64446462293554629  0.65032979637997146  0.65645936163627783
  0.66284116899928514  0.66944099617388708  0.67606185924278273  0.68265453668977960
  0.68902402035914356  0.69575605627555881  0.70271674357340819  0.70977575576256446
  0.71685879318147883  0.72399447245813509  0.73108810677797265  0.73820288830356495
  0.74547965284646345  0.75299058071117086  0.76071119297095990  0.76861483046776768
  0.77686491215620779  0.78545429687913992  0.79443072111240498  0.80401524270959868
  0.81432864738528921  0.82559377218039998  0.83794619768432932  0.85177050314601366
  0.86755197683576202  0.88765511929407392  0.92025028169617329  1.00000000000000000
   1.1416427100213860E-009  -1.0000000000000000     
 F F F F F F F F F F F F F F F F F F F F F F F F F F F F F F F F F F F F F F F F F F F F F F F F F F F F F F F F F F F F F F F F F F F F F F F F F F F F F F F F F F F F F F F F F F F F F F F F F F F F F F F F F F F F F F F F F F F F F F F F F F F F F F F F
  <DiscreteSampler_grid>
  grouped_processes
  1 # 1 for a reference and 2 for a running grid.
  10 # Attribute 'min_bin_probing_points' of the grid.
  1 # Attribute 'grid_mode' of the grid. 1=='default',2=='initialization'
  0.0000000000000000 # Attribute 'small_contrib_threshold' of the grid.
  0.5000000000000000 # Attribute 'damping_power' of the grid.
 # binID   n_entries weight   weight_sqr   abs_weight
    10   10   1.487346438061679E+004   2.125351290974298E+009   1.487346438061679E+004
  </DiscreteSampler_grid>
