  0.00929637248529339  0.01692307637402308  0.02700677243938412  0.03738229548091586
  0.04726281721189932  0.05762117566591543  0.06852330440500913  0.07925639204607710
  0.08974535612021521  0.10024881068122880  0.11102110172704129  0.12228768452393167
  0.13342637668497309  0.14387682744867122  0.15403269320876462  0.16410295922377177
  0.17452014776264668  0.18559838997728431  0.19669928166582443  0.20778576777028021
  0.21875057392800246  0.22986864666500342  0.24090196943097308  0.25181866268997299
  0.26267357256261531  0.27319155692363634  0.28171973163734504  0.29061850255248839
  0.29945577308962124  0.30931729151390830  0.31955336064500695  0.32954340580912689
  0.33953204664236575  0.34955194509014209  0.36003981849662475  0.37092371437124833
  0.38118412238469418  0.39104864312825560  0.40095673489826372  0.41173323280308760
  0.42297971608250040  0.43369995831911440  0.44412655871177775  0.45446041040042018
  0.46472185921071441  0.47496609824752561  0.48556739111498809  0.49646214302052100
  0.50719563808860568  0.51784185946040007  0.52826406800065473  0.53837060469001641
  0.54828497434467294  0.55817007509213723  0.56847181028490867  0.57875174939468366
  0.58909773004188126  0.59942145418559445  0.60969976645678559  0.61952114189545304
  0.62945429377458806  0.63989980396362367  0.65115887673961126  0.66318862147767099
  0.67486551504644365  0.68611116323602683  0.69657225425432723  0.70725892928755429
  0.71776098962558965  0.72886645442479059  0.73925500969185265  0.75002940838108434
  0.76061530567805413  0.77145374927162780  0.78255050282350258  0.79350711444776578
  0.80466116751709427  0.81584363518658209  0.82701305923875701  0.83805538525849010
  0.84894444703275529  0.85976370867933283  0.86995184792521185  0.87963920387174732
  0.88931385064068258  0.89950320312437848  0.90964716591099060  0.91967032379787983
  0.92977096077518340  0.94046748188629414  0.95118483222428529  0.96263628979561933
  0.97268899569336953  0.98251406832088106  0.99107655123215299  1.00000000000000000
  0.00000263538432098  0.00000271440908495  0.00000278215178261  0.00000287274900197
  0.00000296369476955  0.00000306241470533  0.00000318105202076  0.00000332825145419
  0.00000348887303997  0.00000364753550310  0.00000381312671724  0.00000399185728618
  0.00000419095562979  0.00000442099957375  0.00000467799978887  0.00000494892168639
  0.00000523350677413  0.00000553401969484  0.00000584925360860  0.00000618934225970
  0.00000655803995212  0.00000694811417641  0.00000735978678263  0.00000779993342449
  0.00000827780069815  0.00000879822590123  0.00000929296303128  0.00000985382208144
  0.00001042469598597  0.00001099577114086  0.00001163331000241  0.00001235271644783
  0.00001313217108013  0.00001396509549704  0.00001483903257377  0.00001568154161360
  0.00001655451423234  0.00001747854305219  0.00001846976121209  0.00001956020940983
  0.00002071418297810  0.00002186581162843  0.00002304638149632  0.00002421996612920
  0.00002540567609864  0.00002666613920859  0.00002802957707561  0.00002959241123491
  0.00003125081108799  0.00003294091151892  0.00003471672788966  0.00003663114874814
  0.00003868400724477  0.00004090900520466  0.00004334700701781  0.00004600323859470
  0.00004880044820571  0.00005169965212211  0.00005470805702753  0.00005785521830502
  0.00006114598947580  0.00006469981986558  0.00006857608940449  0.00007283960889574
  0.00007752507946614  0.00008261895968479  0.00008823882712749  0.00009440180109907
  0.00010094105230114  0.00010794546263106  0.00011588440171419  0.00012474057831604
  0.00013484720250898  0.00014604287269053  0.00015805829616393  0.00017168021521523
  0.00018669235219718  0.00020375343576932  0.00022301877401292  0.00024574684991350
  0.00027431011911805  0.00030980023860844  0.00035196413066532  0.00039984910428671
  0.00045804218018815  0.00053701419716202  0.00065740656959504  0.00082843203187167
  0.00106111823325334  0.00148312235312878  0.00224948050813153  0.00369499759415667
  0.00809194549673119  0.04203952301863768  0.22388142325089405  1.00000000000000000
  0.00000233834418904  0.00000267157727200  0.00000295600256776  0.00000323333710994
  0.00000351596468773  0.00000381564975248  0.00000414104196713  0.00000450597024755
  0.00000491530935432  0.00000535240096674  0.00000581219332259  0.00000629676727006
  0.00000679963290069  0.00000730864604027  0.00000783427922818  0.00000835826355183
  0.00000889408730086  0.00000944836373284  0.00001002162388328  0.00001061576124104
  0.00001122034470537  0.00001183274414728  0.00001247039677778  0.00001312821241077
  0.00001380820786956  0.00001453403279120  0.00001529655204191  0.00001607179954929
  0.00001683501552603  0.00001777151182803  0.00001873644411681  0.00001970383576208
  0.00002069151071156  0.00002170072114707  0.00002272942963543  0.00002380920458909
  0.00002490670948833  0.00002605803898792  0.00002725973746770  0.00002852820489781
  0.00002970587547450  0.00003095097256190  0.00003232998577524  0.00003377608675665
  0.00003525123530484  0.00003679135876910  0.00003845597307209  0.00004037062740806
  0.00004228355739268  0.00004424160948145  0.00004628951715769  0.00004848521571764
  0.00005086521201241  0.00005339124961585  0.00005615774580423  0.00005918344811467
  0.00006220323282612  0.00006540665709599  0.00006874787130044  0.00007233686240356
  0.00007617091386870  0.00008035039283510  0.00008478914667901  0.00008951748189961
  0.00009453480256447  0.00009967757536548  0.00010484578385442  0.00011023465985171
  0.00011620487003306  0.00012275034876386  0.00012994045640499  0.00013804389200971
  0.00014716938659967  0.00015744174479086  0.00016918335424536  0.00018323980681636
  0.00019946408543024  0.00021782792375911  0.00024023298177656  0.00026482447122117
  0.00029161316292929  0.00032280801212954  0.00036013917947583  0.00040611318342355
  0.00046117256206028  0.00052664025425668  0.00061251886667134  0.00071856731246730
  0.00088383329604641  0.00111603235726329  0.00146862033090387  0.00221607171001823
  0.00382529710784573  0.00786759591768749  0.55493999439640496  1.00000000000000000
 -0.00275138847103866  0.01037788051231698  0.02137731670459416  0.03247526443484383
  0.04424095117327605  0.05613140448102865  0.06789555953610980  0.07950377229565334
  0.09137337347369875  0.10295529183010579  0.11380871754458008  0.12413815602261254
  0.13439139550788282  0.14481512555975196  0.15561891427972244  0.16674734115037851
  0.17815004914243590  0.18947046456319816  0.20062353164017060  0.21155636893668026
  0.22203734159578362  0.23202934470104922  0.24196302800409925  0.25199909944171539
  0.26175652318644682  0.27154284843815901  0.28156193525882450  0.29176156977387940
  0.30198926258453956  0.31217006374391526  0.32230027631003472  0.33233151434662062
  0.34272828763612562  0.35272438054804822  0.36276818584905074  0.37278215026853267
  0.38197035286453385  0.39105584309201713  0.40005804702059922  0.40998397816435439
  0.42100453217860623  0.43198359874738657  0.44288980894354835  0.45367628366789603
  0.46438474357050741  0.47511709167166422  0.48548891682863904  0.49540271110607553
  0.50478275911588688  0.51368590472158060  0.52274219420271451  0.53221834254275369
  0.54195813793823699  0.55323816024695205  0.56478736850809363  0.57634351720285226
  0.58767736530335102  0.59871190585722023  0.60988414288925874  0.62095213366369384
  0.63231324362163999  0.64357489892790243  0.65504249997241648  0.66597513236725381
  0.67637116040643930  0.68671156651499865  0.69648570091476092  0.70578238917069003
  0.71504796767567647  0.72376043886142838  0.73275057341703531  0.74162361672730781
  0.75182258572291760  0.76311860888169036  0.77357822593971448  0.78385549163680346
  0.79345530747661386  0.80321849673759704  0.81332214391106472  0.82373681312299984
  0.83471516809143498  0.84632617858443260  0.85809259051665954  0.86961487439943608
  0.88082020245607673  0.89197887019529210  0.90330581835584323  0.91482294353841331
  0.92625316826871029  0.93717509955507161  0.94797222348370314  0.95844114991412210
  0.96900575106378528  0.97956706688050876  0.98984961851111863  1.00000000000000000
 -0.00260096979331804  0.00957799732793228  0.02046742104821044  0.03122590188514711
  0.04203405717877490  0.05228852463728940  0.06235715217630686  0.07252882295027491
  0.08259772142507157  0.09308695611705514  0.10313357951431598  0.11337793254229983
  0.12314117775705045  0.13296710731894362  0.14288841132957530  0.15304262593573462
  0.16324137090696195  0.17338771497022434  0.18367255283993736  0.19432487760669309
  0.20518592575920852  0.21656516552912469  0.22794115221407416  0.23903998920251984
  0.25003099297192299  0.26117421763192666  0.27227488018542395  0.28287154338272846
  0.29301816319437657  0.30342969316278645  0.31409737788273567  0.32518449284646955
  0.33603167769882086  0.34692379261853701  0.35773020784801873  0.36826206178707355
  0.37910651050727512  0.39016980211638458  0.40146255318580210  0.41226199232828664
  0.42325174145879585  0.43413621851158696  0.44474247244726667  0.45539057271558281
  0.46568720750848780  0.47551044563141415  0.48529383450886043  0.49544025304468703
  0.50595317588536948  0.51663316895869171  0.52768526306840091  0.53903763890726908
  0.55054592379389988  0.56191383490204150  0.57259258953192449  0.58160381904734504
  0.59097097100777685  0.60040591184996217  0.61069333853526431  0.62149904314975524
  0.63227200108510218  0.64367938558559490  0.65538691074713606  0.66715475172680816
  0.67902545650096890  0.69046518750446095  0.70178490456605214  0.71214025115105839
  0.72287402884581331  0.73289468345449615  0.74188780350106531  0.75106548948169027
  0.76000935446054019  0.77199827952393285  0.78327471745308264  0.79370968876839920
  0.80287990753975058  0.81232623600593434  0.82166669224430766  0.83205690536559407
  0.84293355449993701  0.85402543399301389  0.86535703398440289  0.87730877831498588
  0.88912484781816070  0.90010235336265998  0.91064745594981011  0.92093000172912165
  0.93146632660089779  0.94276556871469619  0.95350294300648852  0.96394275245732020
  0.97232730167252301  0.98111080615074464  0.99018953365637374  1.00000000000000000
 -0.00240676574895609  0.00957517886419135  0.01961410444830157  0.03102790452153507
  0.04028742664262965  0.04836545268964974  0.05668087288317075  0.06571005738136179
  0.07681603609596939  0.08756857025044376  0.09693414430077833  0.10610881780259870
  0.11552652131295273  0.12468595222596225  0.13358513383900661  0.14252882856322044
  0.15220181399712701  0.16240974960005411  0.17282391209726883  0.18348410421145850
  0.19413918105328878  0.20464906200661090  0.21520766915773418  0.22562507251958927
  0.23577373508197111  0.24596950516568880  0.25670381390003394  0.26826880898213079
  0.28002627503696365  0.29129578953561608  0.30214242461378593  0.31302240281102633
  0.32432423594658927  0.33590647589957462  0.34747306460335864  0.35872108393607399
  0.36959456581152295  0.38010425433703954  0.39035211816069876  0.40068965233775850
  0.41111135247788427  0.42182938420611504  0.43272572521198327  0.44405403717514047
  0.45547261524434962  0.46643797265952808  0.47693126945120828  0.48717753191406110
  0.49773230129263540  0.50827076576810792  0.51852355543530049  0.52861012547105457
  0.53870284289720616  0.54898260829221290  0.55908962833313736  0.56938287164430601
  0.58014788408589368  0.59131278290142941  0.60250038483648560  0.61363473059756790
  0.62439669211274362  0.63496070392640025  0.64564068724368806  0.65647613011897832
  0.66742554151658273  0.67828893898818088  0.68923053277499557  0.70035670272441242
  0.71157388779524833  0.72283576569179053  0.73432392477008557  0.74579549290434677
  0.75650343168998224  0.76665317468616201  0.77667843034370065  0.78680099282691218
  0.79701924699542370  0.80722697528599219  0.81745521520789055  0.82796991827994781
  0.83833741247629212  0.84834005444244442  0.85840682701654758  0.86915631915717384
  0.88085444424502002  0.89244007640107648  0.90291222427388673  0.91305870401485845
  0.92310556322637716  0.93333835175510593  0.94458977562777457  0.95609534217881864
  0.96712950850585588  0.97831390373774574  0.98906229504207577  1.00000000000000000
 -0.00001335070905847  0.00023064323985690  0.00058781104369315  0.00106633167702829
  0.00166012292507865  0.00222231471550287  0.00271478501487604  0.00323987033674849
  0.00378719935243312  0.00435349715685274  0.00492211699616012  0.00549093111337080
  0.00606106698976372  0.00663817836285153  0.00723105531768669  0.00782959893840804
  0.00843246448974293  0.00904535906796177  0.00966737967571137  0.01029954113218176
  0.01095961634649414  0.01163677624800377  0.01233297653520112  0.01303817709953706
  0.01374360423490164  0.01445148937429179  0.01517266230132792  0.01591098697038329
  0.01665570586431737  0.01739397742747441  0.01810418122945162  0.01882771929230709
  0.01955274050056564  0.02030525782625416  0.02107631372253431  0.02179750368216268
  0.02249431621737550  0.02321420410591983  0.02392146652816807  0.02461536414585880
  0.02538365515831746  0.02627087594839346  0.02720206537437396  0.02807956543818205
  0.02891326580816182  0.02976775732185888  0.03061802503438650  0.03148360352971005
  0.03242109626998470  0.03338695405475863  0.03435553719967726  0.03532193065731180
  0.03630613493306943  0.03726167272786086  0.03818536595272014  0.03923236645634658
  0.04033062978321782  0.04146009334160561  0.04256498995230025  0.04360362151340907
  0.04470159245707619  0.04584291926646256  0.04702863215576737  0.04812261657410669
  0.04927555645054948  0.05052584538611641  0.05187152992814400  0.05323610050969011
  0.05461158477503486  0.05593721581331386  0.05722287345716361  0.05863149463692834
  0.06033898827506937  0.06225143806040252  0.06426934744804376  0.06638132474168706
  0.06852949866357343  0.07042801140340904  0.07224294690448135  0.07438872346956345
  0.07660195098548817  0.07961520087582316  0.08217959019130250  0.08498762439637293
  0.08780567834369080  0.09084254631464918  0.09469409416525516  0.09966473732577934
  0.10445151127137241  0.10899157247094204  0.11519839993009302  0.12226457688311729
  0.13234412721091851  0.16252421587392879  0.58277746945398812  1.00000000000000000
 -0.00169542929261406  0.00787646036127102  0.01819379849186881  0.02817289021553447
  0.03914131117013893  0.05114345148304483  0.06345946132222326  0.07514418772979996
  0.08708773604925193  0.09910468122400737  0.11071187540182628  0.12168753518112085
  0.13335070162524323  0.14520714317374406  0.15602302637811352  0.16591016698284280
  0.17544167605948935  0.18514037261234711  0.19516838527473632  0.20585461199893298
  0.21683724542321153  0.22804091591027989  0.23912334639605151  0.24998322387586405
  0.26043845949229333  0.27067641996727482  0.28029951720733559  0.28966489439722626
  0.29934191944416599  0.30910467364202393  0.31928703358047422  0.32932459599649933
  0.33926435717811942  0.34911408340855965  0.35874074764722835  0.36858061591547864
  0.37900129865494214  0.38969675288571259  0.39999088326198479  0.40983535780705782
  0.41976274865234714  0.42981292998700243  0.43977185965018967  0.44938678354961681
  0.45949141368289503  0.46961546180455938  0.47983623926619240  0.48896617145348809
  0.49831827578967131  0.50800697480012236  0.51797490760016618  0.52738568690207688
  0.53661703646084435  0.54655082626631624  0.55670433841574540  0.56632588158324515
  0.57563069406860978  0.58551484317872304  0.59628339749777082  0.60768557721837868
  0.61900021651673898  0.62944804596274539  0.63931226261347351  0.64952906247389841
  0.66026483438560934  0.67101210682416257  0.68158930804339612  0.69245442821367365
  0.70361110288224182  0.71406759767392380  0.72357393964706329  0.73273269810290520
  0.74248905299458900  0.75338540048863267  0.76446796653875337  0.77561428089043505
  0.78658816847857604  0.79732951102550098  0.80816298639475614  0.81958221157328703
  0.83125295540147792  0.84207188335478778  0.85252042859897159  0.86308438942714816
  0.87438322550036407  0.88702600708937229  0.89895541514966826  0.91066413762421672
  0.92187565635676194  0.93356151005395149  0.94539432697614678  0.95772287613620222
  0.96910654278068664  0.97964634290845187  0.98985862261869462  1.00000000000000000
  0.00889647916954554  0.20776867245239947  0.31825304747949895  0.40024677559592559
  0.46460662070361186  0.51603434163168205  0.55830934365392537  0.59468181755208771
  0.62676912377288563  0.65465903319593599  0.67905145376565723  0.70116022444047410
  0.72102450770595872  0.73872376323748457  0.75485827611119316  0.76959455052102577
  0.78316581412136743  0.79549899889231168  0.80685555339413229  0.81756094816095859
  0.82746794116671984  0.83664853595704580  0.84512942809944991  0.85313618883663345
  0.86050716630330581  0.86746158848596999  0.87405444178810676  0.88019671671646171
  0.88601918406858915  0.89155237947447363  0.89670673755988950  0.90151017071803208
  0.90607995537604147  0.91049389213101317  0.91474267022774158  0.91871092063933424
  0.92233218192880850  0.92575103155181160  0.92903347902451261  0.93219036462257598
  0.93520454306753154  0.93799172735636349  0.94064756690451901  0.94312216933941961
  0.94551469340752836  0.94790939668757357  0.95024025215254437  0.95244440345236070
  0.95455816259538639  0.95662892612815831  0.95853167350508262  0.96023859559383340
  0.96190405212274444  0.96355721923421156  0.96520074008978074  0.96679606412235142
  0.96834334265610478  0.96983633546627745  0.97124652638132170  0.97257825034551126
  0.97386637249482044  0.97511423040468770  0.97632434705331816  0.97750200307281909
  0.97864102752831184  0.97966173942779722  0.98066005172580528  0.98163384941935283
  0.98256616103849925  0.98346988713273886  0.98434697091350198  0.98518667263832782
  0.98599978119111231  0.98678124060797689  0.98754530558478293  0.98829139833681467
  0.98902082402331482  0.98973897013670542  0.99045661116161920  0.99103536879227849
  0.99158971671301288  0.99214013416115565  0.99267955699884991  0.99319149474281043
  0.99369995461538085  0.99420019331030152  0.99468769098796450  0.99516772036307921
  0.99564796347536078  0.99613505926994839  0.99663373689861734  0.99713642763835642
  0.99773318940484479  0.99841978704242529  0.99917454387290516  1.00000000000000000
 -0.02198401899088544  0.10795758447040912  0.14970377788089950  0.17509526702323144
  0.19469177330141088  0.21073063628657696  0.22487923150913833  0.23878702778746475
  0.25262163030482876  0.26545354681303196  0.27762239758498480  0.28843907097207738
  0.29847033316201993  0.30786383389561328  0.31700934761034966  0.32641066236663568
  0.33560226955135414  0.34509460000101139  0.35398600405485287  0.36231396392790033
  0.37012495921672012  0.37745970229457892  0.38436631921289632  0.39128597594682835
  0.39857022517253649  0.40568173397795093  0.41273171854084617  0.41935831497577375
  0.42617999248931004  0.43271757567628971  0.43904970475278399  0.44533606011701449
  0.45147826053243989  0.45765264638056946  0.46340633783510610  0.46865019483700504
  0.47392026590385194  0.47910486135771552  0.48448183575259124  0.49033251202307510
  0.49690056704640828  0.50374671989713982  0.51053420418803286  0.51719672090152091
  0.52339594131222633  0.52909241970898480  0.53472566454603065  0.54032741953534624
  0.54609082191845493  0.55217475121208204  0.55833120019867555  0.56449639952162767
  0.57055660940516673  0.57656836581846826  0.58231861287441467  0.58790564220616048
  0.59382636003817757  0.59967154917013343  0.60547517996569711  0.61141325328301999
  0.61748427621196522  0.62372402075303723  0.63025269253646932  0.63695180051580380
  0.64376489449242291  0.64991144786734789  0.65575825100544483  0.66169662422245157
  0.66763814409059385  0.67392223679173346  0.68035377649888273  0.68650941217071770
  0.69257485041173195  0.69889140203422906  0.70546127898852828  0.71242514232671061
  0.71957710307614320  0.72649872757822886  0.73321205760827990  0.73992957743835497
  0.74679490243713720  0.75413497531634877  0.76209132413363656  0.77048408339522989
  0.77924033911925239  0.78837413901126208  0.79797084624199144  0.80779367730396301
  0.81777236876413062  0.82817902792826159  0.83956014964713754  0.85243621526292845
  0.86779087755427575  0.88769945227535108  0.91996119595516057  1.00000000000000000
   1.2163336204069072E-009  -1.0000000000000000     
 F F F F F F F F F F F F F F F F F F F F F F F F F F F F F F F F F F F F F F F F F F F F F F F F F F F F F F F F F F F F F F F F F F F F F F F F F F F F F F F F F F F F F F F F F F F F F F F F F F F F F F F F F F F F F F F F F F F F F F F F F F F F F F F F
  <DiscreteSampler_grid>
  grouped_processes
  1 # 1 for a reference and 2 for a running grid.
  10 # Attribute 'min_bin_probing_points' of the grid.
  1 # Attribute 'grid_mode' of the grid. 1=='default',2=='initialization'
  0.0000000000000000 # Attribute 'small_contrib_threshold' of the grid.
  0.5000000000000000 # Attribute 'damping_power' of the grid.
 # binID   n_entries weight   weight_sqr   abs_weight
    10   10   2.173550850408009E+005   4.579821789608641E+011   2.173550850408009E+005
  </DiscreteSampler_grid>
