  0.00969953711024516  0.01590398994190522  0.02426982998762255  0.03192809192043280
  0.03974245749547553  0.04684722600117229  0.05489273268198058  0.06291141164346169
  0.07288369240485153  0.08312519548721886  0.09343432161795086  0.10349876035445632
  0.11129308425485619  0.11949801405044495  0.12858052792699959  0.13860631778866578
  0.14692544904429874  0.15558442121767888  0.16540767260525255  0.17868705869294751
  0.19533810501249099  0.21080162332807495  0.22543714598749934  0.23714440800223047
  0.24812904742635833  0.25962415894375673  0.27157696764539913  0.28107122774847837
  0.28979425037884876  0.29955338585093011  0.31174074870339558  0.32436649408200829
  0.33634227734983357  0.34790036009109387  0.35859796818346495  0.36931599046973296
  0.37962968024188359  0.39031536725975846  0.40226644006321166  0.41373635432889905
  0.42387530882675289  0.43317671035689814  0.44208081492960921  0.45169778389673693
  0.46089528621048004  0.47005915972600004  0.47964269669618742  0.48993545035538599
  0.50090273162820842  0.51053744198985762  0.52064044674661780  0.53023764008463270
  0.54002921353145361  0.55178060031929110  0.56316339527101089  0.57349152394882719
  0.58244166352370574  0.59101980839505919  0.59836877146424361  0.60585111910631717
  0.61358123661669617  0.62263547454621437  0.63575639277493901  0.64927258555862444
  0.66209446549229856  0.67673552012160987  0.69101281915147017  0.70342896991190562
  0.71425068975156547  0.72478909741465702  0.73493692676073241  0.74598024556551623
  0.75773926917996026  0.76896416156630931  0.77754571965357477  0.78625116536457429
  0.79716607493364477  0.80824224056237060  0.81835155080510769  0.82769349096964639
  0.83883592706017351  0.85185665723743553  0.86363962398207572  0.87539092483987124
  0.88728673488786214  0.90077600718693995  0.91490208135781803  0.92825868767127517
  0.93945794087215362  0.94796204218023250  0.95616038036395645  0.96449322908986312
  0.97355685956188898  0.98318526212348434  0.99059922366672559  1.00000000000000000
  0.00000284904254892  0.00000384609754350  0.00000469006048157  0.00000574010756518
  0.00000700359722549  0.00000853495885486  0.00001001091246150  0.00001167804319034
  0.00001375072813911  0.00001632065394787  0.00001934280316459  0.00002267481910388
  0.00002649808275210  0.00003058874461804  0.00003461515622978  0.00003888199873077
  0.00004355388495294  0.00004877901961574  0.00005453115840288  0.00006026399270836
  0.00006678855899951  0.00007469918679699  0.00008393858600986  0.00009498073939710
  0.00010570189470634  0.00011611185007874  0.00012838086420841  0.00014025848541732
  0.00015397184044200  0.00016732161782628  0.00018209603957534  0.00019843808662863
  0.00021424206770475  0.00023179850921658  0.00025057788900206  0.00027147297238711
  0.00029953304181237  0.00033036120958652  0.00036442166418723  0.00039891581612073
  0.00044388365242046  0.00048998002742942  0.00054318280873937  0.00059655256735250
  0.00064212257996500  0.00068247757367959  0.00073202075494765  0.00079241541025726
  0.00084582835959369  0.00089295562101019  0.00093744771606710  0.00099390303811120
  0.00107059570585063  0.00115371257679836  0.00123591211697442  0.00132694637757627
  0.00143168307667054  0.00153892276913461  0.00164949745786535  0.00177000404778252
  0.00190969819664649  0.00205657389444460  0.00220515974931059  0.00236006257529172
  0.00250848891960063  0.00267763499203137  0.00286890005098163  0.00310693642840880
  0.00333789512691546  0.00354957017369090  0.00376667144156099  0.00398863215909069
  0.00418887352672013  0.00438773648545955  0.00460050212228809  0.00480849746884440
  0.00497655824291341  0.00517729716105313  0.00540781018596913  0.00571675794751846
  0.00611563539530951  0.00655350496668112  0.00700011329640884  0.00744882125163334
  0.00791589196589761  0.00841616185133711  0.00903789578383627  0.01019396338288795
  0.01124235605687840  0.01183213073848100  0.01263311327084409  0.01338246280468171
  0.01516576459008551  0.02278498220739304  0.04308692676122627  1.00000000000000000
  0.00000221996804093  0.00000347561772782  0.00000426637714981  0.00000517939477633
  0.00000624314880309  0.00000746649401570  0.00000880143753427  0.00001034638251780
  0.00001227205499122  0.00001477249112939  0.00001721281409575  0.00001945831621986
  0.00002172163971464  0.00002417133639845  0.00002725004746949  0.00003070124421391
  0.00003528401034929  0.00004044974912091  0.00004618333756298  0.00005191767879449
  0.00005769655485705  0.00006398702770424  0.00007115163770195  0.00007968334364787
  0.00009023479300776  0.00010229884356244  0.00011329822767030  0.00012380829887664
  0.00013495619278733  0.00014616971448545  0.00015766804543064  0.00017059170154764
  0.00018528776090344  0.00020033466968810  0.00021540609786365  0.00023510751212569
  0.00025423104629147  0.00027314301204921  0.00029350730440952  0.00031689637251538
  0.00034401770438603  0.00037450540478734  0.00040785336282763  0.00044308866997269
  0.00047169859122609  0.00049810306035429  0.00052618666417041  0.00056276116428024
  0.00060272443155865  0.00064624394133185  0.00070009436842637  0.00076248437258896
  0.00082558923882200  0.00088160005128183  0.00093557847943068  0.00099008082051846
  0.00105136055698214  0.00111581166363408  0.00119301832824078  0.00126790888159320
  0.00133434759648935  0.00142356206386651  0.00151881780086073  0.00161646456847447
  0.00172906039634434  0.00183449413246279  0.00194642814635886  0.00207710536604670
  0.00222301298772114  0.00235584455289325  0.00251405745546834  0.00271816452421443
  0.00309698006732796  0.00359811560017798  0.00396665387015330  0.00427115784235405
  0.00451692993233703  0.00472505861876017  0.00491043997934064  0.00510672755958129
  0.00532471123471723  0.00557560406556949  0.00588840165850868  0.00621577948778662
  0.00660322894874699  0.00705558350515000  0.00761010611847467  0.00885719887944846
  0.00999895171287375  0.01127561546663178  0.01372462353154832  0.01865209654347195
  0.02602530387835226  0.03178671636157662  0.03841599443274575  1.00000000000000000
 -0.00206306896612558  0.00664655030567462  0.01450169818808783  0.02326480611358666
  0.03353524852360267  0.04383848403259236  0.05411262817082454  0.06445053473033083
  0.07453721258597086  0.08563215992713410  0.09747089397307757  0.11063249742434886
  0.12449501261636448  0.13810346010759184  0.15324661474354279  0.16746389423797048
  0.18162570355919713  0.19490604712298248  0.20747688132701919  0.21914485129202924
  0.23000248027790629  0.24081190078504591  0.25121187471666723  0.26228671444039270
  0.27374016996113626  0.28468112020772812  0.29485350361046903  0.30427347498986101
  0.31396547554812010  0.32209281019622915  0.33006244056519740  0.33860804368294606
  0.34830561015236089  0.36021181747007791  0.37210371915958235  0.38296376087134248
  0.39181521592653396  0.40135781761250788  0.41150314877613886  0.42205007503758823
  0.42992762009000385  0.43863482412050175  0.44814089234626298  0.45865786180993290
  0.47057825642409057  0.48282303462155768  0.49430615351729057  0.50472985485809319
  0.51585903559589430  0.52656531085772063  0.53712419434957115  0.54739943753782250
  0.55681815410087865  0.56687586805791523  0.57659662272376566  0.58648886213870721
  0.59691387255282258  0.60816865654700059  0.62155981969312124  0.63345691620741884
  0.64397361598273706  0.65477203442462539  0.66688446602890483  0.68014200793348578
  0.69302168197458858  0.70438464634435949  0.71526923168284973  0.72628764459143880
  0.73839069440640748  0.75124351007828716  0.76310378253943489  0.77391331219579829
  0.78379493817290447  0.79408689883612571  0.80446910754618750  0.81523259353259958
  0.82621616502271189  0.83768940872305175  0.84886108952212469  0.85916552918618705
  0.86954126819580579  0.88062343713670943  0.89217526232688293  0.90400094640501139
  0.91497102950632514  0.92271916550876854  0.92948668780133181  0.93665577129952282
  0.94410361672845655  0.95064770891434613  0.95780353791555795  0.96509976679411658
  0.97236318378973263  0.97969680328807551  0.98903044480866475  1.00000000000000000
 -0.00285538661016215  0.01220785065133206  0.02460739572935192  0.03490787068998887
  0.04656230375678508  0.05690114546094583  0.06613193902350481  0.07309420781964313
  0.08001378006352985  0.08775981057976731  0.09879839696402400  0.10963659458892339
  0.11895223598949003  0.12825466735540106  0.13824872390101201  0.14972010010381323
  0.16214784088265793  0.17309097074397931  0.18422703231086499  0.19493608457884243
  0.20606792920888073  0.21851931207135492  0.23148000598757681  0.24500665207806790
  0.25783690457264652  0.27021770963376146  0.28226964769695778  0.29426723179848818
  0.30652584480135942  0.32045478388515963  0.33590086188701651  0.35007544802958007
  0.36208934076387994  0.37257046781780406  0.38341771566578098  0.39425329281915206
  0.40339105324599350  0.41181540982381398  0.42076235010229934  0.43079142588172409
  0.44182834925818476  0.45232504274756158  0.46295223223852516  0.47245779785145542
  0.48070889941247835  0.48837314845455104  0.49655651850097010  0.50527291440699418
  0.51455416378549645  0.52507209313363234  0.53502493458966671  0.54428199474775862
  0.55322693943867751  0.56282245861339830  0.57254731615505239  0.58250888484672114
  0.59273751285718945  0.60451465829411333  0.61678267602157077  0.62912117537098788
  0.64178247495647656  0.65316703739952686  0.66357937779104514  0.67356289590512430
  0.68312368245233268  0.69208239448508024  0.69997773166297017  0.70713221019332606
  0.71497235834350426  0.72355022466508712  0.73164457230036073  0.74125351138212892
  0.75104178333348637  0.76247080048905358  0.77471741101859160  0.78638536066607356
  0.79734467012605870  0.80767905860589284  0.81762969772570970  0.82850902064241916
  0.83916331005107803  0.84922289989566702  0.85955949321351699  0.86995686733214694
  0.88066123289411358  0.89312198624627392  0.90699988178183133  0.92157282306234733
  0.93538730856164631  0.94482535897942344  0.95544397173039119  0.96622108870183498
  0.97520772144353141  0.98365058793539006  0.99206802097291125  1.00000000000000000
 -0.00247869330238905  0.00497388863270387  0.01232948362141261  0.01945618777328166
  0.02981636120708640  0.04157747219936148  0.05140062323024739  0.06234816698764391
  0.07178216061573726  0.08052689093831994  0.08872884859546039  0.09759958749705527
  0.10716144465084962  0.11782013383543112  0.12881492053779389  0.14051059176104452
  0.15216124599278102  0.16323650748935914  0.17495755979597988  0.18629735311331880
  0.19670794156022198  0.20679148828720836  0.21707933041301838  0.22764079008464286
  0.23638998224346947  0.24427474743030134  0.25196610106654527  0.26041700252553751
  0.26780833638342910  0.27656060796049670  0.28662816715667794  0.29971798162523605
  0.31367320717202035  0.32739727132296292  0.34061371016430692  0.35331154628810124
  0.36269264364565995  0.36984497715143883  0.37681684215478173  0.38378296390952105
  0.39196909151678466  0.40099215107613884  0.40859103856253609  0.41660691234408231
  0.42576744377246739  0.43594691412125203  0.44764394142202429  0.45847227978283445
  0.47008130404853116  0.48122641170505898  0.49332857907415745  0.50563256517828614
  0.51737676015164169  0.52794094975186379  0.53743910384539728  0.54683446112709433
  0.55747548129557911  0.56780931668584578  0.57755132523303621  0.58756859563215669
  0.59863629080021374  0.61025239989680458  0.62169937279173726  0.63287987554487324
  0.64443883123871171  0.65641870439508099  0.66692210133115126  0.67680326040627248
  0.68660465292213724  0.69734912222602530  0.70981133476196856  0.72202330549008642
  0.73340589770072684  0.74457708174332371  0.75654238180273226  0.76862595146397306
  0.78083796253916993  0.79182704267418291  0.80271432706485457  0.81330356633385870
  0.82356038018282929  0.83491270297312359  0.84670305264459100  0.86028222441609115
  0.87280363017883711  0.88715743052735041  0.90042310321752794  0.91262633153024098
  0.92386806491636220  0.93479419281746601  0.94614345615693218  0.95699104219274622
  0.96901686498656170  0.98011743176125266  0.99024641367561983  1.00000000000000000
 -0.00029909059923560  0.00084036520819924  0.00209503849185960  0.00318017239369553
  0.00413405558135780  0.00501208775974938  0.00583440494440784  0.00665179375935849
  0.00748720654406517  0.00830736779826342  0.00911376879202107  0.00991988787376030
  0.01068248274876209  0.01141289745692791  0.01214022069076371  0.01292910947860167
  0.01387954445868346  0.01488118788700704  0.01579235922406321  0.01658239356070142
  0.01734385966635479  0.01810259934423390  0.01889197800979794  0.01975499697126250
  0.02063406934566040  0.02138879443735411  0.02197445508732096  0.02256688024537396
  0.02305069066860408  0.02351097017577099  0.02394191701482000  0.02437423151766058
  0.02483403665377548  0.02534319070115671  0.02591115281960905  0.02656837738152239
  0.02724530200603251  0.02795986901058861  0.02883410962944586  0.02973531931930417
  0.03048437345112530  0.03102769882547029  0.03151619975235742  0.03198188079708222
  0.03236866399558486  0.03272991821574508  0.03310594453045507  0.03353010736332659
  0.03406692102528837  0.03470242094956066  0.03531761002988920  0.03599862070972109
  0.03679131633982441  0.03762036908989561  0.03839648634272869  0.03918510971119026
  0.04000919535015947  0.04074904841608490  0.04146014420589954  0.04207664232148968
  0.04271926661771188  0.04340134554962241  0.04398430106306774  0.04447361210799217
  0.04495690835410799  0.04540765970177257  0.04681146525291998  0.04836961855466218
  0.04954368325352287  0.05030865186570233  0.05077410223244227  0.05123697336204105
  0.05166545424477113  0.05205815646077658  0.05430758760323112  0.05597024557354933
  0.05697296592259391  0.05797730706783105  0.05904508623435402  0.06026438988258701
  0.06133044730979485  0.06204169835327863  0.06278512826121624  0.06479157219518877
  0.06645590815206577  0.06802105461298735  0.07015432066547825  0.07183026938558261
  0.07375514035499903  0.07725084449870294  0.08338576964600623  0.08588578703722119
  0.08763523713731511  0.08970455267649936  0.22376477305151654  1.00000000000000000
 -0.00182242908870193  0.00798270798786836  0.01548312732223109  0.02293635702322091
  0.03061992012660156  0.03759781386607131  0.04299594998154720  0.04804016849134972
  0.05308579585210343  0.05761315602401604  0.06392873401529288  0.07136227356797860
  0.07963211702034338  0.08853854731608651  0.09651293476779696  0.10339902992556943
  0.10962233992038556  0.11581962341423153  0.12250849429419439  0.12882290765280136
  0.13513119119274980  0.14195716385906423  0.14888757050104032  0.15543133312386892
  0.16129760945054403  0.16716471797749571  0.17271847051259737  0.17865683583304912
  0.18456240644725327  0.19064017199587685  0.19558180259169033  0.20047920996020779
  0.20434510669289649  0.20843819402174524  0.21315412506555637  0.21867203104438493
  0.22499474867855565  0.23122511163386208  0.23851743101813636  0.24567990576560883
  0.25254882252221827  0.25907737635223171  0.26541971799909420  0.27181949337342470
  0.27917980230173206  0.28685431915026094  0.29517925121146726  0.30333879187987628
  0.31193143920055283  0.32037807594442208  0.32873209333943243  0.33799703393566122
  0.34710647246569226  0.35562614684526328  0.36424952401728788  0.37261316654892912
  0.38186182968088167  0.39215983312000202  0.40252192744269144  0.41341523473931258
  0.42540570117828685  0.43877541828870947  0.45258868058078811  0.46543352918247005
  0.47823736928179161  0.49104873082912431  0.50688507889369150  0.52573375133501909
  0.54778229939070011  0.57082555717737471  0.59552986299867072  0.61329445626177670
  0.62991300828790942  0.64740282773017255  0.66834239522295102  0.69411717239432869
  0.71561351492037617  0.73342984835808156  0.75113231599103936  0.76955159401824402
  0.78992608485176241  0.80734257631269513  0.82187621938351596  0.83669753218301557
  0.85260223556735470  0.86815026908248238  0.88475913954750007  0.90184039191150822
  0.91902820406152741  0.93376576122934274  0.94532340113773095  0.95646165217699264
  0.96851053186005187  0.98126040192770514  0.99087341742199031  1.00000000000000000
  0.04710893229965769  0.21172022486116626  0.29938948066749610  0.37289492157767967
  0.43212031917055732  0.48121393194759265  0.52281675018172302  0.56155175295422877
  0.59570576507325823  0.62597800796051117  0.65234438868941602  0.67528769840912306
  0.69764924704406905  0.71828521906809639  0.73690417345115400  0.75372812751422502
  0.76872691279655847  0.78284875442526847  0.79647397428982158  0.80926232821034583
  0.82061634181153031  0.83105472114245604  0.84074443702487067  0.84946956009127494
  0.85762293316829685  0.86524412952804641  0.87259552010797259  0.87938756410950525
  0.88579567781954793  0.89198592694595147  0.89770341892924554  0.90295747063632315
  0.90781913486543020  0.91260629964731321  0.91713532973487100  0.92126169099258315
  0.92518333102649131  0.92895775078692833  0.93272896769052360  0.93639620109702038
  0.93982544221415665  0.94290593607662876  0.94557721305283315  0.94796893215033984
  0.95016707696014402  0.95218327585877183  0.95412763243509013  0.95621510594166770
  0.95821235262249960  0.95971937492566084  0.96135067144440756  0.96301535800102134
  0.96468404931330820  0.96614270157575644  0.96756591468885411  0.96891921443109719
  0.97018976450583660  0.97147819701215787  0.97277932611038276  0.97406249434363479
  0.97530650302742228  0.97651423236623713  0.97771335053363362  0.97899410198082382
  0.97999377458374082  0.98096941834231777  0.98192176674858067  0.98285051718681360
  0.98386479406553962  0.98475839792812148  0.98557534466607888  0.98633359579787439
  0.98702084000360291  0.98772370272645105  0.98846874852087685  0.98926037823710800
  0.99000047983691875  0.99063488077066941  0.99123048341650810  0.99181689783382820
  0.99240567621063647  0.99299672359725089  0.99352393574211673  0.99399606291727971
  0.99444992170797797  0.99490224335235899  0.99536799316731239  0.99583436918942081
  0.99630218814227089  0.99676405373678456  0.99722039429220555  0.99767376262326302
  0.99812572271557698  0.99870179971580164  0.99932812930864101  1.00000000000000000
 -0.01524466088810114  0.10380001926203397  0.14054092640392751  0.16292663858564854
  0.18227528356583697  0.19785683581975738  0.21155457719021670  0.22565494945994385
  0.23944985907279884  0.25320905183071690  0.26647274964889295  0.27720656094242085
  0.28634245326265440  0.29490597191234802  0.30312871919785428  0.31132958744269656
  0.31850792577683568  0.32493851282902864  0.33166313058413416  0.33869828616998748
  0.34593268593005450  0.35296739032769719  0.36090642505398929  0.36929417252837915
  0.37862564207008176  0.38748356868820483  0.39651200150854460  0.40584071520900505
  0.41517232473081345  0.42332147514196999  0.42986779764146316  0.43590336979139382
  0.44166686678081762  0.44784921474999989  0.45416760335153633  0.45960588563943933
  0.46431573604990600  0.46866807568814445  0.47348237070472277  0.47849837812891882
  0.48407864390734440  0.49081744884894540  0.49658753062250383  0.50225948064846759
  0.50787089158253684  0.51360809073294023  0.52004329039559993  0.52596410813207206
  0.53204912673038851  0.53858087036169466  0.54493047691133023  0.55123926891527797
  0.55711334893010900  0.56230866991167305  0.56758432834053651  0.57272917116045419
  0.57912933501152974  0.58547915625287816  0.59198828783641688  0.59837936763437627
  0.60515880896606000  0.61242781609526864  0.61979355228127997  0.62742774435268500
  0.63547390317593599  0.64324575625101565  0.65116353353833967  0.65905406768084795
  0.66644093321356312  0.67325158221142489  0.67978921244769430  0.68746720761430125
  0.69438678014033206  0.70111081940977926  0.70732899772146363  0.71355120034138975
  0.72012727310179470  0.72608616450184083  0.73226118382873584  0.74001576958034276
  0.74898578210941291  0.75813659694496127  0.76691167161560603  0.77526757674302893
  0.78365049011374599  0.79241256948179861  0.80111331212490833  0.80963216078382427
  0.81885246998129824  0.82903592288998418  0.84049135348512338  0.85344648808705492
  0.86967051866056644  0.89154453425042701  0.92453547778091572  1.00000000000000000
   7.2771035914866328E-008  -1.0000000000000000     
 F F F F F F F F F F F F F F F F F F F F F F F F F F F F F F F F F F F F F F F F F F F F F F F F F F F F F F F F F F F F F F F F F F F F F F F F F F F F F F F F F F F F F F F F F F F F F F F F F F F F F F F F F F F F F F F F F F F F F F F F F F F F F F F F
  <DiscreteSampler_grid>
  grouped_processes
  1 # 1 for a reference and 2 for a running grid.
  10 # Attribute 'min_bin_probing_points' of the grid.
  1 # Attribute 'grid_mode' of the grid. 1=='default',2=='initialization'
  0.0000000000000000 # Attribute 'small_contrib_threshold' of the grid.
  0.5000000000000000 # Attribute 'damping_power' of the grid.
 # binID   n_entries weight   weight_sqr   abs_weight
    10   10   2.454151557350562E+006   6.018553780250123E+013   2.454151557350562E+006
  </DiscreteSampler_grid>
