  0.00931066821956657  0.01657071115370171  0.02662207197303097  0.03693529913972503
  0.04764813277991048  0.05860505938276289  0.06994362337269122  0.08121948940753346
  0.09289532494437416  0.10447437136248590  0.11554496185524443  0.12597838852385648
  0.13583849220782929  0.14584112100225785  0.15616622615731240  0.16725704252080040
  0.17867879790647173  0.19039986441633019  0.20140803032505775  0.21269929764037365
  0.22278058577872542  0.23372874651457176  0.24446485685418989  0.25583903669738089
  0.26706410515062451  0.27802381264165021  0.28907315535518607  0.30032946776495656
  0.31175365774428987  0.32335762741573870  0.33492621784184784  0.34615308953021934
  0.35670277407942846  0.36673829837519650  0.37693653643980302  0.38784188352986559
  0.39943346658409662  0.41118813135829935  0.42265097202185958  0.43365366139070899
  0.44446527808670716  0.45507566611906375  0.46534297565158533  0.47543155139611726
  0.48575707248115030  0.49624592139087059  0.50624373156908242  0.51550092752533927
  0.52447828706556432  0.53387392785653287  0.54385860566594535  0.55401125461069844
  0.56404120352254972  0.57364460018996333  0.58287080683917991  0.59219805192060360
  0.60222550748882508  0.61288380847906210  0.62347964226006669  0.63413866087940196
  0.64488944659116176  0.65554414752651236  0.66596247685125809  0.67618059864877045
  0.68644691831057270  0.69689883428931432  0.70766710635260865  0.71820916548510805
  0.72879078287045918  0.73914563363053898  0.74915759451538488  0.75882500146437704
  0.76893014366835255  0.77993327721965222  0.79111499380888972  0.80126797368429781
  0.81085585476594579  0.82047749857850927  0.83063303723786330  0.84128054829803556
  0.85194992880180875  0.86290664396381334  0.87376870540065832  0.88385681546592065
  0.89397502434016518  0.90403464304077419  0.91426003701336134  0.92423716041104387
  0.93438866773582963  0.94473305689530662  0.95516206916109114  0.96463961697628420
  0.97373602301965323  0.98273045561893957  0.99106784215579757  1.00000000000000000
  0.00000249396508862  0.00000252748287019  0.00000256174182274  0.00000260634080930
  0.00000265808180964  0.00000270992054383  0.00000276057720011  0.00000282390493729
  0.00000289601340843  0.00000298026003170  0.00000307640782108  0.00000317191125626
  0.00000327614652991  0.00000338902860714  0.00000351360075571  0.00000364411528658
  0.00000381319878952  0.00000402498780646  0.00000425735402035  0.00000450226073893
  0.00000475947174171  0.00000503854805432  0.00000534224608843  0.00000566957708105
  0.00000604098575471  0.00000645814885358  0.00000691601344835  0.00000740368045819
  0.00000791499793670  0.00000844467324177  0.00000899542377728  0.00000957959190070
  0.00001021255694380  0.00001085596316451  0.00001152441673421  0.00001222685302940
  0.00001297006904290  0.00001376735575065  0.00001462114165708  0.00001552196347739
  0.00001647512317913  0.00001748788405901  0.00001853080503670  0.00001966071529850
  0.00002088076330897  0.00002217403957449  0.00002352244074158  0.00002491288085578
  0.00002633800341435  0.00002798997422639  0.00002975578008732  0.00003161386515885
  0.00003357124994574  0.00003566235932409  0.00003785433334853  0.00004020892175966
  0.00004272281733205  0.00004538982045616  0.00004818888645138  0.00005107388662861
  0.00005401433711183  0.00005733606182007  0.00006094275768405  0.00006481783981000
  0.00006890781741830  0.00007318803936107  0.00007775962432788  0.00008279712574262
  0.00008843392004245  0.00009505314361276  0.00010167628203088  0.00010959556933381
  0.00011845323577366  0.00012807641485398  0.00013866430919902  0.00015043370351391
  0.00016347913821196  0.00017809315509042  0.00019555702401626  0.00021731476393726
  0.00024368586543071  0.00027662123758928  0.00031663881908099  0.00036686032954870
  0.00043035429909697  0.00051218246054449  0.00062094404050166  0.00078432603580966
  0.00103974646964886  0.00139831560000633  0.00205978673913304  0.00336729677992761
  0.00648371599770051  0.01844757930136579  0.42215751840239812  1.00000000000000000
  0.00000233220468158  0.00000263919078380  0.00000290550669877  0.00000316155176933
  0.00000342141845336  0.00000370707448383  0.00000402732848508  0.00000436024057772
  0.00000469795609890  0.00000505079312152  0.00000542062030352  0.00000581739648530
  0.00000622665915297  0.00000666337144552  0.00000714182251297  0.00000765453971167
  0.00000818045363568  0.00000872002186478  0.00000927172621042  0.00000982877624489
  0.00001039710134204  0.00001098703159715  0.00001161307554194  0.00001229939352339
  0.00001303611693240  0.00001377538949527  0.00001454392331744  0.00001536693497454
  0.00001622672638618  0.00001715020338421  0.00001813888501917  0.00001915920365311
  0.00002019343385183  0.00002129825593510  0.00002241937965980  0.00002362455575279
  0.00002488605250137  0.00002618973085971  0.00002752670355794  0.00002889869322942
  0.00003032065999294  0.00003181870227035  0.00003340080705118  0.00003512484564190
  0.00003695347445495  0.00003884375989885  0.00004080330366436  0.00004284821464367
  0.00004494535578739  0.00004713103608897  0.00004943364021996  0.00005182507040921
  0.00005423180522197  0.00005706627177004  0.00006011132156268  0.00006334606806462
  0.00006679278182852  0.00007044082565592  0.00007429718394825  0.00007822679182195
  0.00008243894295967  0.00008712574883437  0.00009220886340083  0.00009753950181936
  0.00010315725749842  0.00010920480216371  0.00011560558835792  0.00012249574192799
  0.00013049401746826  0.00013911564699117  0.00014795289585907  0.00015743778391005
  0.00016786003754575  0.00017917032185087  0.00019098478831126  0.00020365416502237
  0.00021811109920049  0.00023696076232216  0.00026238552014429  0.00029308407463586
  0.00032751968556024  0.00036747978582293  0.00041600365646055  0.00047487621621831
  0.00054904340953748  0.00064999485274075  0.00079116347589862  0.00099952188425934
  0.00132086029883304  0.00183917964352630  0.00272941327154500  0.00479305591193185
  0.01058704362356501  0.03185423418511975  0.09258989656520850  1.00000000000000000
 -0.00240518776313747  0.00883400676053983  0.01883814587600840  0.02946265195300980
  0.04017810682469215  0.05122813839724316  0.06219324344267842  0.07280014334302132
  0.08272724759639091  0.09248585878271066  0.10244110645886273  0.11281857363780616
  0.12361630440431343  0.13450819777354564  0.14568722291234251  0.15691645531954426
  0.16783253815515545  0.17807911214286831  0.18811592178465614  0.19806044432185024
  0.20794902215925648  0.21797521097442216  0.22774663672006421  0.23724540927571869
  0.24669669188553939  0.25662045244502008  0.26707884725458053  0.27723659130665201
  0.28684475833571699  0.29697566499496408  0.30786486974995247  0.31861636821876560
  0.32926854815870393  0.33982688094786495  0.35005116948248360  0.36001215631672484
  0.37057873416866166  0.38107330475099055  0.39171626021372175  0.40209596316518337
  0.41292491627565964  0.42354356590649994  0.43440462925004791  0.44522027894638172
  0.45662756850127195  0.46781113859890755  0.47896450682525360  0.48994187103514708
  0.50102309130186728  0.51219959490552291  0.52343388970489291  0.53353834568015301
  0.54387981602478519  0.55382853656321562  0.56410386948948088  0.57435191447515344
  0.58498811442951992  0.59603081923416246  0.60633281442107501  0.61668501283749344
  0.62783084314559545  0.63900769372225463  0.65046473200118349  0.66169693656258854
  0.67338528732882763  0.68513779543928599  0.69681725381907289  0.70813740090822042
  0.71932176504497125  0.72997764593298275  0.74101753585247832  0.75027206287916315
  0.75885515207194931  0.76742660152572717  0.77757800611657968  0.78813702048393752
  0.79863536740568930  0.80850878773545243  0.81842993976395595  0.82857792425328503
  0.83900686814215930  0.85012186906314502  0.86117541133630149  0.87176919816040688
  0.88208187480567557  0.89193052897155767  0.90197137388801374  0.91164608031044769
  0.92208828091703843  0.93294628111260891  0.94469789231607915  0.95659041461954930
  0.96748241551405845  0.97832348741641217  0.98879034760185514  1.00000000000000000
 -0.00270390149245544  0.01030711721417885  0.02023345532297309  0.03048585197889962
  0.04054858402551250  0.05061617671215077  0.06115860155755888  0.07195739992621776
  0.08369873119110820  0.09548085152733324  0.10697340009664018  0.11759662959082097
  0.12839104549069805  0.13860445228523224  0.14845004560160446  0.15818459737473026
  0.16803386023013175  0.17750295037725278  0.18684513943462364  0.19702539781392542
  0.20737422108867665  0.21732253307575641  0.22709504071307982  0.23733802203107801
  0.24850738037648340  0.25965479117169959  0.27093916291897679  0.28276877289572344
  0.29396790054663102  0.30401743305368573  0.31344900101699047  0.32326152525243806
  0.33343058087852390  0.34429971796695696  0.35504934460242904  0.36586804254443139
  0.37658340010509495  0.38720955730014406  0.39820812097462149  0.40954077510295067
  0.42062069556122034  0.43161274411724054  0.44226062647332626  0.45271609496623377
  0.46304524372224959  0.47363006829865695  0.48453310235672825  0.49543838780397875
  0.50620467565693505  0.51692715270449541  0.52759599020075920  0.53831354674079090
  0.54891158755393954  0.55923639884340459  0.56950511328452280  0.57989700861219118
  0.59089923301472258  0.60213887582820314  0.61208520275959399  0.62215337675874260
  0.63123711863700205  0.64123815705695897  0.65189487071484498  0.66311496557835847
  0.67334452172939663  0.68282398213841133  0.69237523200017326  0.70229893945531352
  0.71256611389589242  0.72273720679198239  0.73320319953869884  0.74361083732422639
  0.75368150411759904  0.76400213956427654  0.77455374113843078  0.78499754594720261
  0.79518189174006271  0.80561854045144299  0.81577891418018877  0.82537961983341879
  0.83574842340745592  0.84671147734316921  0.85789683784702442  0.86881144343139227
  0.87968823876502644  0.89047560012577665  0.90115142673523319  0.91201188066786820
  0.92319658377030323  0.93484033487343077  0.94612435939190886  0.95725484216002088
  0.96752948791326776  0.97824301886063669  0.98843643578320028  1.00000000000000000
 -0.00232750843904391  0.00875283788665631  0.01860775652098492  0.02931765715122003
  0.04008005425934272  0.05020629171643458  0.06037846303660976  0.07067676536901495
  0.08100918647107451  0.09121297116459161  0.10144025095723339  0.11223740526058279
  0.12359673394112786  0.13439431544381303  0.14433245377800083  0.15378581469668820
  0.16355131087852645  0.17364557780847040  0.18406591328342281  0.19470252962906143
  0.20530959472238725  0.21558566216724181  0.22636087234235472  0.23778897463531051
  0.24968963607861203  0.26140555927161419  0.27303267578188073  0.28465776548525951
  0.29563657458922754  0.30626266496876559  0.31693782497116568  0.32773681703989355
  0.33817318716842593  0.34822042552328392  0.35736409386026324  0.36612371172489555
  0.37480174493288315  0.38399663200807282  0.39358291656812222  0.40345517223821309
  0.41406871353385749  0.42448210786077095  0.43546714630893274  0.44633580775718845
  0.45748072814031399  0.46721873128667418  0.47657820883954322  0.48618001661899196
  0.49660797500091364  0.50757825570486703  0.51846639241532000  0.52957508978664203
  0.54054252092801858  0.55115366902698881  0.56178350443702485  0.57283626435490209
  0.58416621308802996  0.59534332105217780  0.60634280222158654  0.61782793968662153
  0.62913708707693283  0.64067230400734443  0.65174719414836446  0.66262077810477604
  0.67314469186480808  0.68328011835876157  0.69337357167709213  0.70347977445002341
  0.71356854028014161  0.72369240864672746  0.73377999128101223  0.74461258243071771
  0.75553729362231370  0.76719844185713326  0.77834299630030479  0.78948604383889975
  0.80067615576057727  0.81234184803910581  0.82387340397056397  0.83502272114829212
  0.84535218266506584  0.85527176425683160  0.86480892640669982  0.87428228162222943
  0.88477761239539454  0.89587014574597301  0.90717607826572622  0.91794110357608405
  0.92830956713248980  0.93840320430978830  0.94832902675333708  0.95857111159503627
  0.96929768329827148  0.97986360461449162  0.98982629106236208  1.00000000000000000
  0.00002600961073586  0.00016964033513366  0.00052994471009053  0.00101442412072531
  0.00155027959474623  0.00196904750693323  0.00236998247790924  0.00279878007815276
  0.00323505544510419  0.00367529627286474  0.00411688690263512  0.00455792537300706
  0.00499716392157854  0.00543672375894414  0.00588508612933701  0.00634063294125163
  0.00680867189151230  0.00729102603311641  0.00778286536158193  0.00827551243680099
  0.00877220096092259  0.00927077328548552  0.00979829571685543  0.01034311222941590
  0.01090088627532685  0.01147322128482382  0.01205019004821154  0.01261850358086924
  0.01317672970463837  0.01373540146546555  0.01427945107052138  0.01484169742895424
  0.01539428820095281  0.01593905733600053  0.01653460401678655  0.01714887840624681
  0.01780916287800910  0.01849259745957952  0.01918573978475968  0.01990036788249539
  0.02063536560924344  0.02140138349588553  0.02217030023505689  0.02293189484516432
  0.02368570262193691  0.02442978420783993  0.02518160656860519  0.02599526419623957
  0.02681311650773125  0.02776294982646628  0.02870150102258088  0.02959844490405729
  0.03047693743229021  0.03137479546478598  0.03230669799792128  0.03327811554494539
  0.03431060498424977  0.03546048720924163  0.03664005579770045  0.03791805160718573
  0.03928812831898397  0.04065118707274716  0.04206048753745100  0.04342060535101349
  0.04467644614282861  0.04595106158231397  0.04729085007325212  0.04865759031428139
  0.05000270908598371  0.05133090071268573  0.05264664879435105  0.05396517200124506
  0.05509434225200107  0.05779495757703112  0.05993031922037682  0.06208588794017313
  0.06419435330434380  0.06639618227384843  0.06867215423548273  0.07110237510879840
  0.07368951134121635  0.07636786013504965  0.07923083912488181  0.08231555927751764
  0.08555884932846272  0.08930604398874320  0.09371306922625125  0.09859173287441060
  0.10319599161871892  0.10910982447231296  0.11579249980792276  0.12373604482718328
  0.15134705461241355  0.17461883650145452  0.50328264971137737  1.00000000000000000
 -0.00237175679031819  0.01013460637626955  0.02090077873960010  0.03214998706530435
  0.04427068273535362  0.05663576317121896  0.06858653247944091  0.08022594783918431
  0.09110923621218399  0.10208425455062706  0.11330961430396744  0.12479956039755541
  0.13617306161499376  0.14752993789268823  0.15946095997417103  0.17168583384099323
  0.18395720517604827  0.19642052510621968  0.20881297590666179  0.22081218665487853
  0.23261712233571169  0.24437797591345986  0.25519893451810222  0.26560571012561029
  0.27616469819736911  0.28736077751751704  0.29856201633060053  0.30866641905696179
  0.31829939143219721  0.32809593802987569  0.33881859337094339  0.34955948949973703
  0.36001081914204242  0.37041855514367555  0.38079052942964770  0.39132969484953956
  0.40193081014154147  0.41272901458454558  0.42338985160613812  0.43367180221523294
  0.44339671420311216  0.45237117963666190  0.46085982843341555  0.46934398026725849
  0.47837994496275732  0.48797496259025003  0.49774226565273794  0.50657250047254077
  0.51550604532934441  0.52421226283861377  0.53347759558236985  0.54285316487106572
  0.55239588668644746  0.56187075027335698  0.57163771987347756  0.58153264345528211
  0.59137096476525874  0.60113607276602909  0.61064516091210397  0.62026211721876801
  0.63002261729405051  0.63991701986286087  0.64971102904303157  0.65944089869874922
  0.66922057372897581  0.67920314714047492  0.68961973870022886  0.69995581733416579
  0.70991632401063554  0.71956991179878227  0.72907299250661506  0.73893417710017040
  0.74879006601110143  0.75794866100634195  0.76685949797897845  0.77599078728101134
  0.78570773574406116  0.79573671220191344  0.80567298528282350  0.81637363169565236
  0.82803975811511432  0.83914936059599776  0.85076058790112163  0.86195593104550494
  0.87310124608537631  0.88341069047481990  0.89416680016312278  0.90557616622856452
  0.91726785234072694  0.92898353529971156  0.94028092836283661  0.95141003661223666
  0.96276474922056809  0.97425903617716803  0.98683493094972796  1.00000000000000000
  0.04420544148372393  0.21840658881829855  0.32296460463497706  0.40137352247915170
  0.46162882977000064  0.51172109286913448  0.55368920601407423  0.58954755971101980
  0.62086253179803108  0.64740615096334342  0.67130731483259853  0.69310085899378548
  0.71278495317314572  0.73067482210450130  0.74717412299578501  0.76215705522737731
  0.77584360615354631  0.78868157213220569  0.80039779162329072  0.81125985371483922
  0.82133253950910778  0.83091357133196619  0.83971777785206614  0.84779036827067533
  0.85541397197146485  0.86251895605171236  0.86926097238060296  0.87559953840686577
  0.88159209766394120  0.88726954660052415  0.89255917569613619  0.89744808819042210
  0.90193607344056870  0.90625487259238913  0.91032579487208309  0.91426286354788011
  0.91795771528358505  0.92140756375683797  0.92479371807729027  0.92805388009207224
  0.93119535568062128  0.93420195271155004  0.93709986721943916  0.93983800248991500
  0.94234311608997123  0.94481347194332532  0.94719187238709468  0.94941808314474785
  0.95156848171222186  0.95363456719703243  0.95567956772884166  0.95764127020147949
  0.95948988673218083  0.96127776948959565  0.96301716543363236  0.96470814878800348
  0.96631950064507366  0.96785066338041759  0.96933361135105034  0.97075965163572964
  0.97214065841043018  0.97347879365857926  0.97473749044967384  0.97596127199376093
  0.97715223346950841  0.97830133450091061  0.97938072902549356  0.98035022596917576
  0.98134151360719368  0.98231633284137310  0.98326043250791084  0.98414944331828624
  0.98500098138655734  0.98582989749590411  0.98663095421112290  0.98739027623834030
  0.98813109885343875  0.98883229337504208  0.98951253167316677  0.99017939266787736
  0.99083301016387659  0.99147193794587818  0.99209395234139897  0.99270932059640027
  0.99331418526517712  0.99390683737623264  0.99448963377627020  0.99503774681958368
  0.99559122164645508  0.99614070985770475  0.99667854171402448  0.99721276807800829
  0.99779678508831660  0.99844210414564383  0.99917552099793705  1.00000000000000000
 -0.02118630590495512  0.10421463137394349  0.14329858984759186  0.16822457992321438
  0.18883935114491715  0.20643873053209108  0.22123193246286860  0.23467019553468746
  0.24668363660491080  0.25817305489467557  0.26892661571144155  0.27958865984007186
  0.29002653889910263  0.30049844065586578  0.31043671054889443  0.31996900071010309
  0.32872465448727028  0.33724997086184927  0.34530058431172617  0.35328378443771868
  0.36138600932394443  0.36931933192413796  0.37722587396407159  0.38499013474134175
  0.39270695444114612  0.40010492014349347  0.40793713045242475  0.41522575570579656
  0.42275954008607552  0.42945488259367159  0.43626652048402076  0.44309054935676212
  0.44990595024491975  0.45649488625978035  0.46291684579974901  0.46923381749124465
  0.47587393356887275  0.48248297235458132  0.48906796706802391  0.49561970320236187
  0.50209919748403609  0.50854504883537333  0.51504691938799929  0.52160352274703869
  0.52805582820642905  0.53415112278885046  0.54013396252109991  0.54583320097124333
  0.55154460876725453  0.55745304166276188  0.56359146212481426  0.56974635369219928
  0.57589387377624046  0.58210484805605367  0.58824255393643643  0.59402247802536767
  0.59983126077298454  0.60551486804100685  0.61133742403986346  0.61736392430478204
  0.62353560006884434  0.62953375649079690  0.63523899020218710  0.64063804584760853
  0.64594792424913750  0.65142155641485566  0.65704799379699075  0.66282324323096753
  0.66875672246913309  0.67479924981578598  0.68085288175596514  0.68688990649069426
  0.69302854663008295  0.69918332813754702  0.70514033942547649  0.71151461051591625
  0.71827465182603389  0.72548213606783418  0.73263304866756407  0.73969679746262773
  0.74685562684371021  0.75439585319286984  0.76228262882810827  0.77038947783724177
  0.77918079642217375  0.78855415297370768  0.79827773081061926  0.80807795212257494
  0.81823068756744022  0.82926316000744027  0.84177422573827965  0.85549812657194957
  0.87095516514200844  0.88942839876746504  0.91920379969890964  1.00000000000000000
   1.2306317979460903E-009  -1.0000000000000000     
 F F F F F F F F F F F F F F F F F F F F F F F F F F F F F F F F F F F F F F F F F F F F F F F F F F F F F F F F F F F F F F F F F F F F F F F F F F F F F F F F F F F F F F F F F F F F F F F F F F F F F F F F F F F F F F F F F F F F F F F F F F F F F F F F
  <DiscreteSampler_grid>
  grouped_processes
  1 # 1 for a reference and 2 for a running grid.
  10 # Attribute 'min_bin_probing_points' of the grid.
  1 # Attribute 'grid_mode' of the grid. 1=='default',2=='initialization'
  0.0000000000000000 # Attribute 'small_contrib_threshold' of the grid.
  0.5000000000000000 # Attribute 'damping_power' of the grid.
 # binID   n_entries weight   weight_sqr   abs_weight
    10   10   9.796857843681264E+002   6.449819853006773E+006   9.796857843681264E+002
  </DiscreteSampler_grid>
