  0.00934669755688940  0.01640469998355540  0.02651808349292047  0.03724966730923557
  0.04808684144143729  0.05842425440610413  0.06818037488481474  0.07776462520999672
  0.08753921712611581  0.09793000711017186  0.10900863309997275  0.12079592976437119
  0.13252420828817082  0.14409962080767658  0.15590800078890102  0.16718854279142029
  0.17789064822757761  0.18794348656748994  0.19886153222676542  0.20923121559010788
  0.22027567704834747  0.23191166727851442  0.24403206242683359  0.25663344459726822
  0.26947521297112526  0.28194130440367710  0.29354155028997508  0.30494535909743559
  0.31625656000086327  0.32735232812029080  0.33828653548175314  0.34887399739155783
  0.35965149462076523  0.37037859791720307  0.38113861832217122  0.39200655979232951
  0.40256217861509974  0.41265042197737384  0.42267909108405605  0.43273480449782126
  0.44238838623777732  0.45189177853769236  0.46191086755591160  0.47255480905774394
  0.48310982909502298  0.49303032893243015  0.50270308754345183  0.51230796276399337
  0.52193690562515560  0.53169250125394740  0.54127411095169620  0.55090060675133146
  0.56034373906605295  0.57066902069794601  0.58143080113475964  0.59281058737004610
  0.60421942876426582  0.61511034853415980  0.62591060992419434  0.63687840229577009
  0.64805079534288745  0.65862119441517131  0.66869159312960302  0.67917496865670357
  0.69009991191784414  0.70140267385389587  0.71274073714519104  0.72393739143842029
  0.73523853468178046  0.74670003380376160  0.75749184111258439  0.76793531855799591
  0.77815023566868091  0.78795945867018313  0.79770383077474927  0.80746843380021882
  0.81763024454915134  0.82788941722408294  0.83719232934505172  0.84644803900184096
  0.85600731271568631  0.86642665199328539  0.87659608589845295  0.88630270044048942
  0.89599258726130004  0.90560997745541338  0.91488737498469497  0.92388820666142735
  0.93297107715022609  0.94244271232689847  0.95225341522695195  0.96251466972072497
  0.97288502589877912  0.98258101803000852  0.99118488444983299  1.00000000000000000
  0.00000234676250930  0.00000324409879690  0.00000380835338346  0.00000455986219627
  0.00000553440218547  0.00000675092911828  0.00000818819969164  0.00000991671141026
  0.00001206270229394  0.00001464256491569  0.00001754731001127  0.00002083189725617
  0.00002493419985376  0.00002945362875524  0.00003454820185271  0.00004033253105886
  0.00004686120291747  0.00005418532215167  0.00006244890908789  0.00007206121096220
  0.00008356975720750  0.00009697764602756  0.00011223891339847  0.00012995773385498
  0.00015049100133974  0.00017305856557133  0.00019718866701925  0.00022258310371743
  0.00025075236188063  0.00028401577901273  0.00032184398245289  0.00036589414329167
  0.00041599619217219  0.00047022747877163  0.00052941257831939  0.00059468426553367
  0.00066893807434872  0.00075233712122421  0.00084308038776626  0.00093898505835343
  0.00103992310659210  0.00114628393427078  0.00126373201689203  0.00139200642937194
  0.00153178527417575  0.00168867891309030  0.00186455061623431  0.00205207272520466
  0.00225208307718341  0.00245326739754778  0.00267338369443530  0.00293389804583735
  0.00319308118336848  0.00343151971876320  0.00367031071706791  0.00394999492590545
  0.00424939523948440  0.00454330885102044  0.00483802674173807  0.00514549164230520
  0.00549013102512828  0.00585682029424598  0.00627719563407484  0.00672830693926436
  0.00717535830959871  0.00761102314012113  0.00803304478615095  0.00857352468354726
  0.00909021613518891  0.00964515136664979  0.01022019018120769  0.01091573112814213
  0.01172033136541379  0.01266342282662736  0.01376435168599810  0.01479963185727152
  0.01570955975209356  0.01654238966151885  0.01738966482847808  0.01825976137894459
  0.01906430167037339  0.01986544455062966  0.02078612900310566  0.02195044095296139
  0.02322831636447685  0.02476092118454789  0.02669156842851584  0.02938392016930871
  0.03258606615165215  0.03529857543387556  0.03820646857760974  0.04216135554077353
  0.04791362200453601  0.05694798062413878  0.14045676435449356  1.00000000000000000
  0.00000217433513864  0.00000346827997517  0.00000471630706079  0.00000608201360916
  0.00000762146076649  0.00000935614148597  0.00001127140809003  0.00001347949655225
  0.00001598320785182  0.00001878811625037  0.00002212664233133  0.00002618276148239
  0.00003087117233907  0.00003616894629840  0.00004199169393153  0.00004828826040963
  0.00005528286469553  0.00006291931477879  0.00007141859043797  0.00008091126984501
  0.00009145605457682  0.00010349340875242  0.00011739260465968  0.00013308933942438
  0.00015006494301716  0.00016814405825069  0.00018785797731280  0.00021001254269942
  0.00023527056825934  0.00026376928293662  0.00029496826476927  0.00032801646758977
  0.00036161400915475  0.00039641450998547  0.00043529936270214  0.00047957065888083
  0.00053065731911149  0.00058907421344469  0.00065243521584791  0.00072094630035078
  0.00079826706115844  0.00088398648830640  0.00097335288134597  0.00106146490505391
  0.00115617734529814  0.00126296752293313  0.00137756644136397  0.00150155651922922
  0.00164490086624077  0.00181093224775768  0.00198783940087689  0.00218251257478291
  0.00239151914172275  0.00260426138870294  0.00282820088202889  0.00306787569692359
  0.00332328548859241  0.00359684228347692  0.00389782937919379  0.00419802168106944
  0.00448686746665216  0.00480280498875643  0.00516723779624986  0.00561183967630184
  0.00612997411716705  0.00665344152527859  0.00716750576858180  0.00760590207177206
  0.00806087956769187  0.00856868196426633  0.00914435842205756  0.00980063344505478
  0.01045133752985905  0.01107018499382417  0.01204411366753579  0.01301985340872230
  0.01404145655866855  0.01513351905569606  0.01606972741744394  0.01691988965916947
  0.01782129403494193  0.01887811049638912  0.02025246494776452  0.02165058974392127
  0.02252529968341862  0.02617149398864340  0.03218570661706487  0.03859718103459919
  0.04510350985880376  0.05065614707162136  0.05701631164901234  0.06453429486221374
  0.08413370903364099  0.14346457531577889  0.21986964998237551  1.00000000000000000
 -0.00262000903007563  0.01028071717333039  0.02027926156099538  0.03042667127854046
  0.03931994060075712  0.04889183049183417  0.05891326451610264  0.06935468235900137
  0.07993797057203231  0.09096276200336977  0.10233487503722205  0.11418848263466706
  0.12593832580728428  0.13731283167666253  0.14864696798459540  0.15993186238411911
  0.17105871587479282  0.18226916591355677  0.19372509006962033  0.20519422558491152
  0.21641574962353183  0.22743219062792408  0.23825542808556127  0.24873149713234760
  0.25885523201707555  0.26875214856194851  0.27865410252743394  0.28862505831417917
  0.29867001277020572  0.30898667681301628  0.31953634584750007  0.33026822616113405
  0.34103078969167300  0.35162848299299354  0.36178755133437901  0.37167318928156423
  0.38132895930090721  0.39099373259004822  0.40043499882206951  0.40985015447725875
  0.41922057384991146  0.42845560085576934  0.43800479668757908  0.44801875981332173
  0.45815849366121669  0.46847262007193730  0.47889431458348131  0.48949078401440249
  0.50004509450467471  0.51052788403648586  0.52041330783747675  0.53027645442859583
  0.54038904123535880  0.55226716027972156  0.56378978233354970  0.57455160496037927
  0.58476504938216212  0.59475561633584095  0.60543901923630017  0.61580824503379639
  0.62674739958896397  0.63813623642526229  0.65014984063462700  0.66142845977852316
  0.67189263394470877  0.68172835580248548  0.69199115384027698  0.70283113124192709
  0.71396101011790036  0.72513676433716523  0.73645876500345653  0.74759169000470060
  0.75833689782853442  0.76903307565261192  0.77964014993270869  0.79043432443249384
  0.80108501717441749  0.81183372722287228  0.82166709602348076  0.83123317856133783
  0.84128515472607901  0.85163709000181109  0.86201349246022563  0.87193376273775203
  0.88233284642131327  0.89328256084279389  0.90417221450480745  0.91531626608737005
  0.92553460821151901  0.93588201204171728  0.94613159594314911  0.95669521336320185
  0.96721301769813139  0.97843809979736385  0.98917708990227560  1.00000000000000000
 -0.00262624636667777  0.00967738470481330  0.01984464050754351  0.02966917283748626
  0.03952360065412093  0.05023309448599839  0.06127111904774401  0.07196762413300679
  0.08297984165506074  0.09472759585100173  0.10652469773582392  0.11781555185089802
  0.12914168597966694  0.14053699706063813  0.15103419963304238  0.16108147459811312
  0.17115883165159909  0.18150065817882116  0.19190902243438776  0.20189087507667838
  0.21153949590858279  0.22163529966692233  0.23234830525997066  0.24303313777829730
  0.25329317857448108  0.26340656770059917  0.27384145674536675  0.28456307248605434
  0.29538227799208872  0.30631864855047491  0.31717054151217688  0.32791412254255081
  0.33869115436690311  0.34937953137020489  0.35972572081520704  0.36967027380708994
  0.37976047691420234  0.39017749768176546  0.40130065623764638  0.41255764225950958
  0.42365975924706345  0.43477847667304792  0.44625014442896788  0.45784241371583012
  0.46923039362081648  0.48028170075855747  0.49114450211215849  0.50200191884056611
  0.51305461373030126  0.52431874086500174  0.53528159723013147  0.54562361238792489
  0.55567471785999023  0.56547346369740992  0.57491030295841039  0.58432182343364047
  0.59436155055247464  0.60506919315501906  0.61603326004073333  0.62685169540001828
  0.63710930522377618  0.64677277668526179  0.65646856495596317  0.66681104416694492
  0.67792747530265640  0.68911807035538419  0.70031768027229735  0.71099861159307787
  0.72100987784966608  0.73052426085834743  0.74026546731336229  0.75007502881211208
  0.76050198713500206  0.77076853203533346  0.78111560512095191  0.79107268667766828
  0.80063741017557688  0.81041358950325293  0.82040350881303292  0.83086353947153135
  0.84134577302269609  0.85217133463594552  0.86280199045934081  0.87399965063754659
  0.88507347161724870  0.89604273635343334  0.90653300761627653  0.91677884821376299
  0.92665515231995899  0.93684505836881260  0.94715033621806766  0.95750259913821700
  0.96750542960821839  0.97704040550021509  0.98809048458565307  1.00000000000000000
 -0.00249528533335804  0.01029747353340672  0.02015849018244684  0.03020565918614474
  0.04004896038157416  0.05108692921530993  0.06233086649316653  0.07390966271527130
  0.08515095430496036  0.09644215481025489  0.10718281057012505  0.11799398892498422
  0.12831196266315323  0.13876510776437326  0.14930435237927353  0.15975143976412676
  0.17033661927809998  0.18074523941548193  0.19073694952316317  0.19986939926607397
  0.20881239963033563  0.21778763962511197  0.22739548865813974  0.23712460390929033
  0.24659948527270004  0.25692533774280207  0.26796162632064202  0.27844026937223154
  0.28900065472301079  0.30020830133833298  0.31147866165257848  0.32236783912989503
  0.33344948328414203  0.34545655733740999  0.35832158765624367  0.37091860872868904
  0.38275724482008561  0.39374246336242708  0.40423964838570392  0.41482003810639029
  0.42543418334697414  0.43672047507488626  0.44681036996948542  0.45676394848009538
  0.46695961196463343  0.47746821559622810  0.48803869266804778  0.49774533115312508
  0.50887559784861602  0.51992336455833488  0.53038855012410480  0.54077688471597152
  0.55105022667400183  0.56159721712126009  0.57268980476188214  0.58435554359831909
  0.59524055821505872  0.60540578374487808  0.61528744601684549  0.62493935069394047
  0.63466568183685934  0.64477772474011585  0.65524523667924672  0.66527295380101747
  0.67508856649858839  0.68514125939146631  0.69527199337050882  0.70546365468163053
  0.71579164833349285  0.72592901130251697  0.73569609135791447  0.74565263288660633
  0.75614348737275738  0.76690638626670060  0.77786238223311022  0.78917342923942257
  0.80023248144226278  0.81129453197309231  0.82232452522458543  0.83315792822916002
  0.84403614080061817  0.85447018591217172  0.86459634912046412  0.87458313840877666
  0.88467278825102036  0.89462049547252831  0.90479143220385327  0.91496754175577899
  0.92516764269846441  0.93532768116278875  0.94591825519355199  0.95686202343994275
  0.96788537038835099  0.97900008766080771  0.98976657143056934  1.00000000000000000
 -0.00041417383577516  0.00157881994369524  0.00346835962425151  0.00515771917485104
  0.00667867915001547  0.00810032089057171  0.00946010353990404  0.01077300130976320
  0.01203489594734028  0.01327804312546379  0.01451026023544558  0.01570973373705330
  0.01685874374680005  0.01803092811937175  0.01920418501574243  0.02033615966022333
  0.02144734378113938  0.02255505084246828  0.02369874146305170  0.02489082092231629
  0.02608020767922485  0.02724672563377493  0.02836083499718589  0.02949327036767889
  0.03063721598989258  0.03188322016290292  0.03317394169817478  0.03444263397706948
  0.03566470398979745  0.03686276733153310  0.03809186236998811  0.03937942911057260
  0.04067159678677947  0.04194260385446737  0.04306424532098661  0.04412424448876301
  0.04518241008034141  0.04619694778910900  0.04722142393857364  0.04811140604169607
  0.04903234005537778  0.05002224704043506  0.05115312418421925  0.05243764485224152
  0.05371105168196091  0.05497578048583998  0.05617781235179845  0.05730592670208880
  0.05838832073120572  0.05957355822310487  0.06073276838205561  0.06202134271399772
  0.06341673971885665  0.06504099708108561  0.06654225154143345  0.06792130660424374
  0.06922374909088123  0.07062953144780201  0.07219809472415008  0.07390232460864520
  0.07572443802145050  0.07756463376810425  0.07943607622211957  0.08125381993718947
  0.08309679474911191  0.08498040844298672  0.08708235632352987  0.08870517045002146
  0.08983346790254230  0.09108052968696410  0.09257373763261363  0.09399903169566842
  0.09543712381543502  0.09694688246893658  0.09852271684684817  0.09982292087429118
  0.10109788555521397  0.10244242922101338  0.10477012545330489  0.10788175242779445
  0.11113211250066533  0.11486125388967285  0.11826211433581553  0.12118231390877179
  0.12443410691302877  0.12847229666794932  0.13384179536403315  0.13828762571741579
  0.14240743023735986  0.14868872501353456  0.16024903333323182  0.17626183655762903
  0.19504921572850192  0.21842174696832939  0.67013539301898584  1.00000000000000000
 -0.00137734930800339  0.00519796477007082  0.01153078791309482  0.01849980638010216
  0.02589824134302977  0.03310007155416985  0.04052484791537312  0.04821098345719768
  0.05705261235665202  0.06654456713013440  0.07642206178203140  0.08607625068559990
  0.09596993461713013  0.10588349259062436  0.11616760547317216  0.12671778304064085
  0.13837660293169279  0.15007120787317746  0.16306593131370697  0.17679442019998756
  0.19250717673829665  0.20979936063934071  0.22815594547612900  0.24917828907746964
  0.27189703278892652  0.29386085672706019  0.31592293255539311  0.33935129637635014
  0.36486760292573017  0.38986576677243151  0.41513044773224739  0.44002665570487270
  0.46505866541048335  0.48913683732814189  0.50936740816087078  0.52630437899069549
  0.54209959983796829  0.55764956377646591  0.57311750889200364  0.58794061988149360
  0.60165330974058107  0.61446872635277994  0.62662152770568158  0.63833929225581210
  0.64937879864460080  0.65969840546539771  0.66961181278947879  0.67908610858802831
  0.68798077020156889  0.69664102717646592  0.70494799810433428  0.71355095476558272
  0.72229013548391974  0.73082885230509265  0.73891021484426234  0.74612672918676082
  0.75333128695849194  0.76009622386159803  0.76655031161100662  0.77325940324633169
  0.77958025063764502  0.78612682003700851  0.79300536522469056  0.79994532981213518
  0.80703718353979148  0.81414028728579935  0.82129191047985184  0.82833432153602993
  0.83491068484752373  0.84108763831631550  0.84710441707601580  0.85302789371585164
  0.85867857520223878  0.86403848749403112  0.86955180507650864  0.87497194006028023
  0.88039127568770414  0.88616626753301497  0.89226788087106446  0.89838841601238539
  0.90423613720526907  0.90977751477276236  0.91526579550670306  0.92096740323606741
  0.92684620516816640  0.93266911083044901  0.93847498775013227  0.94452029653108716
  0.95078920762416841  0.95733838805803939  0.96418243412707416  0.97125262633720044
  0.97835512274880110  0.98571409051044212  0.99296664462991813  1.00000000000000000
 -0.00017868719481336  0.34366940629546938  0.49312600962077913  0.58471734804603881
  0.65068680110316790  0.69922286821639812  0.73717525113418869  0.76733098848857217
  0.79287146560514943  0.81431119361245352  0.83254082864995604  0.84798745325036440
  0.86126928181980877  0.87293210880383265  0.88304115549776496  0.89223987164061580
  0.90040608298891911  0.90777529483687536  0.91469523437572564  0.92064761872884016
  0.92592299740505446  0.93072573296873740  0.93512004452154196  0.93904778053255533
  0.94253076133839875  0.94578791479033342  0.94891348446302515  0.95184997347930422
  0.95462532737511807  0.95721448428596823  0.95924776745245099  0.96098516374042631
  0.96266431227017468  0.96428869929654215  0.96585725978166992  0.96734889866011775
  0.96875023938679272  0.97010569996261053  0.97141791440917402  0.97269734455597090
  0.97392789683616710  0.97510319045577876  0.97622236975146048  0.97728352535619989
  0.97828082251518023  0.97920589388721790  0.98005940491050281  0.98087267203476591
  0.98165331774514542  0.98241894093449700  0.98317154620202551  0.98390485057580068
  0.98462386572198035  0.98529620644788429  0.98593493317196546  0.98654718828701704
  0.98713455743205902  0.98770477439033377  0.98826029543188720  0.98879292610955793
  0.98930429826135835  0.98979296231999092  0.99025679208113826  0.99070433755000253
  0.99113539840760267  0.99155111982787270  0.99195267641250484  0.99233449226173120
  0.99270332426446983  0.99305562127111957  0.99338740280745852  0.99370520836364373
  0.99402042624606102  0.99433343263198704  0.99461784875910708  0.99489362757350730
  0.99516642476759243  0.99543584659756768  0.99569291838829466  0.99593955614826390
  0.99617773570878010  0.99640904150114751  0.99663579967814730  0.99685635428995367
  0.99707486307550863  0.99729213667586147  0.99750899169888618  0.99773100235545609
  0.99795341772120794  0.99817583135638788  0.99840143795683178  0.99863599704582784
  0.99888852896540348  0.99917182413791161  0.99953117871525399  1.00000000000000000
 -0.02341629772427298  0.11605746705537248  0.15667814026659505  0.18379648955880976
  0.20429746051877062  0.22159913550195978  0.23704346904750434  0.25091487396914069
  0.26272322340512749  0.27393712030849510  0.28449851211932553  0.29441339645665998
  0.30397784550679896  0.31314592247040102  0.32226897107333552  0.33098502856936524
  0.33953580102302000  0.34807726213033002  0.35638086622799015  0.36426495557454108
  0.37190250393969532  0.37921720227738409  0.38656288036110092  0.39390996777249015
  0.40090328319074003  0.40749268885153656  0.41383618801942840  0.42010121838793196
  0.42642238160433654  0.43283641389862265  0.43912627931777964  0.44517120539691618
  0.45116074364974890  0.45720113645007193  0.46348485316432930  0.46971420133314828
  0.47579511844551958  0.48196819610615405  0.48800167558349622  0.49399250581132098
  0.49999719841742840  0.50606076143434398  0.51227304377590221  0.51849396154259952
  0.52456683817174765  0.53044854802100161  0.53610127999482104  0.54183335139716460
  0.54713280797352748  0.55278430335684592  0.55874342957270462  0.56456081387395618
  0.57020149387886121  0.57569363292686693  0.58111739192631318  0.58650549331262114
  0.59186296340639244  0.59717786279031038  0.60258598263125818  0.60823111297982657
  0.61398364396932925  0.61960248048991806  0.62499076286430566  0.63015527863352316
  0.63564235119311285  0.64108597653818200  0.64694777457775288  0.65315227706652834
  0.65960022027053811  0.66574910862986703  0.67159338628930199  0.67744551457924751
  0.68349019230580321  0.68994878546366623  0.69660331397046338  0.70356302583497499
  0.71003407945294472  0.71678883239519375  0.72396547015148471  0.73109520558803631
  0.73790773669977416  0.74465852560192070  0.75161856811306038  0.75907028315526870
  0.76670029873468093  0.77476667474835803  0.78319818284913800  0.79194694927955778
  0.80185416185382585  0.81304788623542756  0.82597634725738300  0.83990423662646385
  0.85571762378049254  0.87724845068887813  0.91278521213089114  1.00000000000000000
   1.2150330302491651E-008  -1.0000000000000000     
 F F F F F F F F F F F F F F F F F F F F F F F F F F F F F F F F F F F F F F F F F F F F F F F F F F F F F F F F F F F F F F F F F F F F F F F F F F F F F F F F F F F F F F F F F F F F F F F F F F F F F F F F F F F F F F F F F F F F F F F F F F F F F F F F
  <DiscreteSampler_grid>
  grouped_processes
  1 # 1 for a reference and 2 for a running grid.
  10 # Attribute 'min_bin_probing_points' of the grid.
  1 # Attribute 'grid_mode' of the grid. 1=='default',2=='initialization'
  0.0000000000000000 # Attribute 'small_contrib_threshold' of the grid.
  0.5000000000000000 # Attribute 'damping_power' of the grid.
 # binID   n_entries weight   weight_sqr   abs_weight
    10   10   1.802070027133874E+003   1.142037486039745E+007   1.802070027133874E+003
  </DiscreteSampler_grid>
