  0.00869274922008535  0.01800801763791266  0.03055099998362603  0.04313483010552288
  0.05390489780607591  0.06391684263410469  0.07356551350007501  0.08326371991367933
  0.09412786519276828  0.10518746686033607  0.11665849808296533  0.12790895791868076
  0.13873067015422991  0.14934416724549446  0.16014427195735012  0.17075558873928950
  0.18100231131901739  0.19067833219004737  0.19993963434074619  0.20960250917760098
  0.21928739052006380  0.22885305493910851  0.23913112778626885  0.24927100048910400
  0.26073099982247394  0.27199946320958202  0.28328044296765675  0.29431983647899612
  0.30487047933022421  0.31569869043572746  0.32632737215824709  0.33708370434467749
  0.34806288144564701  0.35789415350668990  0.36792692837757907  0.37779716478826331
  0.38864783763393385  0.39961867391643768  0.41064322546973281  0.42150430564035363
  0.43234697974846320  0.44318199532060987  0.45400102514980223  0.46485144622103952
  0.47572008491768164  0.48662225949362975  0.49768112470767312  0.50865544566774701
  0.51953828137849456  0.52998046084654937  0.53990304289345037  0.54916050183236109
  0.55845530546213085  0.56823878680571449  0.57843428518598539  0.58886321258320029
  0.59915872802849768  0.61007113652809075  0.62120198643531899  0.63223696050807898
  0.64330369548028288  0.65457909827907457  0.66559424338939877  0.67579957711161021
  0.68583329823152706  0.69581207281669777  0.70581060169148635  0.71560892347526017
  0.72502597862395102  0.73448442944088688  0.74401682456942198  0.75400036824784333
  0.76459561464037706  0.77526440085342685  0.78655374197813732  0.79716339884252641
  0.80793276181330864  0.81779880440562247  0.82747204039027389  0.83709999575050020
  0.84693726031795924  0.85739100957985837  0.86875843966159005  0.88036530417876457
  0.89207201330046293  0.90378286096495852  0.91529555103236693  0.92540487382240766
  0.93528812435538777  0.94515307561166395  0.95449451147937847  0.96381088318757613
  0.97314986523399649  0.98609209822188071  0.99013448443110508  1.00000000000000000
  0.00000255617793164  0.00000275056289787  0.00000288878190229  0.00000299662562637
  0.00000311417993275  0.00000324397166023  0.00000337557012086  0.00000350392528616
  0.00000364382633628  0.00000380637224205  0.00000399540586476  0.00000419482636300
  0.00000440788352638  0.00000463317688034  0.00000487143820720  0.00000512896087736
  0.00000541621094478  0.00000571163966709  0.00000601387831879  0.00000632714530371
  0.00000665637217498  0.00000702141705164  0.00000742999594879  0.00000785250827850
  0.00000831391812810  0.00000882243959324  0.00000936008970832  0.00000990958679163
  0.00001046178017781  0.00001103717425439  0.00001162790171323  0.00001226694292745
  0.00001296299359590  0.00001370157074271  0.00001448012144714  0.00001530050224343
  0.00001618302673951  0.00001713671075864  0.00001810350032341  0.00001912618387839
  0.00002019953921271  0.00002132047509901  0.00002251600735800  0.00002380581519288
  0.00002517822109677  0.00002658358448391  0.00002796448188150  0.00002939068016357
  0.00003085470268425  0.00003238209622852  0.00003401416191356  0.00003578943497123
  0.00003772818977526  0.00003976811653611  0.00004187466694787  0.00004414446397296
  0.00004672143457950  0.00004935817687297  0.00005224992138643  0.00005533012939260
  0.00005860122833575  0.00006198572305747  0.00006553760553390  0.00006939562805556
  0.00007356450474999  0.00007802876033423  0.00008296335994314  0.00008837767282574
  0.00009416667127524  0.00010063891753261  0.00010735241796392  0.00011452958878329
  0.00012288071074199  0.00013253793303901  0.00014319209312534  0.00015460398254228
  0.00016798197196834  0.00018339391191960  0.00020138745214702  0.00022190270915067
  0.00024651773171727  0.00027612805013284  0.00031303405812972  0.00035688272800457
  0.00040977904063889  0.00048055975369193  0.00057817664750522  0.00071308527573941
  0.00092546284186887  0.00126687102087923  0.00179011580585221  0.00296591631303026
  0.00548388702587489  0.02325830939748421  0.45079941901958920  1.00000000000000000
  0.00000235728372188  0.00000263980706885  0.00000290862435921  0.00000317970905484
  0.00000345802626074  0.00000374498839507  0.00000403589786444  0.00000434301945765
  0.00000468461737332  0.00000504384584032  0.00000543166744290  0.00000585528263262
  0.00000630378693087  0.00000677282679910  0.00000725477685593  0.00000773435780632
  0.00000822293154846  0.00000873451528247  0.00000927269005693  0.00000984941271428
  0.00001046297222479  0.00001109767771524  0.00001174532750921  0.00001239763488078
  0.00001310235896506  0.00001380087713419  0.00001456070185746  0.00001537585438818
  0.00001623904125431  0.00001714673861107  0.00001809631958146  0.00001908625499716
  0.00002012763127065  0.00002125022828631  0.00002241780538625  0.00002360399588569
  0.00002474649602219  0.00002587335266374  0.00002702389183971  0.00002819438615384
  0.00002939734290249  0.00003066200641415  0.00003198214255418  0.00003342066029224
  0.00003494336116498  0.00003657689613883  0.00003838358412545  0.00004026307430240
  0.00004216524581095  0.00004413372186770  0.00004620527458015  0.00004836064942436
  0.00005067182561190  0.00005320039842738  0.00005576584333561  0.00005835136413825
  0.00006101081616742  0.00006378167096172  0.00006680730944269  0.00007027511295438
  0.00007415711351401  0.00007818838829617  0.00008243556832619  0.00008652647216114
  0.00009150129713581  0.00009728342032068  0.00010357328191723  0.00011050689060418
  0.00011807408688994  0.00012625350598709  0.00013499006220047  0.00014417234464885
  0.00015403331620441  0.00016425591640935  0.00017647878044007  0.00018885877630906
  0.00020232507624606  0.00021869175110698  0.00023878150717798  0.00026362759714521
  0.00029096795250343  0.00032267079615238  0.00035721393633820  0.00039788443517501
  0.00044772790593242  0.00051208804170234  0.00060073086943962  0.00071590842659379
  0.00089694913062651  0.00117199787424889  0.00160744037254941  0.00244613959110219
  0.00441412318025001  0.01037995690056639  0.24632960976123350  1.00000000000000000
 -0.00240772928339619  0.00955577891360368  0.01980106233092918  0.02851889568723253
  0.03793488010281690  0.04851642121112600  0.05927179996062569  0.06897261051337301
  0.07863320923076531  0.08911155654066714  0.10096083977794898  0.11166967118836622
  0.12168571778553233  0.13217618237637452  0.14239361462039818  0.15208931306979681
  0.16152933340383133  0.17150595717186617  0.18204566188912111  0.19242704517541825
  0.20237934375518535  0.21208399067768235  0.22190776433013812  0.23206954297818275
  0.24238304230464203  0.25269017186931442  0.26302163192902661  0.27362431875899429
  0.28439642928024489  0.29480286972994307  0.30518110792615571  0.31585276914631827
  0.32649162296749940  0.33691280719219979  0.34729393067440067  0.35814347823199594
  0.36928311032149608  0.38014917583585311  0.39066615419812062  0.40112524768994801
  0.41204708030560799  0.42353781661146983  0.43526421946263455  0.44615552736418862
  0.45650937923040674  0.46703091616434339  0.47807885175862425  0.48915831190398268
  0.50001162519777598  0.51078699795417670  0.52130135993090376  0.53147607812150499
  0.54155388014853911  0.55221657057526008  0.56348156233015323  0.57539091265844033
  0.58733546606586906  0.59901878063849023  0.60959934443146813  0.61968696720016125
  0.62935358227720106  0.63910428642339057  0.64931366511028088  0.65980821278697677
  0.67066735010671785  0.68140335160508136  0.69195334870180747  0.70207558554192107
  0.71211746643493501  0.72200632532219200  0.73215688967631987  0.74271524049372484
  0.75352491461751381  0.76451525759736416  0.77556227130422806  0.78635949770858593
  0.79689201248229624  0.80727577833616060  0.81770166001698297  0.82788777435478311
  0.83824423811716620  0.84864957137566710  0.85915631619847566  0.86971040557548374
  0.88073098948716333  0.89199670909499407  0.90280896109205067  0.91318596740427116
  0.92331855725239986  0.93335466406709588  0.94410421460497773  0.95531767862997263
  0.96645286113137641  0.97748638695203049  0.98871195967703041  1.00000000000000000
 -0.00262970855890643  0.01004876469635202  0.02080552756801153  0.03185583588902741
  0.04236282866861515  0.05249043988558569  0.06276456579285467  0.07345410430120992
  0.08445681047496713  0.09528971039235871  0.10588662559520966  0.11627072136655546
  0.12643485716435254  0.13710055835556259  0.14801139901065596  0.15926327114595965
  0.17036199926864437  0.18105690280241479  0.19132745853462327  0.20118526373573256
  0.21197528543027711  0.22326086221738048  0.23422588615676990  0.24464963129053008
  0.25499005056485868  0.26524557319841868  0.27583902120333781  0.28626584427399854
  0.29702746147133113  0.30828214341320620  0.31949234508658242  0.33030783131797914
  0.34089665244113593  0.35139031451274072  0.36168019878733731  0.37115004559147746
  0.38070851215033186  0.39053021419658795  0.40086981249408060  0.41146815911629919
  0.42272083117064457  0.43418470384698621  0.44547083049224206  0.45652599859661908
  0.46746964468566876  0.47825084088438868  0.48901542875761905  0.49990118058254968
  0.51119937224897061  0.52248531764721773  0.53338213675394963  0.54411177746829253
  0.55485201228949788  0.56570115008561417  0.57640407110506431  0.58718616439757898
  0.59779991870475269  0.60824393932014420  0.61847286859595607  0.62882036498852023
  0.63933445273340506  0.65015202865101185  0.66107271068802498  0.67150309595520874
  0.68136387205974480  0.69109113721629511  0.70051148748644276  0.71031768645589477
  0.71977296736084651  0.73002530718620762  0.74106714105784377  0.75309466384865764
  0.76538654570281173  0.77678981617503584  0.78731362745197297  0.79730486065784578
  0.80764318030346727  0.81895144477151871  0.82997989666060634  0.83927621098807337
  0.84752606856913437  0.85659628225840934  0.86676041902212908  0.87645707290389907
  0.88576992097011276  0.89495218779219365  0.90529622211563054  0.91562749296412815
  0.92599641180914372  0.93635580621646541  0.94671189216333074  0.95684908448220740
  0.96730355535824386  0.97778420716128478  0.98904140527975970  1.00000000000000000
 -0.00280243778729224  0.01072833133853832  0.02261769712024334  0.03401487176419216
  0.04557984175354886  0.05707547933345487  0.06818344544261820  0.07901349012816293
  0.08925274304398087  0.09953522686238631  0.10978804141962846  0.12033335112276199
  0.13082627113934614  0.14112443510340367  0.15130629397010545  0.16160030622173441
  0.17234255358409278  0.18323964175565552  0.19387145809477424  0.20448835685835712
  0.21515484529774975  0.22603307753569390  0.23664528665269352  0.24661696996219462
  0.25653625072417258  0.26661740859553995  0.27687059154877441  0.28763056805345971
  0.29907569092273661  0.31096394780838693  0.32215948927981586  0.33209976708050742
  0.34157005031224519  0.35131964987888742  0.36174012208446998  0.37259537058652442
  0.38393453289997681  0.39528928418036768  0.40527255793643624  0.41455365923980148
  0.42413463523114409  0.43384074035546205  0.44328771920741844  0.45246992907118461
  0.46245836394319267  0.47321023030616199  0.48379542048288499  0.49482100880336977
  0.50603558740553922  0.51651790368016193  0.52709833585233223  0.53779173744936681
  0.54837509588727107  0.55868329737978140  0.56915568572623720  0.58014979648128839
  0.59151535208646500  0.60278115476147776  0.61365291960653745  0.62426845477850568
  0.63487618410942925  0.64555755908758128  0.65627985928947619  0.66714550434662379
  0.67842204042836451  0.68971397426598535  0.70083990240495420  0.71117703214128758
  0.72108176675604974  0.73122916580973774  0.74187373550660951  0.75258803372709215
  0.76260795351419453  0.77233078169268676  0.78205033080339592  0.79204708830458148
  0.80262351545290667  0.81353477143102038  0.82436080085173424  0.83501981310177953
  0.84582678127867317  0.85528311484700625  0.86427163356361525  0.87331631878780869
  0.88325113234314823  0.89407948289212857  0.90453417416704784  0.91557588872074636
  0.92630161388276633  0.93672796369424105  0.94713176204614125  0.95765487575043995
  0.96854694661338192  0.97943146064218078  0.98985124000739000  1.00000000000000000
 -0.00001441628028031  0.00021807517451966  0.00058448633730209  0.00107613649230558
  0.00172526777998972  0.00232074184408279  0.00284337507083199  0.00340958407106657
  0.00399791491129406  0.00460075719714400  0.00520723130352344  0.00581491176463470
  0.00642940748142196  0.00705584255737375  0.00769878172819457  0.00835904345074199
  0.00903315187575933  0.00970687377031479  0.01037599668512311  0.01104629645605877
  0.01172198384275450  0.01239782123128622  0.01308587036878049  0.01378149196431473
  0.01446916424332529  0.01518473830860405  0.01592275765718894  0.01667660100143335
  0.01745531719682629  0.01823226804895281  0.01897061495997044  0.01971618833916937
  0.02047103058196195  0.02123995895865727  0.02199935035496940  0.02274318394719954
  0.02347945572160086  0.02423560400331071  0.02497149932382818  0.02569724440464734
  0.02640963829862391  0.02712947061138255  0.02783735246266765  0.02858094669561706
  0.02933926205047722  0.03016284430621441  0.03100746675451231  0.03188645084129352
  0.03280787244362298  0.03375839284250626  0.03472874913611053  0.03573800416751082
  0.03683803482210096  0.03788982697956927  0.03892135937428597  0.03989612492055852
  0.04086162672102813  0.04187077174005719  0.04301399636380547  0.04435264527429393
  0.04581763420754825  0.04724459029815787  0.04856639021876712  0.04990191544181227
  0.05124069014449189  0.05266832763704379  0.05411890683789602  0.05565184918828906
  0.05703822466445588  0.05840721766147750  0.05985812662299202  0.06134810620554547
  0.06307227209610575  0.06510669960371313  0.06707102149756183  0.06898591974345304
  0.07083369387253943  0.07257235566166600  0.07424520163397580  0.07606505539355718
  0.07818403555235909  0.08053174280122327  0.08416135262814629  0.08911950627223837
  0.09528216097134778  0.10026676969114094  0.10471220080921761  0.11082098086479353
  0.11875995511643887  0.12681487598290725  0.13796723988486226  0.15228696171599501
  0.17849182076248429  0.21072729084548897  0.25661914096031913  1.00000000000000000
 -0.00256488499022497  0.01027832757981119  0.02179419987503119  0.03395758362689087
  0.04684779383626421  0.05958799154267164  0.07269514083036474  0.08502904279327129
  0.09731136152718295  0.10876987500791498  0.11970560717996913  0.13103828806022433
  0.14232214598299295  0.15447442263043751  0.16564454310225385  0.17817140660889105
  0.18993911095189023  0.20199608260509130  0.21310733512736293  0.22382010701116831
  0.23422494719952669  0.24478524188919781  0.25611890894398054  0.26747664270758231
  0.27859906787047450  0.28917253026442968  0.29937211290795468  0.30949065872431114
  0.31996977004943827  0.33049354821926552  0.34105932950791307  0.35130352679573118
  0.36129194712557683  0.37144429227575532  0.38143844517755710  0.39160344178896317
  0.40223359300430478  0.41277279654576904  0.42357457084077504  0.43405099846603540
  0.44483170808142269  0.45539894812643961  0.46479757973767777  0.47392558990557537
  0.48308837030416307  0.49287915185303521  0.50352358601632075  0.51428492753852595
  0.52501838204661155  0.53567586302647729  0.54616797908797798  0.55654443213105387
  0.56655672016815839  0.57596409497852474  0.58496043196220937  0.59393572053718646
  0.60328065584276103  0.61277799148349843  0.62203740522542883  0.63106234656176385
  0.64027364403303333  0.64983107125772521  0.65941883940792512  0.66920457253322729
  0.67896062950212044  0.68846731805977102  0.69824238402614125  0.70818315369743834
  0.71833862700256912  0.72827449632062302  0.73804672032134966  0.74735491522051956
  0.75617029258314250  0.76504888783911840  0.77484944271012401  0.78576583988644200
  0.79690685895313629  0.80778749464620769  0.81843197625428576  0.82880067481596964
  0.83808328302421697  0.84704679890840584  0.85704091507638591  0.86734969155603869
  0.87758061151048228  0.88749903337459857  0.89737901015979415  0.90911336320702352
  0.92154445339388447  0.93321959320866898  0.94435187043845026  0.95521649914601225
  0.96658203536138643  0.97787393415531920  0.98924947447799583  1.00000000000000000
  0.01230303705800499  0.19075003643445829  0.30401127728853727  0.39008173081029440
  0.45407926246971758  0.50721583985582663  0.55196016550997540  0.59017697102456790
  0.62336712165752506  0.65177502612827198  0.67640314317355643  0.69857642565790534
  0.71873253737260667  0.73649483630731438  0.75287221402160265  0.76774357143542193
  0.78122783341912205  0.79373301808279517  0.80544472034109427  0.81628995223382594
  0.82630185287886537  0.83561937295904332  0.84426566443546325  0.85239442912766350
  0.86002312977449613  0.86711401056821735  0.87375596168279235  0.87996556873296494
  0.88597841237319230  0.89179740824174814  0.89711723038600788  0.90203091264954094
  0.90672993608536334  0.91125755879077819  0.91562832327709365  0.91944257357436199
  0.92293711516184118  0.92630265581333471  0.92955792399145887  0.93270486798931551
  0.93569728274582342  0.93844261802341045  0.94104543557372078  0.94351464868802815
  0.94594913241463108  0.94834766506897406  0.95068000313196166  0.95292660707228793
  0.95509603571550761  0.95712394311146731  0.95895131590453908  0.96062902115880389
  0.96224453070168303  0.96380441994289390  0.96530347535208627  0.96676686443920856
  0.96818375072635909  0.96956762941550234  0.97091294919665028  0.97222051197824699
  0.97347374190134395  0.97467870704320714  0.97582664884947901  0.97694864741576481
  0.97804768104214113  0.97911841365104879  0.98016937780273772  0.98119216911721641
  0.98215231397086356  0.98309424607916651  0.98400762236083916  0.98489091723665212
  0.98574002587792964  0.98654068884062351  0.98729467544219451  0.98801074804360456
  0.98870759125294894  0.98939120298150895  0.99006992074864997  0.99074595637352147
  0.99138088804549052  0.99198649023960828  0.99257878229381880  0.99315231469429466
  0.99370255745698188  0.99422701465394381  0.99472615372836459  0.99522380511454667
  0.99572558136506617  0.99623331571615170  0.99674090523499648  0.99725665036627953
  0.99781803942409042  0.99844399507679393  0.99916961196009946  1.00000000000000000
 -0.02175578788404162  0.10668489744003684  0.14545941500216444  0.17003572391547739
  0.18950818193072255  0.20737245446530603  0.22334590522006809  0.23794550736817346
  0.25138512022524101  0.26444051323583079  0.27598540469933180  0.28577689504052711
  0.29542327625187220  0.30491025489111395  0.31461705301639664  0.32348445630238737
  0.33197667753824750  0.34020827793835345  0.34802348473969980  0.35596768860069039
  0.36390539631857516  0.37200482461754752  0.37998513632808589  0.38765088816915760
  0.39501640556716300  0.40232483653684364  0.40966411364753436  0.41638100113707910
  0.42244459009877489  0.42814059620392719  0.43389094642089493  0.43948457241527694
  0.44560383732738285  0.45179922999295241  0.45887613579863906  0.46559424162163437
  0.47234327803667242  0.47888240432824408  0.48552985662568682  0.49214757072161325
  0.49854489723343109  0.50445705460389689  0.50997011403590597  0.51539357247419337
  0.52082681725571489  0.52625038015698977  0.53172057389012695  0.53722028640752240
  0.54284079664871066  0.54865951042024730  0.55447963955315327  0.56027990218109402
  0.56635374098898128  0.57277126397299494  0.57909496959486861  0.58547679075328107
  0.59178168477959148  0.59819001729064980  0.60452444550366025  0.61081303484655891
  0.61719365282462546  0.62353362742158613  0.62970552841864980  0.63553733941497370
  0.64124578473203642  0.64712242432001910  0.65334703767290314  0.65983210493287936
  0.66649004460053274  0.67330474406391172  0.68026229706443120  0.68733368367915015
  0.69454221815532191  0.70194786863295200  0.70907979455568737  0.71580139908916263
  0.72252325626544422  0.72939935737716599  0.73666821776941349  0.74425520870990625
  0.75198094467439758  0.75967161893050628  0.76737546991975447  0.77498391788611787
  0.78297215337810488  0.79144754317127020  0.80047807828059903  0.80999187737516509
  0.81982240121835326  0.83052357984862990  0.84249750244145605  0.85570627830979051
  0.87069172422134322  0.88954381880513911  0.91987517739428726  1.00000000000000000
   1.2105213272559220E-009  -1.0000000000000000     
 F F F F F F F F F F F F F F F F F F F F F F F F F F F F F F F F F F F F F F F F F F F F F F F F F F F F F F F F F F F F F F F F F F F F F F F F F F F F F F F F F F F F F F F F F F F F F F F F F F F F F F F F F F F F F F F F F F F F F F F F F F F F F F F F
  <DiscreteSampler_grid>
  grouped_processes
  1 # 1 for a reference and 2 for a running grid.
  10 # Attribute 'min_bin_probing_points' of the grid.
  1 # Attribute 'grid_mode' of the grid. 1=='default',2=='initialization'
  0.0000000000000000 # Attribute 'small_contrib_threshold' of the grid.
  0.5000000000000000 # Attribute 'damping_power' of the grid.
 # binID   n_entries weight   weight_sqr   abs_weight
    10   10   1.106142198870879E+004   1.003158250003873E+009   1.106142198870879E+004
  </DiscreteSampler_grid>
