  0.00939978534433969  0.01637749111669875  0.02682172341396839  0.03845038722704741
  0.04952669555031841  0.06055914915091719  0.07135221021288779  0.08259861727540510
  0.09342448368557943  0.10442488507198568  0.11546319730771583  0.12658650341606228
  0.13797611543366312  0.14809681737957139  0.15756156235203556  0.16662461523297240
  0.17606062190409433  0.18531424047697789  0.19464873484771711  0.20390566037884364
  0.21259445739558144  0.22107332108012956  0.22986209042553019  0.23962339399164589
  0.24994646289995340  0.25991009529138948  0.26973166491489076  0.27971509103473674
  0.29011607000713563  0.30086103515141194  0.31171151973114519  0.32278962315269782
  0.33391023776685047  0.34484452084864564  0.35579590882773210  0.36692156470618958
  0.37820146388422515  0.38920660129524098  0.39994361389171074  0.41036792060115118
  0.42053252050067647  0.43057570327741790  0.44040190261995166  0.45023096999064433
  0.46033015174559350  0.47080894954178720  0.48186701038817609  0.49303872528592030
  0.50423893525776586  0.51497311787283850  0.52557726786525494  0.53566158420172116
  0.54613163542917786  0.55723983937872656  0.56800801959873082  0.57856750564013493
  0.58882210403130908  0.59882425878626400  0.60887299277420892  0.61933185255071010
  0.63007835378571386  0.64079762594291090  0.65166310884631340  0.66271264091216531
  0.67363832143734648  0.68421839721644406  0.69453241451560566  0.70518194822872227
  0.71615620884080156  0.72722768136801841  0.73891415797014326  0.75049922745096287
  0.76232998259956941  0.77359682845516564  0.78398268315694319  0.79382604840577542
  0.80334984626135231  0.81228523789610774  0.82081892522649269  0.82942177920928528
  0.83881322256448088  0.84898170555476260  0.85935490304748263  0.87011588050519340
  0.88101734037094415  0.89213178729174702  0.90357277433325744  0.91466273330343051
  0.92536098013704016  0.93598115521561454  0.94651606388937970  0.95724163210175117
  0.96814671170116040  0.97917304668383143  0.98983732115350720  1.00000000000000000
  0.00000248526672247  0.00000261131625965  0.00000270849712777  0.00000279558353272
  0.00000288926617310  0.00000297750419713  0.00000305926823907  0.00000317263571220
  0.00000330386451199  0.00000344264166881  0.00000359202187657  0.00000375112315695
  0.00000392983881635  0.00000412726788169  0.00000435093242225  0.00000460530541100
  0.00000487613346492  0.00000515584862812  0.00000546112255157  0.00000577456918760
  0.00000615063897781  0.00000652514904578  0.00000692996492149  0.00000734370311590
  0.00000778818236423  0.00000825529572243  0.00000873273429857  0.00000921993500027
  0.00000972127618455  0.00001024037795627  0.00001078467287549  0.00001136488793608
  0.00001197328842683  0.00001259912347927  0.00001327695461179  0.00001401131047217
  0.00001479882653835  0.00001565224302733  0.00001656348308348  0.00001748208571250
  0.00001849765778234  0.00001957147275706  0.00002068615802960  0.00002184753953012
  0.00002305833363545  0.00002430659640024  0.00002560320743845  0.00002687473766749
  0.00002820552500149  0.00002949934301612  0.00003095109215448  0.00003257611315078
  0.00003424738506823  0.00003599439908617  0.00003786359643983  0.00003980549170206
  0.00004183069615469  0.00004403595687175  0.00004636169176244  0.00004884098566191
  0.00005144077416615  0.00005408214379488  0.00005671418198035  0.00005959003609563
  0.00006257677038952  0.00006579712677618  0.00006933309808706  0.00007299863797545
  0.00007702011730833  0.00008159819329869  0.00008674614930979  0.00009247130020878
  0.00009894660514615  0.00010629788110021  0.00011427370354670  0.00012282982737576
  0.00013224247811785  0.00014294380066479  0.00015530183441928  0.00016928834099734
  0.00018467124649444  0.00020178180632102  0.00022121478515817  0.00024415484116360
  0.00027262100049119  0.00030760754192361  0.00035020702227661  0.00040162473701617
  0.00048064329301011  0.00058763935536811  0.00073487396670611  0.00098346558953868
  0.00166886953111594  0.00543047691091116  0.41093125961417742  1.00000000000000000
  0.00000233665760835  0.00000261935442481  0.00000285950881849  0.00000311166773996
  0.00000338694901990  0.00000366580033452  0.00000396972965228  0.00000428486774660
  0.00000463039957412  0.00000500300743623  0.00000538926395480  0.00000579462966224
  0.00000620033685596  0.00000662015580202  0.00000706039863005  0.00000751475747043
  0.00000798276798833  0.00000846563230509  0.00000896932799480  0.00000949708527878
  0.00001004785400916  0.00001059902691965  0.00001112927754561  0.00001169443074494
  0.00001229913849922  0.00001291924609000  0.00001359425254800  0.00001430399006738
  0.00001500853718811  0.00001573701702318  0.00001648197336048  0.00001727987431771
  0.00001806060295952  0.00001882328613858  0.00001962122651858  0.00002044006953906
  0.00002131570767367  0.00002224842129085  0.00002326514027168  0.00002436116875538
  0.00002551611804527  0.00002671098068467  0.00002803481168160  0.00002941898292849
  0.00003084538409966  0.00003231852625181  0.00003382792875739  0.00003538299822748
  0.00003701442647736  0.00003881822380956  0.00004066232188664  0.00004264867729602
  0.00004467623839832  0.00004672494380411  0.00004887348827247  0.00005122076329257
  0.00005377026025362  0.00005638453641604  0.00005912146780460  0.00006201543245122
  0.00006512109473381  0.00006839690174178  0.00007194538542226  0.00007568049529974
  0.00007956919516541  0.00008360754481557  0.00008792377108229  0.00009254802267105
  0.00009742279321800  0.00010281156601938  0.00010852040036111  0.00011448999581295
  0.00012088435897783  0.00012790398259457  0.00013638807333480  0.00014632633964925
  0.00015777731023170  0.00017060792933787  0.00018511045390953  0.00020191197289375
  0.00022065508494199  0.00024130992807068  0.00026434715843357  0.00029043800325536
  0.00032138017149295  0.00036210844920202  0.00041450030425956  0.00047965758278334
  0.00056286092034739  0.00066651703637020  0.00083248930188449  0.00112473664985901
  0.00185512271916352  0.00618431570721665  0.11253913671729276  1.00000000000000000
 -0.00264045401686871  0.00988510318823191  0.02092358292450931  0.03260110708068017
  0.04439497210066852  0.05542876197176803  0.06589909542576571  0.07623093812646382
  0.08694641624185302  0.09800476548257224  0.10900482405543649  0.11980486561518747
  0.13024977154220471  0.14011531368092445  0.14968411761139297  0.15893275084636888
  0.16855188194014997  0.17848714658523102  0.18867248598326022  0.19939533724130648
  0.21020019082628677  0.22065493034238537  0.23105647475747695  0.24213349654039476
  0.25306692718448442  0.26401391024215315  0.27508709107530971  0.28565273672510327
  0.29465830487487499  0.30307963552088901  0.31186362213009855  0.32105776976978112
  0.32995248418479817  0.33917089642822190  0.34942110758463840  0.36081831170030071
  0.37239217343822523  0.38360509851371866  0.39420085066971433  0.40484928192009517
  0.41581875595380346  0.42700851083195401  0.43847823772529959  0.45015921272432374
  0.46172189613243858  0.47288135597645559  0.48322372047228684  0.49315150744041952
  0.50339271172770894  0.51398234933037812  0.52389050420454497  0.53346107491113071
  0.54306816501226596  0.55282264100661649  0.56339707594048039  0.57371432201810735
  0.58331976497772575  0.59269573207026427  0.60243492577130864  0.61334999529408807
  0.62407445736157829  0.63390811495178601  0.64391662035450392  0.65466243845603544
  0.66581566875722620  0.67683215687449727  0.68767431149808966  0.69873835774687820
  0.70992840145609204  0.72112413535221898  0.73237359074774067  0.74327800761127327
  0.75410487805535742  0.76484192876517876  0.77575787470613256  0.78663936641361099
  0.79734294356885216  0.80797186362552453  0.81848476255202629  0.82891509572336686
  0.83895360773865013  0.84834143832983078  0.85788285365489181  0.86772784947703263
  0.87828284844101945  0.88956853352175591  0.90094108631927772  0.91250768174970653
  0.92424631810099567  0.93576386048146076  0.94684447015951767  0.95757316406000204
  0.96815898063378636  0.97847295419111679  0.98938604033594113  1.00000000000000000
 -0.00183484899141772  0.00772018833007558  0.01769338465364412  0.02760070861520922
  0.03839744203134049  0.04910765933896263  0.05949738893364979  0.06994346082642260
  0.08041389665308020  0.09076263001076676  0.10072030967139409  0.11080475420805623
  0.12135981379566144  0.13230483938507820  0.14324013421816695  0.15414927930907749
  0.16476285782816233  0.17471599836902729  0.18471183178038533  0.19522993713257744
  0.20605832991341225  0.21658433701890409  0.22693838629216548  0.23760281307935718
  0.24898045241030525  0.26085306850421036  0.27277406832322604  0.28435449635090720
  0.29570413396215706  0.30725789997944708  0.31876103857460131  0.32966110046681646
  0.33996381494598671  0.35003852263207202  0.35965630736760440  0.36966568750939510
  0.38013201258367652  0.39115337234345876  0.40247727166221403  0.41383954760674840
  0.42442791043266920  0.43425480200991268  0.44374582425977832  0.45362426872678052
  0.46423794224885534  0.47529221684747486  0.48639800992485105  0.49727463090941054
  0.50727555363748011  0.51769672232387864  0.52821735018276172  0.53914697801449118
  0.55031566291998557  0.56047294479821230  0.57082086114140451  0.58101308251624506
  0.59120352441243162  0.60121112273915644  0.61160536285494516  0.62183955421741022
  0.63133992315011001  0.64019360286031857  0.64937715451759837  0.65929656290684646
  0.66904091195314364  0.67876925799736454  0.68907148991888045  0.69946148249068874
  0.70949565026024353  0.71900936741864618  0.72812715365377778  0.73749736847222525
  0.74745146896577064  0.75808972230169225  0.76891504680350753  0.77958518221203210
  0.79013527477492329  0.80075188658149166  0.81180729897411152  0.82319752671142132
  0.83424925372340253  0.84508678382931102  0.85565114378905627  0.86592502621068601
  0.87635593491411223  0.88734624996174838  0.89874088983100520  0.91015613623257874
  0.92146210231383574  0.93271858615132608  0.94388138458772475  0.95526143209120462
  0.96716881328100723  0.97879952949772553  0.98968257282256655  1.00000000000000000
 -0.00298900998136630  0.01039629392801602  0.02086891740030647  0.03006658955208809
  0.03927200374752456  0.04911054714545852  0.05928109007567808  0.06924174781027448
  0.07883643547622160  0.08909845081288625  0.09952587331971727  0.10911998759369751
  0.11864744686942859  0.12850084058075062  0.13907600141596160  0.15028713740789573
  0.16057381578915683  0.17033777851229531  0.18032689501790089  0.19054051798862606
  0.20117926290278570  0.21183942919849008  0.22286931794649278  0.23406176092468375
  0.24500654971065719  0.25555994614493605  0.26603901827365284  0.27687307182314624
  0.28773664249653824  0.29849479146024588  0.30944368308746911  0.32019117708988210
  0.33050593964717584  0.34039569418285909  0.35033653215538080  0.36093332353741447
  0.37141180687220993  0.38110734616513608  0.39060018553868203  0.40023848261289041
  0.41057523838189375  0.42135419915997085  0.43190816424124739  0.44250003063755200
  0.45329355360894585  0.46402716488677226  0.47478430388482112  0.48551373975707962
  0.49624775719072117  0.50673244399359374  0.51720632247068243  0.52741421651783038
  0.53725846582624104  0.54705077296933402  0.55711692427826720  0.56768504620922189
  0.57830566017042218  0.58952848362180676  0.60117139302182454  0.61269743550229960
  0.62370369593247188  0.63487700776287659  0.64626098013851063  0.65627550821011005
  0.66570295237024868  0.67547063418560205  0.68583891668337726  0.69684892957235922
  0.70748234859335124  0.71800942911300025  0.72846668611895360  0.73845053283079731
  0.74809334959387042  0.75809585499023857  0.76827197260179314  0.77925034363398349
  0.79067398998031246  0.80205305938006910  0.81287573333070007  0.82388817370921597
  0.83510237443028124  0.84701560797566511  0.85844751965118415  0.87016431898592905
  0.88126409853362964  0.89221625553609030  0.90282607178546570  0.91374674398072186
  0.92469891901765255  0.93546048797208869  0.94599449422948079  0.95599103889866888
  0.96637296787067128  0.97732023962751702  0.98878470838731825  1.00000000000000000
  0.00001588086834636  0.00018452446165756  0.00047267096239710  0.00085773684788550
  0.00133694414050626  0.00175643121116115  0.00213597774249058  0.00253617623578077
  0.00295515943341128  0.00338273555572645  0.00381490761413090  0.00424851929245713
  0.00469055236186328  0.00513557819481409  0.00558553767770761  0.00603928458847698
  0.00649444356972309  0.00695620324432558  0.00741801159689987  0.00789240331373671
  0.00837797515193357  0.00888153139006511  0.00939889348345555  0.00992194466621875
  0.01045980751205273  0.01100606738687594  0.01157278239831739  0.01215737869067385
  0.01274694663266955  0.01333985438867794  0.01393028410417266  0.01450896743833452
  0.01509633338701545  0.01569247072554213  0.01630284503976694  0.01693248914426545
  0.01758297987636435  0.01825087644121172  0.01893290969859951  0.01962106198470544
  0.02031908410217718  0.02108532541706982  0.02191441593707960  0.02273879904406292
  0.02353037827252335  0.02434168538161196  0.02514769481291214  0.02592962622671471
  0.02672522654741111  0.02755724991788471  0.02842086409231228  0.02932181913196283
  0.03023732591797679  0.03117890160507388  0.03213021424424413  0.03311523042282066
  0.03415856753928632  0.03520601920098517  0.03627941202414049  0.03742172309825040
  0.03865313768126540  0.03997360938504116  0.04136532062991294  0.04293739675826446
  0.04447858166079472  0.04593979729212464  0.04737303530692023  0.04887427834501278
  0.05045054234266678  0.05210788011429179  0.05393510394626332  0.05599319078318459
  0.05821212353846425  0.06046673629232756  0.06256068072399346  0.06462631376509520
  0.06700935091724705  0.06926505638602277  0.07152116547236091  0.07386978063271683
  0.07650153813744454  0.07967544707889525  0.08310045611775220  0.08598219092552122
  0.08873061128635451  0.09216095922969278  0.09668970357913270  0.10178737934146662
  0.10636129925961714  0.11132986258941964  0.11786526318952105  0.12623773623869528
  0.13657387427195150  0.15295594544861546  0.89450435248405380  1.00000000000000000
 -0.00195427101828814  0.00880361457651384  0.01895131315005907  0.02921513821479181
  0.04024827447472559  0.05282041620407216  0.06587695395873924  0.07917775775899315
  0.09231510321912698  0.10517070854187681  0.11740672732400145  0.12915057713284653
  0.14079401311522585  0.15273488824808812  0.16435199320122038  0.17551420643271293
  0.18684767780011152  0.19886178548710201  0.21102717541226473  0.22279469740266883
  0.23429257248101462  0.24547958219363333  0.25616202864119592  0.26652667129229274
  0.27698221883061064  0.28738223839641736  0.29774925068280095  0.30838096261595915
  0.31887369641356872  0.32977650370197575  0.33969558989229781  0.34860480863873727
  0.35726630279534843  0.36563433591968569  0.37509087038128397  0.38398176348773699
  0.39320361585905045  0.40268750343737647  0.41247268091255440  0.42245792058691745
  0.43217012321922349  0.44218038220135197  0.45121392125535126  0.45989497893429399
  0.46849263796010882  0.47664029122782153  0.48574437346993748  0.49564926377856172
  0.50553692264532091  0.51467927613451470  0.52352594886659298  0.53220567089290383
  0.54103854167510679  0.55009673378426183  0.55957377709335998  0.56964200352090977
  0.57993578378167621  0.58977544887266997  0.59894353625407981  0.60780213447162101
  0.61671211513894919  0.62601726091100163  0.63604873898000236  0.64660860277544208
  0.65741774252010188  0.66813020230218267  0.67846494991974460  0.68872918912129633
  0.69905642730275375  0.70962511030669506  0.72029688479289489  0.73116150311964279
  0.74210676354719141  0.75301505988051132  0.76401675603267660  0.77524641513746884
  0.78638379677091907  0.79750825040071249  0.80861616705521511  0.82022874972975968
  0.83182097683773393  0.84292981138555623  0.85396305316459142  0.86543321392044847
  0.87729219737262731  0.88939160206551127  0.90127993524545891  0.91248995350311835
  0.92298170708109339  0.93322500507970052  0.94400277080060524  0.95523051195813347
  0.96628670922381399  0.97731791692886705  0.98836590795985135  1.00000000000000000
  0.03392237017588750  0.20940577999053828  0.31905991635208586  0.40017994573775789
  0.46187490085311350  0.51441549446006907  0.55739543512109690  0.59333181830283788
  0.62473850221850513  0.65202182459698299  0.67613809488669085  0.69790592987145317
  0.71763598116895000  0.73524443096026282  0.75111167158884251  0.76556682302758983
  0.77892368097439402  0.79134442197121280  0.80298574438171866  0.81390154449999308
  0.82410940287899248  0.83378930540882834  0.84278253279056914  0.85101432064114291
  0.85854110404347628  0.86549250993862303  0.87206214537723625  0.87815640241363235
  0.88382666209229643  0.88928839579230801  0.89444309136225908  0.89915630712143713
  0.90363971428203960  0.90798771552267565  0.91220307044597082  0.91621015817758655
  0.91985195358219440  0.92328280250410044  0.92662407182660766  0.92991704392294905
  0.93308666434539533  0.93618738236499977  0.93902584262829591  0.94158963030710918
  0.94409962263042857  0.94647839181095239  0.94874694074486909  0.95090049162599466
  0.95298630182673238  0.95502083595699749  0.95699790866051382  0.95894281878706944
  0.96074905452504156  0.96241498376292633  0.96405870412384276  0.96563383502775491
  0.96713734429050036  0.96855931029812925  0.96990297894671385  0.97118741624915406
  0.97247438087540994  0.97374667970205175  0.97499820592494268  0.97621407977427987
  0.97739960738416687  0.97855277080525338  0.97965374154644702  0.98069435813617967
  0.98164480501757012  0.98253091729577424  0.98339908240683538  0.98427901561345110
  0.98516185234949649  0.98601699633353213  0.98682265162750005  0.98758393047548954
  0.98834056255478031  0.98909134654393405  0.98983914791524064  0.99054948626838801
  0.99116956884284124  0.99177915048926024  0.99238983932209102  0.99296490754591638
  0.99351078534030901  0.99406465828977209  0.99462361501971774  0.99516399944184797
  0.99569163686060214  0.99620987299106334  0.99671895814510669  0.99723739109420018
  0.99779271141803805  0.99841313114104258  0.99915762449005308  1.00000000000000000
 -0.02241766450472957  0.10790258069519665  0.14570014278590399  0.17085174642629389
  0.19141994499567680  0.20848346191928657  0.22198227357239184  0.23415025936185002
  0.24552342800790178  0.25810331644687123  0.26962259404573846  0.28061600175535539
  0.29097899279576500  0.30103577239728974  0.31085292554869098  0.32053306615475652
  0.32997300006455793  0.33875536726865207  0.34763311841402800  0.35547540682148759
  0.36313671383943846  0.37048613923852797  0.37797554786725479  0.38537690599299917
  0.39280851957373258  0.40010259426302919  0.40713257225751182  0.41385283939315098
  0.42049064573808093  0.42690221121856281  0.43345151453216085  0.43985651316114815
  0.44634881054809888  0.45288873271843177  0.45938301359617173  0.46589328101482735
  0.47229875433755891  0.47873215363346411  0.48479652775992799  0.49080224281253532
  0.49669452057337599  0.50286021384274815  0.50935438878507455  0.51569101806669493
  0.52175058239600469  0.52773838818174856  0.53362346149952500  0.53950368369327484
  0.54569372032910435  0.55211006017947728  0.55840849621222843  0.56482485310465913
  0.57089166695869542  0.57695651734159248  0.58291296804353021  0.58898419677887992
  0.59514146336962148  0.60129984784159241  0.60757174618283460  0.61379372806868071
  0.61982471060303668  0.62575884149029959  0.63162327373617333  0.63745972513751259
  0.64343211293272173  0.64966124927670355  0.65592900441797086  0.66207003064791070
  0.66828389070327987  0.67419434617727303  0.67970185828358143  0.68534654983404852
  0.69104151069573250  0.69717373262736226  0.70393367137720697  0.71077078160819462
  0.71782275103602899  0.72501337356840367  0.73184206391176754  0.73869294141013242
  0.74565357573064683  0.75287364241960542  0.76072796444915547  0.76898559673016853
  0.77783693984764868  0.78731376895002203  0.79725967465968317  0.80742335573782420
  0.81766950401270599  0.82824446370054361  0.84034546873853522  0.85442628212873328
  0.87021620961929924  0.88939799520096963  0.92030895046482097  1.00000000000000000
   1.1514479328727727E-009  -1.0000000000000000     
 F F F F F F F F F F F F F F F F F F F F F F F F F F F F F F F F F F F F F F F F F F F F F F F F F F F F F F F F F F F F F F F F F F F F F F F F F F F F F F F F F F F F F F F F F F F F F F F F F F F F F F F F F F F F F F F F F F F F F F F F F F F F F F F F
  <DiscreteSampler_grid>
  grouped_processes
  1 # 1 for a reference and 2 for a running grid.
  10 # Attribute 'min_bin_probing_points' of the grid.
  1 # Attribute 'grid_mode' of the grid. 1=='default',2=='initialization'
  0.0000000000000000 # Attribute 'small_contrib_threshold' of the grid.
  0.5000000000000000 # Attribute 'damping_power' of the grid.
 # binID   n_entries weight   weight_sqr   abs_weight
    10   10   6.871821200220054E+002   1.481149737923892E+006   6.871821200220054E+002
  </DiscreteSampler_grid>
