  0.00921442186299771  0.01685874112135836  0.02775131607091447  0.03935923920211238
  0.05033058168108796  0.06141005103551146  0.07236243739518546  0.08308303314082874
  0.09351402656096566  0.10435848847874143  0.11599689038945847  0.12736134546683342
  0.13844197285179113  0.14953714969855064  0.16050002319545653  0.17239014243662526
  0.18397496264838878  0.19498247355208848  0.20533163015991868  0.21556179666479749
  0.22576261343257861  0.23676630974272284  0.24741066559095945  0.25813795000939066
  0.26901540997837708  0.27942154757264420  0.28944855119924778  0.29896094607899448
  0.30910585103628468  0.31966279118632362  0.32996984628584181  0.33971164138211218
  0.34935784064689257  0.35952454817103224  0.36986477555271757  0.38017611901049325
  0.39035156660859499  0.40080512559507603  0.41085224762548828  0.42028444917596175
  0.42983162832239352  0.43962051475442743  0.44992368255411025  0.46020596824137705
  0.47029483879627726  0.48030510102701973  0.49102639779584234  0.50178790572733378
  0.51291830294681118  0.52432687297429070  0.53646398706578802  0.54827280405450396
  0.55895497754790002  0.56956085971803549  0.57962020458691355  0.58982269195273851
  0.59954357483180343  0.60931470170698399  0.61910396950729651  0.62905940417790640
  0.63889147805393276  0.64879227870778122  0.65909565996530683  0.66976918525088558
  0.68073430132589929  0.69151113151355248  0.70197449390888045  0.71302597847646854
  0.72420869599521065  0.73538254906543399  0.74647511850281201  0.75761029193583762
  0.76872483290909910  0.77981096090037094  0.79084673497130675  0.80171417288254465
  0.81134236063378418  0.82082356253589228  0.82957935976979658  0.83920091317673862
  0.84911581665878588  0.85985392378570968  0.87100096644868852  0.88225210465863901
  0.89244982744651136  0.90265636096411950  0.91282315180185503  0.92429278604350840
  0.93554590273031002  0.94542286373374740  0.95493673714301897  0.96357212172846174
  0.97303528681268781  0.98346373044418989  0.99085205913954910  1.00000000000000000
  0.00000256537725423  0.00000272821979026  0.00000283495957536  0.00000293512406599
  0.00000303846587333  0.00000313915271031  0.00000325652737823  0.00000338631633357
  0.00000352535026960  0.00000367604940942  0.00000384724457318  0.00000403514406405
  0.00000422975431413  0.00000444412498013  0.00000468811259331  0.00000493622573140
  0.00000520720458966  0.00000551453452386  0.00000583853102859  0.00000617658919974
  0.00000651368398963  0.00000687863940751  0.00000728114162225  0.00000770754637933
  0.00000814753794049  0.00000859385055972  0.00000906379850198  0.00000953256571983
  0.00001003616689855  0.00001055167673583  0.00001110085846374  0.00001167880511877
  0.00001229406938568  0.00001295490544909  0.00001365394552931  0.00001438887803601
  0.00001516598405597  0.00001597589619964  0.00001679137284877  0.00001776877492246
  0.00001865591593194  0.00001959574973911  0.00002058804407425  0.00002162169270535
  0.00002270956744107  0.00002389257915682  0.00002518535112651  0.00002653283717075
  0.00002788471053138  0.00002929268183563  0.00003085510221702  0.00003252957852389
  0.00003425917312062  0.00003608681028406  0.00003797271474213  0.00003993701716793
  0.00004207679781598  0.00004442365251776  0.00004694241662789  0.00004964393124337
  0.00005262872008560  0.00005567737122784  0.00005899265961505  0.00006257948281066
  0.00006638036782943  0.00007043758884036  0.00007490546031597  0.00007975703974641
  0.00008473512488576  0.00008993117938244  0.00009557879452245  0.00010170816778432
  0.00010890285375652  0.00011744220742792  0.00012683568033056  0.00013702397989112
  0.00014795070759152  0.00015982400660145  0.00017280880494358  0.00018774799838628
  0.00020556284102390  0.00022699344234870  0.00025276347375721  0.00028208190539728
  0.00031614423990202  0.00035618451181613  0.00040894056346045  0.00047881282282153
  0.00057399524054652  0.00070727741558316  0.00091337353140130  0.00128587864186525
  0.00203032702609410  0.00405992311464497  0.19069201904804042  1.00000000000000000
  0.00000237088714120  0.00000263079674027  0.00000290704921926  0.00000319956166065
  0.00000349553324901  0.00000379461979790  0.00000411024672414  0.00000444521906891
  0.00000480360024285  0.00000517589412106  0.00000554402961273  0.00000592550888349
  0.00000633451310849  0.00000676212469472  0.00000720939529353  0.00000768624199413
  0.00000818847241238  0.00000870573871714  0.00000923567626679  0.00000977811864342
  0.00001034348929950  0.00001093930903347  0.00001158375236610  0.00001224595567222
  0.00001292350510299  0.00001360313928831  0.00001428262869259  0.00001497435212142
  0.00001570438054885  0.00001648351935685  0.00001730407424880  0.00001816566123468
  0.00001903842538197  0.00001992000981464  0.00002085026668824  0.00002184550395198
  0.00002288590917361  0.00002395938637710  0.00002511269480189  0.00002633940862761
  0.00002761253196904  0.00002892501905088  0.00003027837247165  0.00003163230523493
  0.00003302278710386  0.00003442671045876  0.00003592396628765  0.00003753874067295
  0.00003926273031864  0.00004109382169894  0.00004301446269028  0.00004500726783816
  0.00004707425692909  0.00004922544677809  0.00005154632481464  0.00005418577199651
  0.00005691862113574  0.00005965190659862  0.00006249856080109  0.00006544909308001
  0.00006860809721516  0.00007190919189471  0.00007531029463051  0.00007895928978976
  0.00008288083008180  0.00008696597242535  0.00009182164132273  0.00009699394984087
  0.00010201152226726  0.00010755909421849  0.00011344760036750  0.00011979102948161
  0.00012687517037006  0.00013502463006815  0.00014460736300478  0.00015572689578368
  0.00016811650181837  0.00018167317483856  0.00019719013002072  0.00021495947805250
  0.00023523776471985  0.00025778982254884  0.00028270905940089  0.00031251435658947
  0.00034772751271692  0.00038889879643464  0.00044308438073831  0.00051725075408142
  0.00062108631072421  0.00076649814951480  0.00098644638460403  0.00133857790743130
  0.00229672078462538  0.00645730138812298  0.11197854566921286  1.00000000000000000
 -0.00259683977677151  0.00995734701992918  0.02103966598228678  0.03240625832143981
  0.04351139674356765  0.05464578020070065  0.06547688080302996  0.07621061983900346
  0.08699815332764979  0.09752123432438836  0.10716624919783747  0.11648419430928698
  0.12564286329873614  0.13607264929547611  0.14594758973313643  0.15566138655483125
  0.16525962048159082  0.17548680978048545  0.18632626478558889  0.19699461449140082
  0.20775081137463647  0.21816590978138520  0.22846579280434468  0.23959735129877305
  0.24996541070725370  0.26028779219423304  0.27032050590416012  0.28198585508256113
  0.29283405093639664  0.30300889756851740  0.31286816336492185  0.32300218000037262
  0.33405117316592264  0.34504075280719793  0.35599008247111824  0.36599627011217734
  0.37619591636306265  0.38676122982800304  0.39777926992079349  0.40917017889140905
  0.42085216050363894  0.43242446189087264  0.44383701637409523  0.45541490650234956
  0.46741978949116314  0.47955706242867036  0.49131879714987908  0.50253966742112244
  0.51321499074932764  0.52352109714800155  0.53395492720536553  0.54441095807132645
  0.55493996941126600  0.56508686880334991  0.57483533263779707  0.58439535382512497
  0.59381640965019933  0.60319064141586543  0.61278292268679135  0.62283952345085258
  0.63331062085037160  0.64376861045337941  0.65408675249790860  0.66433296541357356
  0.67481939493886645  0.68561677615387673  0.69662333113204455  0.70755472280468279
  0.71834967971699004  0.72900129422058746  0.73920354569215119  0.74900667131236764
  0.75858087423141496  0.76855740686779117  0.77907919528979142  0.79019551042510172
  0.80172862409328605  0.81288862389238947  0.82376327175588449  0.83427723792437758
  0.84473698466313718  0.85530976232967315  0.86610716830357726  0.87723573933981758
  0.88882727383518045  0.90050762125506123  0.91187719152574154  0.92271598950200129
  0.93289971152258500  0.94255174515546369  0.95217047623800088  0.96181783095409135
  0.97175552208141425  0.98152663292801379  0.99086074443230066  1.00000000000000000
 -0.00267552906427342  0.00986868188291455  0.02066743303170483  0.03126876318148829
  0.04237722909658242  0.05324230658736345  0.06456722177086673  0.07504080099990937
  0.08525415298014198  0.09485361618654115  0.10479142779591258  0.11566600122680179
  0.12705051994284808  0.13830112873280595  0.14929661457945428  0.16009987562420960
  0.17086244749812915  0.18158514220750466  0.19229044560300673  0.20307267435371279
  0.21393251500846455  0.22518989957574065  0.23657431419223479  0.24787519362459312
  0.25832548360474822  0.26824336612927374  0.27826172783616998  0.28829356795190830
  0.29807862346449687  0.30750353358949817  0.31672355802279412  0.32687077060262415
  0.33779612172686041  0.34737993481987356  0.35664973388321486  0.36627547710893044
  0.37570647567571980  0.38496116302081657  0.39358066365938427  0.40275355054735423
  0.41210830648488012  0.42148601364786986  0.43093899295183141  0.44086025098427323
  0.45137489780708062  0.46187637448495567  0.47209344839545470  0.48248347358269061
  0.49350707095826019  0.50512111391986525  0.51683147272087393  0.52827794396607031
  0.53960266213737185  0.55111370073957922  0.56277668665188729  0.57366321199316805
  0.58491723007491847  0.59644235293503478  0.60777275213980797  0.61901715542498037
  0.63040082657639995  0.64202090017274704  0.65329150643810519  0.66407452601565820
  0.67474929184150367  0.68505231160694247  0.69566063551182000  0.70624748857779884
  0.71688573699111557  0.72690990992127014  0.73596961707406328  0.74476629252389726
  0.75400842232699772  0.76374805290002490  0.77380402044437968  0.78378318027761729
  0.79405540807022157  0.80429740591598298  0.81469482550950167  0.82507522553650503
  0.83559480365756766  0.84574507956505252  0.85551807997388618  0.86552692646536156
  0.87597434986960587  0.88705965781102858  0.89868417602714534  0.91030097429257995
  0.92178776967863263  0.93326933154730440  0.94478666232629804  0.95634337658070190
  0.96801740762060451  0.97930108887002443  0.98988196059904188  1.00000000000000000
 -0.00245648516582946  0.00971670234751639  0.02000056463493603  0.03074949404109235
  0.04178071530333020  0.05281581974808192  0.06518399129979453  0.07598096065120882
  0.08737286459043311  0.09664781877844079  0.10645857860448488  0.11625589856326310
  0.12602304062913647  0.13641767953031872  0.14628536174909426  0.15655701884227713
  0.16695748380412417  0.17745225045527221  0.18807963851248827  0.19889936422746402
  0.20955000394635662  0.22014555706717537  0.23099512940610922  0.24268217278593857
  0.25453129998349550  0.26597598676663498  0.27712770333918624  0.28798955559496431
  0.29848581337221247  0.30906571030025942  0.31976040518480753  0.33049125209269758
  0.34161970805869091  0.35247686943985568  0.36273488100399981  0.37281489142558244
  0.38288645587228709  0.39338336445341454  0.40411956105879676  0.41494392412698228
  0.42577072121322757  0.43658880856102339  0.44722714802831942  0.45773378761757488
  0.46796797482418728  0.47854521481087076  0.48965063979883822  0.50042088304665766
  0.51070087778012796  0.52093071422065496  0.53118902746391872  0.54099103046432251
  0.55012487271612132  0.55944143956397441  0.56948460471828488  0.57993603072102329
  0.59007533504693055  0.60019415836541146  0.61139241640029363  0.62339699066139498
  0.63536223765426714  0.64631310214924220  0.65594143998369037  0.66504849789050025
  0.67421470224603319  0.68285913337728332  0.69146182539367984  0.70018752042438215
  0.71075543033598076  0.72186146980644772  0.73290285197802074  0.74386118272190305
  0.75496939400634500  0.76545897559272957  0.77621000837106569  0.78651390373452890
  0.79743502288965618  0.80886700144838153  0.82028877701093439  0.83144500179947201
  0.84230280939359969  0.85303596184057018  0.86345178842248083  0.87423011825084962
  0.88582565718543926  0.89748005435478939  0.90799572073121149  0.91859774423183893
  0.92865524410877787  0.93813563480048889  0.94752392244284200  0.95726509903248047
  0.96847947987313632  0.97927615055843442  0.98977711126757917  1.00000000000000000
 -0.00001100968906082  0.00022938624594583  0.00058666078727664  0.00105079219575209
  0.00160902888396164  0.00210323573400850  0.00253963588212151  0.00300968751697278
  0.00348687284585146  0.00396963110496997  0.00445711108008083  0.00494628167322781
  0.00544954791971836  0.00595830114153457  0.00647684287105490  0.00700996902137013
  0.00754110881211431  0.00809718371174080  0.00867890103697816  0.00927750422012704
  0.00988076300706655  0.01047998163792560  0.01107766055897948  0.01168386763463375
  0.01230813717207327  0.01295787399619929  0.01363025272181881  0.01430492755312225
  0.01499236942855772  0.01571467607967205  0.01645843645056548  0.01720396909823379
  0.01793575824402749  0.01867419193831679  0.01945482349463539  0.02017390301503669
  0.02087437215158867  0.02157169304435091  0.02227062684961433  0.02292608406591757
  0.02359168149727005  0.02422129864839115  0.02487205496782541  0.02553737499287405
  0.02628777179706851  0.02706753693235450  0.02797513823829515  0.02883612035246796
  0.02969696993016797  0.03055442538090233  0.03143342889237598  0.03231758166184690
  0.03324755153220060  0.03419732285397940  0.03515271450276208  0.03611180061907893
  0.03703675430448644  0.03795604122467594  0.03889943495926856  0.03984440546299190
  0.04080357750345908  0.04184278304856934  0.04285965547027252  0.04391797878820762
  0.04504166508256779  0.04617945802426659  0.04737431313586855  0.04861637620340335
  0.04994508318011313  0.05121111695622401  0.05238967348078237  0.05359062004731587
  0.05486283597992875  0.05623931040127254  0.05774294947781741  0.05922434101599790
  0.06053308936576635  0.06198435970310952  0.06385705222229737  0.06538563435326913
  0.06660555079526970  0.06800427929982464  0.06991302536668087  0.07238272083439067
  0.07511320346940800  0.07733172507433167  0.07936724268985640  0.08148252168320824
  0.08418264860885806  0.08744002902358190  0.09035369223301491  0.09463077059741087
  0.09967786061074467  0.11310177432887333  0.54733069800827472  1.00000000000000000
 -0.00315841411424689  0.01200411412148699  0.02413705090369238  0.03680186153413358
  0.04961757164072871  0.06304791779773219  0.07548302324449985  0.08813407295984355
  0.10080985853261598  0.11334426618861555  0.12600462592026626  0.13833224151393611
  0.15018367109910608  0.16157470145630690  0.17390865611215658  0.18487797086372471
  0.19562172743891376  0.20625547790776311  0.21825254689289766  0.23052034049333428
  0.24228419897866588  0.25333552050907704  0.26454284272217465  0.27576201512333609
  0.28722150101893240  0.29830212205352441  0.30841752070526607  0.31807717474759722
  0.32769711219582115  0.33779578351097173  0.34828171994782664  0.35876510708458192
  0.36927638295996773  0.37967866836039144  0.38981370818249006  0.39956629325211129
  0.40902695517014315  0.41852363983315388  0.42780161933839345  0.43712156927736751
  0.44666401891510266  0.45614472200802647  0.46596957196562067  0.47491227273970604
  0.48404423342443587  0.49333459456429374  0.50298662337777056  0.51280379769865070
  0.52195628341319877  0.53097590269432360  0.54005400962669359  0.54936593957345714
  0.55850334003608226  0.56695541338152089  0.57533660885617566  0.58414425846109408
  0.59358241488067232  0.60326473016551962  0.61285493484396258  0.62229640141165643
  0.63144809169328620  0.64059564888638842  0.65020191040808417  0.66068326470749728
  0.67120637057312882  0.68090365502231653  0.69020335769057828  0.69950057455853132
  0.70889385897638435  0.71833713326025972  0.72795047483052322  0.73823610529449935
  0.74862971753727281  0.75889038856210445  0.76906273878693043  0.77875737628340769
  0.78796938713171605  0.79724882327815194  0.80706304132245388  0.81720805959522380
  0.82782644354825308  0.83924920038814088  0.85143616363173746  0.86384247117055402
  0.87631682619267814  0.88869759082272437  0.90062229401491800  0.91204460708675872
  0.92330812775035542  0.93456714314231071  0.94599915979541782  0.95737599245170268
  0.96860567923200047  0.97952870942692849  0.98998102263060095  1.00000000000000000
  0.01420602344289958  0.19754957416975366  0.31141453033906596  0.39582743186530722
  0.45902479865088325  0.51197547557619649  0.55438857110184925  0.59046951941712145
  0.62193367404988154  0.64960617298731527  0.67438315523802028  0.69680470768796643
  0.71665577439944994  0.73429662881685343  0.75037934374198378  0.76520341683557436
  0.77884078397890788  0.79162073876314798  0.80314599683534615  0.81386890853481109
  0.82367521414107292  0.83291531237156557  0.84153599481943586  0.84968269183380862
  0.85734095705794644  0.86462868985098240  0.87160308661406294  0.87798612735836323
  0.88386176624637924  0.88940932180314491  0.89472225588165555  0.89973210472038823
  0.90438327424139631  0.90876593866718436  0.91298266385115479  0.91688264147643495
  0.92042832101898653  0.92379145451268485  0.92702312748017779  0.93016912987116906
  0.93328085077057055  0.93626340841916500  0.93898173407593977  0.94150453342415097
  0.94392070634217629  0.94636873318381731  0.94872379234320525  0.95098057104362743
  0.95314851548957369  0.95527129582433568  0.95723980647995133  0.95906471446446062
  0.96079899208444342  0.96245740532798152  0.96407259933174971  0.96561732159527924
  0.96710370881453478  0.96856216624278013  0.96999269254196063  0.97139000515741358
  0.97274046567195460  0.97401734622149383  0.97525391982943765  0.97647901864487552
  0.97768282572385079  0.97882986545920880  0.97990954108058947  0.98093833651006124
  0.98193177066049242  0.98288358053155889  0.98381883268701309  0.98473552961057620
  0.98560816999943524  0.98641724062934322  0.98716094458257486  0.98792159362048293
  0.98863591253533523  0.98932650429356173  0.99000636572790801  0.99064888815555674
  0.99121487815768183  0.99178265145654554  0.99234828520391949  0.99290472900881177
  0.99345290475559411  0.99399090558749836  0.99451408368911820  0.99502818467945875
  0.99554760354999927  0.99607014820884177  0.99659367405991828  0.99713091307416968
  0.99771802871078119  0.99837543500151382  0.99913996983320430  1.00000000000000000
 -0.02092964196489470  0.10326152635177847  0.14385655983464149  0.17043063956866972
  0.19006424801839808  0.20590452866342085  0.22039811968091796  0.23398993196901163
  0.24573702820169069  0.25631918507067847  0.26684372544383139  0.27785965871924956
  0.28926103908978540  0.29989822730377691  0.30967520808306254  0.31878577113715795
  0.32760287034162033  0.33638184119289222  0.34508689135399223  0.35342889573862857
  0.36154789061854636  0.36959592315161044  0.37767279809586496  0.38609332701086180
  0.39487111677045272  0.40300249174669373  0.41118474635541147  0.41866522133794931
  0.42571007370789310  0.43242137403949338  0.43887168775021390  0.44532067869447406
  0.45177523251893192  0.45816646720337062  0.46465100509138696  0.47071538367018873
  0.47659702827055850  0.48242476117920224  0.48823493380879684  0.49424473967681049
  0.50028755505814881  0.50632650130807888  0.51245560813155167  0.51880226895300652
  0.52498363611951637  0.53093883074883175  0.53668414198298586  0.54267060136771528
  0.54905815633376265  0.55559614924398848  0.56207573036084368  0.56828311017802191
  0.57446748815670579  0.58062853610320109  0.58677047362252710  0.59321336137929659
  0.59983742267645646  0.60645899397612002  0.61293099137812324  0.61921292639033187
  0.62532795485816084  0.63110228481252717  0.63676431999618122  0.64248382045593200
  0.64825655286299155  0.65404044187542543  0.65969347878117168  0.66536815962920115
  0.67120708610663227  0.67722399743318851  0.68340907171223531  0.68968543880318312
  0.69602283021375910  0.70241782773917616  0.70886777657568345  0.71537987978830830
  0.72215356847092038  0.72915412710398209  0.73623263762430347  0.74336261297560136
  0.75071903930900374  0.75862920009495816  0.76597000784290403  0.77360409010780118
  0.78150061229129320  0.78989973824857584  0.79949359937356768  0.80931141898818593
  0.81961632978251864  0.83067649058395288  0.84233686725334156  0.85501409053915944
  0.87002636440699332  0.88879586416479017  0.91988269450346904  1.00000000000000000
   1.1622384774595556E-009  -1.0000000000000000     
 F F F F F F F F F F F F F F F F F F F F F F F F F F F F F F F F F F F F F F F F F F F F F F F F F F F F F F F F F F F F F F F F F F F F F F F F F F F F F F F F F F F F F F F F F F F F F F F F F F F F F F F F F F F F F F F F F F F F F F F F F F F F F F F F
  <DiscreteSampler_grid>
  grouped_processes
  1 # 1 for a reference and 2 for a running grid.
  10 # Attribute 'min_bin_probing_points' of the grid.
  1 # Attribute 'grid_mode' of the grid. 1=='default',2=='initialization'
  0.0000000000000000 # Attribute 'small_contrib_threshold' of the grid.
  0.5000000000000000 # Attribute 'damping_power' of the grid.
 # binID   n_entries weight   weight_sqr   abs_weight
    10   10   4.974545969345605E+004   2.425302662255805E+010   4.974545969345605E+004
  </DiscreteSampler_grid>
