  0.00910268144280055  0.01657969991387184  0.02746716820754562  0.03867795796301526
  0.04987783167679604  0.06059902701618050  0.06977735022957118  0.07873950111246764
  0.08774815049567987  0.09751999805837443  0.10826172144602665  0.12017532402206516
  0.13029864977034022  0.14075754405682597  0.15117075590341417  0.16182035726708946
  0.17070634296023460  0.17872827309437286  0.18696140121574548  0.19662187627727926
  0.20734858045623450  0.21817833271818804  0.22928836816122625  0.24008032776389751
  0.25023813683863377  0.25989243201282647  0.26978345565458167  0.28010545903788536
  0.29043137784724160  0.30047328303672904  0.31082882689832492  0.32153629635797698
  0.33203181882627508  0.34189329965514259  0.35140607521144368  0.36102408663545604
  0.37116183028143135  0.38121234081693706  0.39142435859951741  0.40181702571567041
  0.41209095374323562  0.42237522511907877  0.43245041820096386  0.44240919963889092
  0.45255466583402520  0.46288472500041228  0.47322123084810536  0.48361801503855711
  0.49429029870722679  0.50526674483630307  0.51614108646845602  0.52680832034091851
  0.53751950712406249  0.54855206499282549  0.55987794399088442  0.57117714747865866
  0.58225478413148668  0.59285511985280626  0.60277780303285000  0.61213415863333631
  0.62103430763265244  0.62996986672962885  0.63928110194313392  0.64923042530338715
  0.65992191552132651  0.67062970058131088  0.68131929579822237  0.69240787730892661
  0.70400170791464844  0.71595215068536866  0.72788020297210365  0.73929407679911419
  0.74993066843976175  0.75996300231462099  0.77008751234061035  0.78052746248437477
  0.79063368885643637  0.80034219283336872  0.81043238654013205  0.82144486641144188
  0.83267124032931839  0.84374682097412956  0.85483335379589276  0.86601953113301910
  0.87715431604413918  0.88803539425972489  0.89896416351175357  0.90994789780662455
  0.92130197722747564  0.93248102498055863  0.94348497917366347  0.95412538212764531
  0.96504209954799758  0.97677270487879708  0.98806794142798426  1.00000000000000000
  0.00000279426088099  0.00000293852169155  0.00000305191622221  0.00000318015703119
  0.00000332680259812  0.00000348441533954  0.00000364727953825  0.00000382803525439
  0.00000401989483000  0.00000423708299250  0.00000447190886941  0.00000471290003478
  0.00000496891088840  0.00000524409003497  0.00000553364867831  0.00000584110351503
  0.00000616887707162  0.00000651978067156  0.00000687994978811  0.00000726197988795
  0.00000765040132539  0.00000805322500527  0.00000847406102323  0.00000891584253355
  0.00000941680072510  0.00000996415276500  0.00001052291607621  0.00001110921868017
  0.00001170583913932  0.00001233396449861  0.00001301594339694  0.00001373965211797
  0.00001449060080209  0.00001526455908338  0.00001605722463174  0.00001687097773582
  0.00001773026153334  0.00001865089984210  0.00001963337092246  0.00002067809707635
  0.00002176527672787  0.00002290469299012  0.00002414995695861  0.00002541746993818
  0.00002677913382869  0.00002818375604133  0.00002958287477311  0.00003099123923488
  0.00003246418447545  0.00003402422765838  0.00003559178916300  0.00003727018095531
  0.00003909389703140  0.00004107486248357  0.00004321377285827  0.00004552266073350
  0.00004795189349146  0.00005047402401590  0.00005311334148805  0.00005591303488473
  0.00005914680241471  0.00006252639272359  0.00006613298292081  0.00006995836666032
  0.00007424037713780  0.00007896537540350  0.00008406977032834  0.00008963235681155
  0.00009550736195911  0.00010131974731164  0.00010715868313866  0.00011340975221805
  0.00012009183711417  0.00012766184619329  0.00013671576820221  0.00014747541839718
  0.00015944793405501  0.00017238676413022  0.00018688278659804  0.00020405758684314
  0.00022439887344115  0.00024789205415308  0.00027415540786283  0.00030506729499874
  0.00034272216892558  0.00039160531382610  0.00045485906123767  0.00053563193565614
  0.00064020572500935  0.00079512739668657  0.00106293096595582  0.00151534855868990
  0.00254296976399474  0.00541895837319670  0.39656356277236626  1.00000000000000000
  0.00000235194314879  0.00000260741550486  0.00000284928603902  0.00000308791578407
  0.00000335028260152  0.00000363957127147  0.00000394586761795  0.00000426262645009
  0.00000460406905580  0.00000497667918219  0.00000534524588391  0.00000572945274454
  0.00000614015324115  0.00000658678714368  0.00000707314111341  0.00000756741126774
  0.00000809313958106  0.00000864229229668  0.00000920104906851  0.00000975839247680
  0.00001031835984091  0.00001090251939040  0.00001152010699198  0.00001216607494156
  0.00001285190477279  0.00001358252148497  0.00001433021043337  0.00001510888789299
  0.00001590430822507  0.00001673021592246  0.00001758558318262  0.00001843910945148
  0.00001935480448296  0.00002032605944397  0.00002133477882545  0.00002235088318475
  0.00002350042417021  0.00002467087045802  0.00002589346189356  0.00002715744050934
  0.00002842773077125  0.00002971112821583  0.00003103429813039  0.00003239463611316
  0.00003384414217946  0.00003539979285282  0.00003706484094116  0.00003884693890747
  0.00004071505534219  0.00004266053316533  0.00004470151782687  0.00004686195811111
  0.00004919896130528  0.00005171181795703  0.00005408604402888  0.00005651826544704
  0.00005900900316014  0.00006154907671592  0.00006417326156960  0.00006710532940063
  0.00007036987826775  0.00007407938546628  0.00007821674777695  0.00008268252936279
  0.00008752140038673  0.00009280639084472  0.00009830937314395  0.00010431717382557
  0.00011081778854180  0.00011764420535803  0.00012499100314238  0.00013294570960629
  0.00014154569565614  0.00015083625327410  0.00016016556972486  0.00017072009510396
  0.00018212683482618  0.00019549642682210  0.00020834590168558  0.00022252060158170
  0.00023939343097545  0.00026020755201127  0.00028722436932052  0.00031995163970961
  0.00036026055943417  0.00040804452369811  0.00046453831192144  0.00054668644896928
  0.00065217300898686  0.00080517901773075  0.00104649683794313  0.00145514017907409
  0.00228456155971236  0.00534442614356023  0.10464927116566024  1.00000000000000000
 -0.00182193948724027  0.00775568151790281  0.01687801069871219  0.02652250247828644
  0.03705218255068755  0.04723957699642019  0.05812964751127980  0.06951797084028083
  0.08113981660091291  0.09180145223274846  0.10144465890066262  0.11147709989270230
  0.12172619097190242  0.13200156005735775  0.14229685945363413  0.15284382299879148
  0.16413831507997592  0.17550929641611479  0.18700803110772141  0.19771696340941675
  0.20801828615443968  0.21740293311320349  0.22678958004034944  0.23635559060422168
  0.24617636346637450  0.25644766573325689  0.26663318561416705  0.27697484680153400
  0.28722091845231457  0.29753203811793544  0.30777801754510775  0.31803909282988874
  0.32858740637933764  0.33931913251607010  0.35031084265986528  0.36103423426933545
  0.37162474055945016  0.38201603532714506  0.39242180072968230  0.40317140580109745
  0.41411479396857792  0.42515438313504850  0.43680633696846061  0.44927853913447241
  0.46196701196685014  0.47432323212863281  0.48581461509900337  0.49649251380062004
  0.50657201414078479  0.51581050903286596  0.52501192732505186  0.53441083242464316
  0.54432930540620561  0.55511113380512711  0.56533808372280414  0.57464790778168384
  0.58413734234282899  0.59374405991205093  0.60402997668115332  0.61482723221196567
  0.62623589022416060  0.63772879885776779  0.64854943947699173  0.65919580473502726
  0.66975355709795381  0.68021426118992823  0.69072052122480909  0.70097515390994347
  0.71043383480622690  0.71924566590438088  0.72824597341385378  0.73836062908521516
  0.74922382914309227  0.75998020030015834  0.77047371952523847  0.78111240013774663
  0.79126778424886712  0.80123227911312489  0.81144379830721614  0.82237473939091599
  0.83385698466705116  0.84523829823188068  0.85628289190486595  0.86748056682380958
  0.87857098552990820  0.88935010087979194  0.89999334607853865  0.91051345798569794
  0.92106327920366238  0.93155383889585008  0.94249719524050724  0.95380310764954990
  0.96508534034229632  0.97644219600139026  0.98791468291321094  1.00000000000000000
 -0.00248104253130952  0.00948809279042670  0.02043038385185122  0.03224084327498335
  0.04459725249810087  0.05573360418232038  0.06657439323565348  0.07715712393290781
  0.08791325551124202  0.09878913149498561  0.10987625173803320  0.12089505326021556
  0.13110373780729920  0.14088763624674489  0.15126606988105262  0.16202898883397276
  0.17272180285203090  0.18283576869867940  0.19274951488933950  0.20235047151477695
  0.21172653107461475  0.22124723728542628  0.23141883036949376  0.24214139293327760
  0.25306242759398384  0.26420529849339125  0.27557459737404039  0.28672189050929325
  0.29704003040712090  0.30672024418930582  0.31627487937888255  0.32588624300975066
  0.33568288030537435  0.34541832421313834  0.35557641892461300  0.36634949821396717
  0.37751053899193326  0.38816841121438067  0.39732065445457299  0.40653690060083353
  0.41570737214092052  0.42529482452186201  0.43639449734353714  0.44778311428104928
  0.45934523936918237  0.47069114689814340  0.48178357196579524  0.49269026100993835
  0.50342628296753722  0.51452150537580921  0.52546092856535931  0.53741232494174396
  0.54951116905343389  0.56187243691582944  0.57246740751076208  0.58237284747412188
  0.59264786022868787  0.60279204673616904  0.61259507137170055  0.62195975494361722
  0.63223224238344100  0.64270526955333340  0.65273608143702988  0.66291420269686474
  0.67358283325236656  0.68372026883286363  0.69290074443999572  0.70190642390190161
  0.71152444606107368  0.72172885007081322  0.73218922975208101  0.74285847107609937
  0.75338134950186686  0.76371492419867448  0.77422031445554507  0.78417690049992317
  0.79336416226264506  0.80222606513053574  0.81195619363726268  0.82297469024271985
  0.83426501461951508  0.84502248855363971  0.85554785640652009  0.86606328958781820
  0.87704013449210849  0.88823472871016607  0.89980033096664391  0.91191692844277483
  0.92428652566332870  0.93673089494726447  0.94812211282033909  0.95849357871278873
  0.96816785291636553  0.97803442254295048  0.98821347834954087  1.00000000000000000
 -0.00236014068101757  0.00903679478101022  0.01994967307179626  0.03184005715272351
  0.04247684058340506  0.05257948402919233  0.06245580258572276  0.07227825477907571
  0.08350535182982474  0.09370110233405804  0.10420823705991454  0.11493202217231582
  0.12650916066954709  0.13724104067920198  0.14818745859335111  0.15919905826365438
  0.16914113184559315  0.17873701937789399  0.18831921111841574  0.19922351093072174
  0.21048221693395922  0.22185890657815630  0.23294548842708296  0.24418126786163394
  0.25574983518869221  0.26749890680525640  0.27928282948657918  0.29034845841480650
  0.30080637372972874  0.31107753155750478  0.32076987330796103  0.33067034233435494
  0.34055064260708900  0.35105338104749728  0.36135745946188996  0.37103333084594725
  0.38102686286650839  0.39163524225432400  0.40252741509371387  0.41331016441717078
  0.42375372954621027  0.43366770458764869  0.44402666287318227  0.45442854950567307
  0.46535988312748600  0.47645287104726741  0.48781590666264713  0.49953223035256450
  0.51091533645352305  0.52191251766030866  0.53281050596206725  0.54392735702532513
  0.55502305156575005  0.56596828684809841  0.57657036713243215  0.58700220502826306
  0.59718830691106528  0.60723095792596737  0.61729702843859524  0.62737199557123113
  0.63730145537994487  0.64723467738588591  0.65754214971923852  0.66807520677665655
  0.67859169155485111  0.68877891590824769  0.69863022101037497  0.70934784117810967
  0.72083856833432325  0.73241933211393617  0.74281295146052062  0.75304732150052422
  0.76398504127912847  0.77462410992809883  0.78423261392866839  0.79351511996318624
  0.80260919889709381  0.81255907625019896  0.82296195595977861  0.83386578636316200
  0.84423571440377632  0.85440544311756328  0.86500695318949872  0.87572731842814933
  0.88665394047656032  0.89807832022244516  0.90977105183043250  0.92096752332065335
  0.93166731949570669  0.94201281153762484  0.95245446171145487  0.96189800049502894
  0.97114505242496540  0.98047071266055930  0.98886197989996649  1.00000000000000000
  0.00002399178218767  0.00016666543993814  0.00046365934659940  0.00087067723037784
  0.00138107080854866  0.00180209425729477  0.00218217668319763  0.00258767567841966
  0.00301302399990317  0.00345435786031185  0.00390649143556011  0.00436267934735957
  0.00482419825344710  0.00529697985336919  0.00577262189283930  0.00625171537280354
  0.00673566721223563  0.00722077472119248  0.00770784357824098  0.00819128015017713
  0.00868295850387014  0.00919153798486690  0.00971660323006298  0.01025312494006659
  0.01080151280650710  0.01136829862972870  0.01196608771584141  0.01259180335998252
  0.01323067729193047  0.01390541005452727  0.01457148032189465  0.01522284622605468
  0.01587197737324491  0.01651989017271343  0.01715987592326865  0.01779602813452312
  0.01844554143950057  0.01911616083149606  0.01980081710455648  0.02049965562822392
  0.02119826029042553  0.02190200169144752  0.02263915448915717  0.02339402923439426
  0.02415321855107321  0.02490385115341612  0.02567701094979355  0.02642120816628636
  0.02715427659012374  0.02788586673618567  0.02862731318048353  0.02938930064238724
  0.03023347010972433  0.03121386368209847  0.03231888638865297  0.03342045063070513
  0.03445465580470764  0.03546388138646294  0.03651377782455098  0.03761161926401650
  0.03874158514954940  0.03983617319846491  0.04096288298814076  0.04205955088716799
  0.04323685734563905  0.04441428533025584  0.04568428558602750  0.04718522763131511
  0.04879097506684762  0.05032885665412955  0.05176071734022752  0.05321431259176352
  0.05484383797948851  0.05659190045510817  0.05804132796019450  0.05936498513532822
  0.06080705517426164  0.06255860429611110  0.06439368401516314  0.06632153948314742
  0.06843135569271779  0.07120003113155821  0.07403417296083722  0.07606821164537059
  0.07822558372192691  0.08053555264775208  0.08469656902948569  0.09042806542393765
  0.09657254923799151  0.10386220087618360  0.11418217379483937  0.12604676816486576
  0.13725118741092959  0.18981376796427404  0.22664441905723573  1.00000000000000000
 -0.00298525172273489  0.01201637556115714  0.02450295199033654  0.03676919730591325
  0.04871316286836831  0.05977100714279834  0.07066046217337117  0.08140873344317157
  0.09253155790431720  0.10367569673436974  0.11457905402897629  0.12535844414666428
  0.13690717379928674  0.14916673488348753  0.16154332677399738  0.17336063192559298
  0.18467990798376782  0.19570574327678641  0.20672099979637468  0.21798267812824612
  0.22929136699397290  0.24037872786979333  0.25067633511055748  0.26036539280110887
  0.27017838818769940  0.28105243857168616  0.29210420853885632  0.30265343570629749
  0.31286143010051570  0.32325344000910555  0.33367298254186339  0.34358698005414429
  0.35328440810014172  0.36314124536775344  0.37353154880832595  0.38435825370963805
  0.39546734061019978  0.40563029744291668  0.41527248033921971  0.42450304415197088
  0.43330811146923726  0.44251776133929954  0.45164200291542306  0.46085109406476760
  0.47038468266045730  0.48019404983798858  0.48911883213535695  0.49703286866096408
  0.50540416448585046  0.51366867157008977  0.52219595584145106  0.53194376181249758
  0.54136439188538510  0.55111323294435177  0.56083544843933963  0.57057315739195924
  0.57940042109156809  0.58853197256596823  0.59730694993060784  0.60728407085418312
  0.61748016856340970  0.62785633486461534  0.63793393353968642  0.64763713477010321
  0.65762889910301836  0.66783206817559937  0.67826391639089556  0.68868563084322998
  0.69879684961006927  0.70892522543516223  0.71932251926749546  0.72958734698851047
  0.73868004389265685  0.74750200306468007  0.75647205422474151  0.76720337573759445
  0.77842308604281274  0.78928970155975231  0.80062999424937165  0.81232440882143664
  0.82465955411194902  0.83690320898937598  0.84884599352309253  0.86009431344144560
  0.87145169464192440  0.88363641943479376  0.89541811948353034  0.90605705113052137
  0.91723471049730332  0.92978155891835745  0.94303207280592072  0.95495838642871755
  0.96630658368931088  0.97747503624211163  0.98829846326912607  1.00000000000000000
  0.01798021529048403  0.21717976994847216  0.32526781573635016  0.40732573072362710
  0.46874165758602904  0.51975660286283543  0.56123266021480112  0.59702240670049966
  0.62879693954116711  0.65548789521997242  0.67898914920275810  0.69978445140657897
  0.71870824113229481  0.73594159819512883  0.75186972825674581  0.76664933921880163
  0.78038336221862870  0.79320618313995805  0.80486246528909333  0.81552857912887555
  0.82536828106075666  0.83471937544702435  0.84341965148781040  0.85157862263683648
  0.85919416193901532  0.86635673667206547  0.87314750951330133  0.87929039754429950
  0.88503917506763563  0.89050226320506820  0.89550767957107480  0.90024094053508397
  0.90471412327690581  0.90911447681553781  0.91330661119631840  0.91713986964999639
  0.92071944036646369  0.92415025082215452  0.92744073001038074  0.93062836217888423
  0.93371635958040156  0.93670621668692233  0.93947439668485133  0.94198153524704464
  0.94444976581521967  0.94677194946050358  0.94906346109026229  0.95135902253298976
  0.95358910141521291  0.95567935135800353  0.95762931265971352  0.95943307119485710
  0.96108242557318502  0.96265988983225792  0.96422695872545139  0.96578440479532845
  0.96733332090750068  0.96879870460368955  0.97018106262432824  0.97148940868370892
  0.97272403488562686  0.97394551909332117  0.97515825442820125  0.97633855158074889
  0.97748831064227204  0.97861682685922635  0.97973335127079042  0.98085438137106840
  0.98194696420024696  0.98296721783896857  0.98392996845382152  0.98483847106356559
  0.98568226993953156  0.98645795608019737  0.98720856889406328  0.98795118690002692
  0.98864159159601595  0.98931454421174780  0.98998348934412483  0.99063948680050051
  0.99126554998703753  0.99187609859585824  0.99248389992130392  0.99306120591854485
  0.99362044106609559  0.99417318050451320  0.99471299885721154  0.99523486135510608
  0.99574378902263128  0.99623945115981394  0.99671376117926447  0.99721313943568413
  0.99774655217015307  0.99833795966200700  0.99907275977515952  1.00000000000000000
 -0.02166089118356252  0.10612677332425478  0.14703036739773634  0.17212260696926052
  0.19290054931092904  0.21104529151168480  0.22546952012379459  0.23828935143555452
  0.25014192922887157  0.26243318147441935  0.27367643067033298  0.28483273437748918
  0.29559517641735927  0.30597363258855176  0.31528599522646100  0.32366324791484818
  0.33129001478938475  0.33901559171643370  0.34630045339153498  0.35413617324409213
  0.36138445100698563  0.36870027590604459  0.37577851366578019  0.38292951706562156
  0.39020281859291728  0.39749420223195203  0.40480216541383846  0.41222169066249242
  0.41949808355644919  0.42687713198336741  0.43396017913648360  0.44068957675129011
  0.44722217729668923  0.45353137726100112  0.45994090578128105  0.46665724089696575
  0.47344585315622045  0.48000494918482650  0.48611868199276131  0.49198039530128873
  0.49791724781690450  0.50398100230749587  0.51024886880379505  0.51633077584377962
  0.52200788219548022  0.52753831698141096  0.53301189448071074  0.53870313595126029
  0.54503814849931520  0.55186585909165287  0.55861627271723124  0.56508620722342318
  0.57122452642405597  0.57748827707717498  0.58363301778582821  0.58992946316594430
  0.59603102180368950  0.60226255455309441  0.60866214848466371  0.61518023092088547
  0.62185578003328290  0.62854505132037519  0.63506050893475541  0.64135025016472913
  0.64741792750199967  0.65333206118452503  0.65933370004709280  0.66561730002656117
  0.67184989199248157  0.67784611645739334  0.68390223336349776  0.68990459064435294
  0.69624975481458851  0.70264284795118481  0.70882448148938271  0.71506933261667605
  0.72130734191913082  0.72777992443394757  0.73478340330599257  0.74225403164428172
  0.74996387147033361  0.75765903315072702  0.76518228839607516  0.77302745744935153
  0.78154113516937540  0.79073038640064608  0.79978869579044198  0.80859229884078632
  0.81815394791603158  0.82919295051343844  0.84171451250947293  0.85562416389049800
  0.87158810104296247  0.89042876949655814  0.92077676950059950  1.00000000000000000
   1.1859424344567338E-009  -1.0000000000000000     
 F F F F F F F F F F F F F F F F F F F F F F F F F F F F F F F F F F F F F F F F F F F F F F F F F F F F F F F F F F F F F F F F F F F F F F F F F F F F F F F F F F F F F F F F F F F F F F F F F F F F F F F F F F F F F F F F F F F F F F F F F F F F F F F F
  <DiscreteSampler_grid>
  grouped_processes
  1 # 1 for a reference and 2 for a running grid.
  10 # Attribute 'min_bin_probing_points' of the grid.
  1 # Attribute 'grid_mode' of the grid. 1=='default',2=='initialization'
  0.0000000000000000 # Attribute 'small_contrib_threshold' of the grid.
  0.5000000000000000 # Attribute 'damping_power' of the grid.
 # binID   n_entries weight   weight_sqr   abs_weight
    10   10   1.129275885338699E+003   5.279734247266492E+006   1.129275885338699E+003
  </DiscreteSampler_grid>
