  0.00898689338669325  0.01746335767369481  0.02679680287787345  0.03630099853696353
  0.04551374912780750  0.05619925668685807  0.06703451626883050  0.07727355878325315
  0.08686428817855142  0.09746120400724001  0.10807225338248488  0.11891346346656731
  0.12929835168983461  0.13924525953960468  0.14868179343979987  0.15798902376804666
  0.16771023329507026  0.17796545367603581  0.18853693336061339  0.19954805736455550
  0.21081440118786698  0.22219405395485570  0.23322440054303212  0.24364912106417402
  0.25402966005770661  0.26467663214718357  0.27570884461155448  0.28653812563074132
  0.29726044547726227  0.30745940470466687  0.31762022420531755  0.32763488619925035
  0.33766651328036101  0.34796295126402182  0.35828368651245923  0.36847782433105120
  0.37874123343729849  0.38880364960455821  0.39926058095066841  0.41032727023992716
  0.42124838236567969  0.43143197257142768  0.44156458828166295  0.45142902762336279
  0.46075079089538579  0.47024228603091617  0.48014204521774029  0.49134727112772936
  0.50184135864758872  0.51238320018878381  0.52317694428436912  0.53392129342836392
  0.54425857993381166  0.55417882159184495  0.56437876052483060  0.57451418987426683
  0.58440276480933251  0.59440829631921810  0.60463668273705118  0.61564854079872677
  0.62738282243328647  0.63911360132863038  0.65062321804561507  0.66180764654334212
  0.67272656485624960  0.68336721492152619  0.69370151063374130  0.70398326365367148
  0.71393560810604795  0.72386979606784840  0.73369335708703931  0.74323659529752450
  0.75277331932171865  0.76273852636575934  0.77339442746494447  0.78427050695870482
  0.79491989832340659  0.80539918422146639  0.81575021891546395  0.82635253724808733
  0.83727653465662710  0.84833467588186906  0.85901457850680507  0.86883994404298936
  0.87918833606200431  0.88992971668682275  0.90079200161858286  0.91100827567105713
  0.92125176648825557  0.93154474893395023  0.94183868618029754  0.95185033178546263
  0.96214918965522345  0.97245318807588332  0.98329910082712579  1.00000000000000000
  0.00000272736046929  0.00000281454235609  0.00000288123101810  0.00000295142832911
  0.00000301940914436  0.00000309125320425  0.00000316746694419  0.00000325283342259
  0.00000336822788826  0.00000349577131722  0.00000361832969943  0.00000376981976393
  0.00000395884654980  0.00000416430910494  0.00000437941333206  0.00000460745081857
  0.00000485434794418  0.00000512407068902  0.00000541629436995  0.00000572571385417
  0.00000604927334222  0.00000639067023137  0.00000675963225424  0.00000717377693035
  0.00000761040083165  0.00000806607714639  0.00000853137635885  0.00000903503198783
  0.00000957444091561  0.00001015082271946  0.00001076129048283  0.00001139881247611
  0.00001205380278335  0.00001272677446256  0.00001346809810392  0.00001426192990414
  0.00001507765713761  0.00001593702339500  0.00001684489178977  0.00001779252957768
  0.00001875265149868  0.00001967306436024  0.00002062073028403  0.00002162647010864
  0.00002269433889905  0.00002386870486168  0.00002512981239429  0.00002646168328472
  0.00002788760106154  0.00002940934424978  0.00003102731109503  0.00003262180089241
  0.00003429874991926  0.00003606294665693  0.00003791717814393  0.00003987628788280
  0.00004200303441777  0.00004441827063475  0.00004676297508548  0.00004930514393058
  0.00005193209095897  0.00005468634592621  0.00005764120299296  0.00006083801889692
  0.00006427513754331  0.00006795679754627  0.00007198057544701  0.00007623287186965
  0.00008088708699512  0.00008603552617121  0.00009156176324294  0.00009764140260325
  0.00010440945168181  0.00011172220749855  0.00011976626616103  0.00012878868128678
  0.00013903730874880  0.00015069589083149  0.00016359787999819  0.00017800558122417
  0.00019425070513495  0.00021282026721486  0.00023505349071583  0.00026260603557368
  0.00029867512506712  0.00034551667602122  0.00040512754897406  0.00048124470017095
  0.00057641942442988  0.00070022218655174  0.00086686402461580  0.00111065664590620
  0.00165000814390274  0.00325144039578826  0.01625774397714370  1.00000000000000000
  0.00000236817123762  0.00000260494706957  0.00000284836438154  0.00000311295735095
  0.00000343585489453  0.00000376422432208  0.00000407673449557  0.00000438365416042
  0.00000470838740745  0.00000502272063194  0.00000535088368470  0.00000569131854635
  0.00000606240259441  0.00000648441252431  0.00000690744001491  0.00000733345441510
  0.00000778196421029  0.00000827631343403  0.00000880742945910  0.00000935680085594
  0.00000992015565466  0.00001050956714598  0.00001115422929246  0.00001180197781985
  0.00001245594684131  0.00001313564159992  0.00001382308934456  0.00001452655351635
  0.00001527308565410  0.00001607429709124  0.00001692152810576  0.00001781109312157
  0.00001872219641782  0.00001965972358250  0.00002062139205464  0.00002159225534890
  0.00002256959220425  0.00002356478128650  0.00002459132235406  0.00002564639422337
  0.00002673514290975  0.00002791612819560  0.00002920005625449  0.00003050012545423
  0.00003192219844518  0.00003346199387485  0.00003504116684537  0.00003667861003743
  0.00003840969880388  0.00004023330549817  0.00004211421306302  0.00004416339443006
  0.00004631598626676  0.00004862535513149  0.00005096280744777  0.00005336015037690
  0.00005585494509004  0.00005850283399648  0.00006135611280509  0.00006446120710620
  0.00006792946104312  0.00007169228833022  0.00007551760737070  0.00007968422087035
  0.00008401164006103  0.00008847048776923  0.00009323383561852  0.00009833911893154
  0.00010371366272799  0.00010950334624706  0.00011607004199672  0.00012356951412226
  0.00013185851466155  0.00014040165674988  0.00014913010095222  0.00015871331535803
  0.00016960516539581  0.00018225093236745  0.00019645901534728  0.00021284242240613
  0.00023297913092537  0.00025629347356058  0.00028246213549577  0.00031297088883994
  0.00034815004661143  0.00039031455839542  0.00044639968772988  0.00052726299011638
  0.00064179420257957  0.00080371335216823  0.00103280483223641  0.00152145450662997
  0.00262912003438244  0.00835378911345752  0.08764428248349435  1.00000000000000000
 -0.00260346485076622  0.00981910748569765  0.02119065574280048  0.03226013443170397
  0.04305748448057919  0.05397402848082049  0.06538203842226567  0.07675041494184007
  0.08809055773054848  0.09810187111487836  0.10750584829969760  0.11700567926635469
  0.12711474744922738  0.13832448528360186  0.14954681226260477  0.16068316640165931
  0.17148943395347810  0.18233670461777685  0.19322377637272817  0.20452442743415641
  0.21608936546674065  0.22732368961827804  0.23775859562443147  0.24810012057888134
  0.25885199284858307  0.27019625023048299  0.28143487406060336  0.29231031701168547
  0.30303961357599457  0.31396865131353768  0.32495050126374553  0.33558422752036016
  0.34614663521029515  0.35669137532492545  0.36757092633207933  0.37867739797421840
  0.38930291025510755  0.39913698023776256  0.40815809102977529  0.41736833211272700
  0.42713538828644537  0.43717389484536628  0.44782178790741389  0.45782606416392579
  0.46838123480940447  0.47920753812689831  0.49062258443125351  0.50182535821031715
  0.51319106419355787  0.52404908714443377  0.53456821885646777  0.54546572496178913
  0.55640276618898310  0.56905195132087694  0.58012914376704772  0.59063592219644045
  0.60072576721524062  0.61134005796164204  0.62096721616488648  0.63031444107766410
  0.64014121488124442  0.65047621519563370  0.66130309920870534  0.67198513077320032
  0.68273521318485964  0.69312229357434407  0.70336307871365145  0.71370169812820605
  0.72448907983477617  0.73536104099129462  0.74600404299896139  0.75635387833196244
  0.76644455852797699  0.77648549310862391  0.78654904538140646  0.79653083726583973
  0.80581296235411870  0.81483856166333546  0.82483521697228668  0.83473711798444938
  0.84499234852116667  0.85483474026347595  0.86509510813835444  0.87549823991758358
  0.88595365683368721  0.89608192685172394  0.90664738953358259  0.91726112364393997
  0.92799550218877280  0.93890425007095868  0.94952496774113948  0.96096262839924096
  0.97105670618434536  0.98075367192726481  0.99016018665959959  1.00000000000000000
 -0.00257780805003472  0.00976573730668110  0.02079223570640624  0.03110111878564070
  0.04156789262850222  0.05168440151472661  0.06283758796607505  0.07343419828985223
  0.08366330062840500  0.09403180136377931  0.10451593939190829  0.11597307167446644
  0.12752789662611150  0.13882455171075178  0.14991160709363552  0.16111410011053170
  0.17243257945334059  0.18374058977667818  0.19478118686674983  0.20494949479253965
  0.21488930945134249  0.22494558352449182  0.23572070594443026  0.24682204016635281
  0.25830695303876350  0.26972924225752465  0.28116845254882589  0.29244391852056983
  0.30341825156045832  0.31398915685802115  0.32465310236066247  0.33551963235726817
  0.34615543806025190  0.35668166573354326  0.36700563532877595  0.37731980999192516
  0.38754169867577049  0.39768267632624316  0.40776143006390597  0.41750269714980637
  0.42714223587408445  0.43716319049160685  0.44749969023954095  0.45808105743764316
  0.46865714736822184  0.47926306240788763  0.49000371362672346  0.50086041283710070
  0.51218122856162518  0.52350758742038983  0.53481759290063224  0.54568077778789192
  0.55610945200785999  0.56600854953952862  0.57534371373009363  0.58462607220639196
  0.59429582159655514  0.60428970112670743  0.61425830010431048  0.62387783110360662
  0.63284897804287255  0.64178070213334115  0.65070714628626869  0.66151503737533723
  0.67355567095189062  0.68544794701599743  0.69699523636850635  0.70831185256423301
  0.71914225523391362  0.73061044793186969  0.74232694122075094  0.75390804302180903
  0.76487628866237023  0.77556279256844152  0.78618318678481769  0.79616244002943481
  0.80565802933325470  0.81489945278960751  0.82534716973172917  0.83549985318319275
  0.84522483370952395  0.85489564715131716  0.86541192642188658  0.87597237808813477
  0.88600210898680476  0.89573598752703465  0.90576356893219812  0.91593100839952080
  0.92627856751919047  0.93630586300235774  0.94673778894673100  0.95731279664789815
  0.96774015981427497  0.97808063747674545  0.98878151966443650  1.00000000000000000
 -0.00284918994160278  0.01067304753347309  0.02211122271121085  0.03281397028947759
  0.04336246554642539  0.05377820658280578  0.06420518991324971  0.07467344279721157
  0.08294179497260348  0.09245513969240936  0.10169857766922334  0.11251517930234482
  0.12305230684354777  0.13367980405620153  0.14467426798171937  0.15505147824327303
  0.16589533143092980  0.17623180170469205  0.18611101212758149  0.19585490414493401
  0.20536655135923435  0.21501506905525411  0.22480214230492501  0.23461639299905188
  0.24500275272783459  0.25555000183022725  0.26706619462637915  0.27878284255472852
  0.28945884277858952  0.29952755123770608  0.30933421280093409  0.31882460310705940
  0.32820142525146706  0.33745920947782149  0.34708530810196470  0.35722114011707540
  0.36757923582504903  0.37840793887456697  0.38988900681207200  0.40224474289988538
  0.41420032505532850  0.42585993394563859  0.43673898312212672  0.44761524614900483
  0.45795323336816601  0.46814532548233423  0.47826088297756131  0.48882606382995908
  0.49973794466033433  0.51064296755414207  0.52118064446813483  0.53155549787776213
  0.54173032952186606  0.55174724579724610  0.56183894494486053  0.57241242245911172
  0.58298248267063346  0.59258939810707656  0.60181520209666939  0.61146237380515123
  0.62194243795476412  0.63319500390946670  0.64450342327292609  0.65574250926844546
  0.66702002173933406  0.67892167154447269  0.69060890235642147  0.70189998270970078
  0.71258584423948701  0.72298514209478382  0.73382135548222838  0.74485273243343486
  0.75587547043960690  0.76629756964741580  0.77552369854132963  0.78462088605668778
  0.79412783243063101  0.80436141013772866  0.81484908996032579  0.82525721580644418
  0.83593288179064840  0.84676057759816581  0.85789430790351673  0.86927646338122522
  0.88031450922442911  0.89148969177848936  0.90232985620059902  0.91295968155286533
  0.92340094180133625  0.93404830690628882  0.94454968450230492  0.95537617680701437
  0.96647166299215814  0.97784499521102519  0.98905773024869803  1.00000000000000000
  0.00002498754953780  0.00016862270332532  0.00047032509275586  0.00087874796735305
  0.00134929715128534  0.00174732695022844  0.00212077608746072  0.00252052719693450
  0.00293345240589196  0.00335333047532852  0.00377857204549947  0.00420721628675039
  0.00463247962209259  0.00506514327553911  0.00550573431703751  0.00595829006951928
  0.00642543830144364  0.00689787400092143  0.00739404198170879  0.00789584312609174
  0.00840329599417650  0.00891512171866744  0.00942866777481897  0.00994550703882403
  0.01048492018940037  0.01102939497616465  0.01157633919676979  0.01213251387995681
  0.01268338601408190  0.01323107673599703  0.01378047973833310  0.01432853624766325
  0.01488036217970282  0.01544520894406261  0.01602250422092203  0.01660876972537803
  0.01719053129792481  0.01777071784973291  0.01836321114177818  0.01897994543884396
  0.01962384421691417  0.02030112361912432  0.02101406151492251  0.02175678679465839
  0.02252656081929190  0.02332243900322400  0.02414674870740986  0.02498574190661898
  0.02576470615378032  0.02655545954933785  0.02724824943588494  0.02797516913867052
  0.02871257734442056  0.02940454817542160  0.03014193866580726  0.03099797768936471
  0.03195667322985369  0.03289822205685979  0.03379650131003632  0.03471220327787804
  0.03568474756072349  0.03675358107740687  0.03791399487962218  0.03916873310416814
  0.04023693102566284  0.04127286764970909  0.04247118973442122  0.04377421564772545
  0.04519419283046813  0.04669256739429928  0.04814790285896087  0.04968986637771759
  0.05142514261268420  0.05327792052615612  0.05510579219485504  0.05694832049174609
  0.05853310583961438  0.06002761112070413  0.06166637225747913  0.06376968230612010
  0.06630161777483781  0.06885829549457899  0.07172601717142649  0.07532770757548983
  0.07891429887558490  0.08227660979825710  0.08681121661520902  0.09308035684634423
  0.10014548060720667  0.10690185586584834  0.11707107251937408  0.13653136326497176
  0.15355184675244812  0.17531700702872663  0.85155207866511851  1.00000000000000000
 -0.00288147293435927  0.01133195705966502  0.02251163412231058  0.03435012690157026
  0.04682384295922078  0.06000779396492321  0.07201421084875086  0.08332653240815063
  0.09419253276510429  0.10494526903451286  0.11544865213283347  0.12724907491457774
  0.14001427167991692  0.15360152578864747  0.16604796391726490  0.17824843711365462
  0.18967035994198755  0.20029614719362615  0.21076918219291460  0.22203367523567202
  0.23375767891909111  0.24544653075457312  0.25613078886742541  0.26614676078590915
  0.27654638337734805  0.28687640231712247  0.29661809852733095  0.30604341741814001
  0.31663853029808398  0.32827934196689612  0.33945295604720827  0.34935186273531721
  0.35876281434540125  0.36836500319978815  0.37818915664067754  0.38785640116634951
  0.39710967038404482  0.40627813598760620  0.41536641854602740  0.42453936072132648
  0.43398862516350217  0.44397022691459481  0.45414867684627314  0.46396247997333384
  0.47352334883731151  0.48304818320498266  0.49228864775373327  0.50118042009411556
  0.50986250178184001  0.51876040220063291  0.52804630501441485  0.53757152134086428
  0.54721657404432145  0.55696981827954506  0.56671367081959056  0.57629676462709267
  0.58584270894658819  0.59550332225215574  0.60515716962919019  0.61461016306613059
  0.62354736965720625  0.63240257853353266  0.64169194952436148  0.65137480132483139
  0.66030660661293406  0.66944119400255020  0.67856724648683642  0.68806449401229597
  0.69777795404214060  0.70811107607367196  0.71930676245007363  0.73043882292725237
  0.74046718620720609  0.75013091283922628  0.75889772244627873  0.76823808216225953
  0.77768455511861212  0.78718454533275795  0.79756538064829419  0.80771852266105726
  0.81882719471550602  0.82961907701668680  0.84121024915234488  0.85260180203600244
  0.86449021693979855  0.87585047202011657  0.88769742863652101  0.89956483368278972
  0.91201836069693643  0.92409227763397161  0.93630685147960291  0.94946277774935095
  0.96246034216974552  0.97511694618383382  0.98728185777526345  1.00000000000000000
  0.05308237943712934  0.21912755220174915  0.32534587279147514  0.40492073939262874
  0.46581857324084380  0.51562026568168684  0.55760163853360378  0.59351029310760695
  0.62462864109025407  0.65142017930902962  0.67512842900106240  0.69654117867563126
  0.71603587744041586  0.73363874734535106  0.74967686622521612  0.76437165169204946
  0.77790994903184096  0.79043442611691406  0.80205077546335091  0.81290115571101285
  0.82297872130256144  0.83251742723690081  0.84127481454701847  0.84945025641556149
  0.85709141288136736  0.86406868628716282  0.87053431248418678  0.87657710193476535
  0.88219562911784488  0.88756208528886504  0.89279106958614107  0.89777240347788689
  0.90248497219663337  0.90685716478230960  0.91099018884273708  0.91488152426751146
  0.91857204367788947  0.92210198999706661  0.92548848794434779  0.92871839345703089
  0.93180363428136870  0.93482999888938911  0.93775853189082059  0.94032657371701434
  0.94286671986543025  0.94537660320235306  0.94780438416430113  0.95010977037254762
  0.95232673088741593  0.95447108928988889  0.95652965405123447  0.95850089505095293
  0.96034868076272029  0.96206779212388516  0.96375084079774909  0.96535634933306813
  0.96690272450554038  0.96834368152200057  0.96975417345827986  0.97115028989479757
  0.97251123562437980  0.97385192102018703  0.97514671360692173  0.97638087336479429
  0.97756618830126729  0.97872676579909568  0.97985433596132743  0.98082812058096791
  0.98177285217895716  0.98266998713764409  0.98353929142923080  0.98438356946885130
  0.98520633928537238  0.98600777933372719  0.98678146749218509  0.98753337786878037
  0.98826255785956785  0.98897462221741861  0.98968187175837519  0.99037763164685388
  0.99104049585095333  0.99168801770780790  0.99233224216240323  0.99294960961478773
  0.99353848884222173  0.99411050323488093  0.99468763973926466  0.99524459997744130
  0.99578618522087792  0.99631783993881351  0.99685254377136634  0.99738477953978566
  0.99793362520655682  0.99852095021939435  0.99919885807701547  1.00000000000000000
 -0.02196359488999052  0.10705999852426211  0.14700752238474937  0.17323975273622258
  0.19373763245739764  0.21061153175098826  0.22580877823245443  0.23934906392414632
  0.25144652806958734  0.26276064690302520  0.27362458480880336  0.28363309527233233
  0.29371349131766727  0.30320957441535590  0.31316253532625299  0.32254167631175046
  0.33205926630336413  0.34085581371552337  0.34902450403543378  0.35700009141536515
  0.36475052910816430  0.37259800391914144  0.37968079809048172  0.38637753165254080
  0.39338196027756051  0.40027351046302528  0.40751263531971604  0.41456739937033193
  0.42170112033115403  0.42846381029933289  0.43482703891828606  0.44139642634717285
  0.44805057768682999  0.45472494156037152  0.46094255808701473  0.46680650515988237
  0.47267577338699884  0.47774046514739293  0.48343761958341180  0.48923517173800490
  0.49532174664335854  0.50201325219445070  0.50830228612109896  0.51475103004138401
  0.52076446392684772  0.52616909530772848  0.53122570418908788  0.53657096903468926
  0.54180041402159196  0.54698980527191299  0.55248670501613795  0.55865520018835113
  0.56460489254283530  0.57087844325736148  0.57691934516469368  0.58281006922819745
  0.58880248907203947  0.59506797311527337  0.60154284394598001  0.60795640308526755
  0.61406965186007079  0.61999001243697027  0.62597226937359862  0.63204880069213132
  0.63808687833942790  0.64398161973433377  0.64988374635091994  0.65600554647521303
  0.66230706251803939  0.66880708665901811  0.67537647115652744  0.68202911305660974
  0.68872349830916268  0.69586837387234379  0.70328918168363430  0.71065960223661429
  0.71800514448525399  0.72539577992709270  0.73272985332760243  0.74008710006890610
  0.74755788246098653  0.75514456494741344  0.76281078815224501  0.77064934036639576
  0.77882346927886015  0.78732538715357236  0.79628601679748612  0.80586739649558425
  0.81617123040984618  0.82715704029208892  0.83900599361743866  0.85228335470886929
  0.86778045744728505  0.88756634225502296  0.91981363090991708  1.00000000000000000
   1.1569916325099073E-009  -1.0000000000000000     
 F F F F F F F F F F F F F F F F F F F F F F F F F F F F F F F F F F F F F F F F F F F F F F F F F F F F F F F F F F F F F F F F F F F F F F F F F F F F F F F F F F F F F F F F F F F F F F F F F F F F F F F F F F F F F F F F F F F F F F F F F F F F F F F F
  <DiscreteSampler_grid>
  grouped_processes
  1 # 1 for a reference and 2 for a running grid.
  10 # Attribute 'min_bin_probing_points' of the grid.
  1 # Attribute 'grid_mode' of the grid. 1=='default',2=='initialization'
  0.0000000000000000 # Attribute 'small_contrib_threshold' of the grid.
  0.5000000000000000 # Attribute 'damping_power' of the grid.
 # binID   n_entries weight   weight_sqr   abs_weight
    10   10   1.474056331797320E+004   2.086808005910077E+009   1.474056331797320E+004
  </DiscreteSampler_grid>
