  0.00929794580664854  0.01673658194484921  0.02741987673071111  0.03897825486190842
  0.04997464286352703  0.06105742953553787  0.07213533571214828  0.08287490561636116
  0.09349691487377811  0.10448975150171032  0.11613764226642932  0.12723632060033846
  0.13779252425743840  0.14864757713848822  0.15991655075000555  0.17224624972012376
  0.18407185019032060  0.19515977090618988  0.20550892030647286  0.21599958617608636
  0.22607727196482763  0.23725476908379536  0.24756333254315860  0.25828733577993174
  0.26918712536896355  0.27960140836488301  0.28944924727462062  0.29878236899400257
  0.30869765185563219  0.31916292880914510  0.32958659846565241  0.33959652445303379
  0.34949355504648733  0.35985171078974038  0.37013351981921283  0.38047093486781625
  0.39074657114232159  0.40097214095059325  0.41101636865652758  0.42029905642151910
  0.42972477004015130  0.43950254132563116  0.44974053212100823  0.46008021526185749
  0.47009869964997292  0.48013432664505012  0.49084709633708096  0.50172139809996619
  0.51290766075196570  0.52448227853742435  0.53662013490176708  0.54865619451942971
  0.55925119193172490  0.56972859838901491  0.57952594130592272  0.58957070166012793
  0.59924003729450870  0.60920925116497926  0.61892655930609408  0.62875009364342471
  0.63847864072411142  0.64844996638697183  0.65887423966536207  0.66944543990922933
  0.68006649211874959  0.69048823774585077  0.70076760171943775  0.71168250869240368
  0.72291067194184311  0.73418824169108476  0.74537070619315704  0.75651212932090861
  0.76765828750457299  0.77893583413217315  0.79013407612855957  0.80109643914936546
  0.81089682015157860  0.82057216499050101  0.82945867078484925  0.83914308802559756
  0.84895750309557871  0.85953638861121318  0.87019834813516928  0.88091352876954243
  0.89085503348258854  0.90084182627726483  0.91090453861949916  0.92209030527079716
  0.93346429750055782  0.94381629397070865  0.95375212299288592  0.96287317071016076
  0.97261614594489676  0.98327653941961957  0.99085956689497201  1.00000000000000000
  0.00000257083451535  0.00000272685987772  0.00000283050882251  0.00000293012298537
  0.00000303039021448  0.00000312604092813  0.00000323761917704  0.00000336395175470
  0.00000349988622320  0.00000364149606448  0.00000380540393242  0.00000398917045817
  0.00000418230495128  0.00000438978158995  0.00000461591053632  0.00000485246782713
  0.00000511467785786  0.00000540847689988  0.00000571943144073  0.00000604083717425
  0.00000637280753311  0.00000672365243662  0.00000710319152935  0.00000750451806183
  0.00000791599423571  0.00000834676975589  0.00000880736813976  0.00000925354089535
  0.00000973883050887  0.00001025365646039  0.00001076950938160  0.00001134160645848
  0.00001192644089686  0.00001255931975294  0.00001322819213290  0.00001392966733928
  0.00001467043832595  0.00001547232600457  0.00001629874425283  0.00001714622709987
  0.00001803529485117  0.00001893567018002  0.00001986500762217  0.00002084665977926
  0.00002192032324086  0.00002309894474626  0.00002433735585574  0.00002561968748560
  0.00002693456903087  0.00002828570739714  0.00002970970947030  0.00003124638788424
  0.00003289178356093  0.00003458671306511  0.00003641331843486  0.00003825799385331
  0.00004028762306819  0.00004256696612202  0.00004503620716925  0.00004765024505724
  0.00005039888051924  0.00005329202338635  0.00005634478103462  0.00005975136684734
  0.00006339470288597  0.00006730063699224  0.00007151962150105  0.00007590306341433
  0.00008039759023550  0.00008517137447297  0.00009029512116470  0.00009598765627877
  0.00010261956696770  0.00011019903909796  0.00011874246270993  0.00012764982033641
  0.00013749383522273  0.00014813138871850  0.00015966599428784  0.00017324571583529
  0.00018906560908168  0.00020885233396234  0.00023217216128918  0.00025870594196777
  0.00028869548514408  0.00032328071805544  0.00036703682467063  0.00042168291143102
  0.00049649047152496  0.00061038432882998  0.00077353567887304  0.00104726816195853
  0.00163789957642138  0.00363118574359140  0.18932627919184644  1.00000000000000000
  0.00000234814788592  0.00000262364212685  0.00000285627527604  0.00000311024463232
  0.00000339148773970  0.00000370337612249  0.00000403235820868  0.00000436985581638
  0.00000471239126037  0.00000506385181502  0.00000541844092869  0.00000578827327605
  0.00000618483779667  0.00000658707919871  0.00000702100911698  0.00000748305123188
  0.00000796167580419  0.00000846028330028  0.00000897394810225  0.00000950517925868
  0.00001006758223483  0.00001064959317192  0.00001124616591485  0.00001185645606892
  0.00001248133704719  0.00001312875587548  0.00001380841731807  0.00001452332401566
  0.00001526954539662  0.00001603385695583  0.00001681206547472  0.00001760606860629
  0.00001840408588314  0.00001923496529835  0.00002019046413117  0.00002116801393821
  0.00002218381753074  0.00002323028928172  0.00002432677423345  0.00002542815711708
  0.00002660243923327  0.00002787195397966  0.00002919913285115  0.00003053955963100
  0.00003188445935125  0.00003327154065559  0.00003466400404409  0.00003612258479639
  0.00003769676382231  0.00003944120266788  0.00004133443648041  0.00004330255192694
  0.00004526569634844  0.00004727987535823  0.00004948658646304  0.00005182777503083
  0.00005428387001420  0.00005688816093377  0.00005964138102277  0.00006239008079449
  0.00006539937249346  0.00006854338219712  0.00007185242563415  0.00007528953145161
  0.00007897953947511  0.00008285469238348  0.00008700306989303  0.00009148636553514
  0.00009624650154168  0.00010126351709241  0.00010664957063531  0.00011251152071555
  0.00011881296569313  0.00012573163110455  0.00013362990185876  0.00014290179444272
  0.00015366699922152  0.00016571778515171  0.00017942290635178  0.00019497122340635
  0.00021230969087750  0.00023196673974224  0.00025358430908306  0.00027744713533448
  0.00030661898035555  0.00034216352424252  0.00038383904555806  0.00043801641637425
  0.00050919233506629  0.00061533681115266  0.00076532928184256  0.00099036819460332
  0.00140800713902785  0.00302730254149103  0.10999917479040465  1.00000000000000000
 -0.00262230750674094  0.01015675798077531  0.02148475384718803  0.03278446487048775
  0.04417547617320740  0.05570646092843250  0.06698292041197626  0.07784400121340979
  0.08835503865929009  0.09843891123585076  0.10779275815372494  0.11697675868301928
  0.12603854287122629  0.13633377034877467  0.14611213196812201  0.15584398399082880
  0.16545077034526276  0.17575584839722558  0.18622429794453602  0.19662596286364609
  0.20691719802532746  0.21703868708242691  0.22689883971660163  0.23792589537353315
  0.24849392201372017  0.25899274847076875  0.26923298960646441  0.28069551021493089
  0.29192893583214591  0.30245439989973782  0.31250727710682874  0.32260835670585314
  0.33342214287502525  0.34445978427567231  0.35532998092436080  0.36547551641951581
  0.37573952962134466  0.38645635971910780  0.39756107561694537  0.40888632145563075
  0.42034175859201772  0.43173161710830343  0.44315691796642043  0.45497018302918840
  0.46733841323580638  0.47987023358045361  0.49197334222888423  0.50344902282145942
  0.51430982959805527  0.52479828706662390  0.53521464161014520  0.54553832019906956
  0.55586355024877232  0.56587033545160359  0.57560164885372633  0.58519005036410743
  0.59463805803467895  0.60405803358856280  0.61361044984420643  0.62339969634181269
  0.63361984031978702  0.64411808037268503  0.65470113833054933  0.66520116165597021
  0.67563257366270502  0.68620143067653483  0.69690277869471129  0.70769018229435843
  0.71835734214488189  0.72889738867010145  0.73902001055771671  0.74888205266971786
  0.75862618160153938  0.76876934122852980  0.77930281981060678  0.79026685064208646
  0.80162018762142329  0.81275225423414921  0.82367832712942846  0.83421940986908316
  0.84463464920236064  0.85513972440158936  0.86592540345465530  0.87718508889172231
  0.88885227764043628  0.90053701441341205  0.91182581722385969  0.92264211144636432
  0.93284355949053177  0.94250462865191298  0.95207327655287644  0.96165667160268598
  0.97153648344289067  0.98141432648250249  0.99079100061665371  1.00000000000000000
 -0.00267353243518162  0.00984610067251511  0.02053773941542910  0.03107911684273412
  0.04220565058222401  0.05315234111633777  0.06485208169402286  0.07555557135483404
  0.08593640758410548  0.09543833147183084  0.10533297063224457  0.11631440508468530
  0.12789499879685307  0.13903825733097963  0.14984368038719756  0.16040178395450222
  0.17107994109763519  0.18175726799826397  0.19237314011213125  0.20312269935834409
  0.21410137762209139  0.22534875499338924  0.23657450730641022  0.24762921089207082
  0.25793397372282834  0.26775586667253187  0.27762288321976442  0.28754638330858368
  0.29726428199998634  0.30672760045773656  0.31598445840528605  0.32642098776000078
  0.33750817470345079  0.34715503236737028  0.35647095103541804  0.36617112642158411
  0.37584811904888155  0.38525229934275051  0.39394243862276479  0.40303007458300605
  0.41262366650411908  0.42224066247771136  0.43178945628350252  0.44158541922617062
  0.45190854620337306  0.46223615579066590  0.47230180626556156  0.48251688346249860
  0.49323558244525445  0.50438162677922660  0.51568741475535385  0.52693554193287673
  0.53811238161116792  0.54963671268491687  0.56124885495735422  0.57218316978407802
  0.58314007530206580  0.59483275021535198  0.60685093219429342  0.61888869874165764
  0.63050655404051192  0.64202215248967542  0.65326558975407101  0.66412703875962265
  0.67474769283347835  0.68489262634978521  0.69527583606258514  0.70570934236034144
  0.71593232970438714  0.72586239528378926  0.73502250749909315  0.74385716354648812
  0.75304427620057646  0.76300543667444631  0.77385906881920041  0.78463564518302986
  0.79534927477349227  0.80568349231612391  0.81597862361103202  0.82614449427110448
  0.83632586656951458  0.84616910289585279  0.85585914805710317  0.86591998609495735
  0.87639563577447022  0.88738626794551767  0.89878866782448930  0.91026157120171380
  0.92177666062532104  0.93330152585947046  0.94479260886826477  0.95613442897317058
  0.96781009791788408  0.97920069495653606  0.98990677336065269  1.00000000000000000
 -0.00235296491605628  0.00943341194388879  0.01971284282751692  0.03039568207736162
  0.04121918048074813  0.05231512486484516  0.06477608804238814  0.07602603553985869
  0.08733575887851099  0.09667121812601072  0.10634753118100194  0.11602396177511448
  0.12586395189771718  0.13626713768864229  0.14620425480053595  0.15620058665670761
  0.16642917025077289  0.17704805221725506  0.18780843778411732  0.19879281796568762
  0.20944789468986330  0.21990755691441768  0.23056711133430396  0.24187479198407943
  0.25342952499015614  0.26487723317497258  0.27610041070295616  0.28699177986719060
  0.29753061554936477  0.30795363734458836  0.31852595155553975  0.32901460400914956
  0.33983788349228955  0.35076723410102251  0.36099979270701732  0.37094961767336693
  0.38111454973114234  0.39172229605292136  0.40260949700287196  0.41350608557976687
  0.42449989881016026  0.43537133836597214  0.44597986711040938  0.45632681350060850
  0.46657129509682865  0.47709406137068222  0.48833652598390725  0.49932363410439434
  0.50970218042767446  0.52010180525954730  0.53052589956009155  0.54048996563525864
  0.54960303620358586  0.55882245869730107  0.56888862407891416  0.57942093834841868
  0.58961351598996903  0.59956431154724044  0.61049723228031449  0.62226637651094374
  0.63410012927717385  0.64524739174703816  0.65527317415341868  0.66467054475308418
  0.67379253488892443  0.68239673390501709  0.69094410487767777  0.69971723071531278
  0.71003161944825910  0.72109090831822287  0.73208587292234240  0.74296660109113888
  0.75393009837602298  0.76431100668098895  0.77505574371383767  0.78593406862700754
  0.79732484829238726  0.80880733869962895  0.81994298786807962  0.83095107568962934
  0.84183470117182968  0.85262069999450518  0.86328811303594821  0.87423065878384498
  0.88587194043516337  0.89731325901534387  0.90774704681121199  0.91811506452509628
  0.92817546860335221  0.93781294991032371  0.94729332876066252  0.95719005324469753
  0.96840910534608904  0.97933453646532354  0.98980922348794587  1.00000000000000000
 -0.00001073217544070  0.00023157198421983  0.00059628244521160  0.00107310102745675
  0.00162655850744028  0.00212046053145647  0.00256374267448604  0.00303881303181755
  0.00352052068443149  0.00400589152375708  0.00449399638234044  0.00498695117260871
  0.00549481901628210  0.00601029027533561  0.00653418250425320  0.00706688910741093
  0.00760474861516250  0.00817026239244388  0.00876011839127388  0.00936196245525868
  0.00996965134896480  0.01057540534984830  0.01116499342055292  0.01176484809947071
  0.01238610134303703  0.01303208944019310  0.01369650901044170  0.01437738897909087
  0.01509633302526996  0.01585507030050943  0.01661206242557551  0.01735337648437970
  0.01808544721059282  0.01882305805302068  0.01954678606287033  0.02021534972137249
  0.02090573881039490  0.02161411268300450  0.02228690437599474  0.02293920776409633
  0.02361709144870131  0.02428935773586005  0.02497617424527166  0.02567707151848810
  0.02644272118083245  0.02724846897887117  0.02814290705663356  0.02893624852616877
  0.02980543627904500  0.03069369900278909  0.03154313165600870  0.03240943992096344
  0.03335541252322728  0.03433263605058627  0.03535351231087053  0.03630537201998028
  0.03724479753441096  0.03821079082627069  0.03917422927298424  0.04011227486361849
  0.04110977601769405  0.04210251219131077  0.04317129953525301  0.04433142500654804
  0.04550652043687671  0.04672634804523298  0.04802652418538589  0.04927794669021884
  0.05038907847582162  0.05148601967085126  0.05258630268593921  0.05382205865528170
  0.05525790296514087  0.05694779414735093  0.05852278916067174  0.05995801804444496
  0.06144046910020388  0.06324861000382652  0.06494539526182563  0.06639896683803441
  0.06788333676256830  0.06959492896334098  0.07181181145777379  0.07437629633571949
  0.07655526657110699  0.07857204560206846  0.08066803358202272  0.08325794108397402
  0.08619434778402110  0.08878423160458783  0.09290067052325045  0.09759827948812121
  0.10535877447395033  0.14072795454189047  0.52898340097819629  1.00000000000000000
 -0.00303685929801390  0.01198690970442194  0.02480882652959962  0.03814966765798910
  0.05135876035751122  0.06426541272888524  0.07655289391962938  0.08889196230779609
  0.10140255509108172  0.11345522679319597  0.12588299959023896  0.13766864817717353
  0.14902878493891450  0.15991229351028940  0.17150333883493182  0.18253002690194153
  0.19317694823589568  0.20336519036653494  0.21517331999428860  0.22695533278309377
  0.23817490995675694  0.24868793228620592  0.25943998340495045  0.27008436247597345
  0.28131232708099163  0.29245776346116331  0.30258828591844233  0.31203918923602825
  0.32143818680877595  0.33084031196809205  0.34107473218947337  0.35098596001367593
  0.36116514441135472  0.37119580330329333  0.38097189517488322  0.39044240142573766
  0.39960944606657905  0.40886733320649254  0.41809022606388957  0.42758732628650370
  0.43736905980613011  0.44710415843003448  0.45672227501855706  0.46565949126229306
  0.47431747596103829  0.48323951439123242  0.49237690830442465  0.50177899250940050
  0.51097347968427509  0.51989475855956346  0.52889293748360944  0.53819425430827827
  0.54749832219593775  0.55626575504205100  0.56475714552684053  0.57340854362287619
  0.58256190513577943  0.59210496897094622  0.60163575915100476  0.61123840583265221
  0.62083496034844432  0.63022280266835984  0.63966444505976350  0.64974529154901972
  0.66067941543423547  0.67130104926290168  0.68086327493450527  0.69031239581194714
  0.69992646724241103  0.70990442478049598  0.71968418120637800  0.72971630905667961
  0.74034819694491460  0.75103516603528275  0.76158289514026034  0.77195573432879294
  0.78187515651655837  0.79155443642089895  0.80172541061087488  0.81234527355994657
  0.82329073075002690  0.83501508567903682  0.84749543673731709  0.86024873855150186
  0.87308198070814014  0.88596394983614180  0.89842594052328972  0.91016809447992042
  0.92144794870344626  0.93258784874699097  0.94407113923112840  0.95579029721215636
  0.96729007031727332  0.97856814028178263  0.98940419088408771  1.00000000000000000
  0.01415036724441863  0.19937092863988126  0.31152712001369631  0.39488052836760179
  0.45801398269467120  0.51056404914156217  0.55278571770850171  0.58880925247920513
  0.62043423234050510  0.64807046596037587  0.67276005127120841  0.69512041244845602
  0.71498423242332532  0.73271511304691161  0.74886712397131694  0.76378474904269178
  0.77748726453409034  0.79039280079306651  0.80193113717896236  0.81272360172885560
  0.82260822148962376  0.83184310992359378  0.84041901565483501  0.84850107344806347
  0.85617493777989373  0.86348886971401984  0.87046767822853210  0.87689959574578724
  0.88276241270883837  0.88828199980476430  0.89358056173466971  0.89862799376870028
  0.90333537807357689  0.90773892839119064  0.91193299844845765  0.91586110689089839
  0.91949683279123429  0.92292806572934294  0.92622125413035350  0.92943444972832334
  0.93260520723315732  0.93569024049104588  0.93850082354300757  0.94104782186840030
  0.94346067678841239  0.94588997232281358  0.94824614645992533  0.95048957349178986
  0.95266196724720464  0.95480906527937404  0.95682210750478869  0.95869427939160545
  0.96046556874513100  0.96213098536408359  0.96375289899181993  0.96528851810386984
  0.96676424116372628  0.96820648680400445  0.96961806096156189  0.97099728924573403
  0.97233607563473423  0.97362538804875742  0.97489598519761345  0.97614385233571754
  0.97737026620986001  0.97853006666409981  0.97963275133113215  0.98068806855694413
  0.98169712143771537  0.98266420585343794  0.98358958841977329  0.98450404764370913
  0.98538275451471302  0.98620565711598207  0.98697848365703611  0.98776971186866414
  0.98849491499890929  0.98920560423512327  0.98990398618120812  0.99055469687187248
  0.99115194120319827  0.99173939412431122  0.99231767772393609  0.99288608708846604
  0.99344294068153050  0.99398650379544784  0.99451570413753099  0.99503496664472357
  0.99555432281888057  0.99607417976357959  0.99659495276413634  0.99713185412079264
  0.99771697078115440  0.99837018488390672  0.99912975881752464  1.00000000000000000
 -0.02111376896740912  0.10466730972345216  0.14470694899911757  0.17061819012162810
  0.18992535032503408  0.20584124777349594  0.22049763448942930  0.23412965441070130
  0.24589906486467589  0.25660476550219191  0.26712386236360530  0.27786217868180119
  0.28884655151217792  0.29922039486402208  0.30894253638276975  0.31809945878411988
  0.32698022779152974  0.33576224412837813  0.34431115014254460  0.35251502857999989
  0.36057594184463138  0.36867455688566980  0.37696471231393480  0.38540384358287255
  0.39406578295646894  0.40197566881193503  0.40996500148041665  0.41744180871847336
  0.42457691262354591  0.43141321995709941  0.43809724253220117  0.44476991270835103
  0.45145996454011961  0.45823127600328289  0.46487957473088820  0.47105337905507577
  0.47690752880669285  0.48267727578107084  0.48860515566953533  0.49480571891430897
  0.50097795833694792  0.50714216204357876  0.51340889768258324  0.51982083921598310
  0.52605001067128798  0.53211549647691603  0.53807620388210486  0.54424863058082762
  0.55085311529469883  0.55752309719428039  0.56411729323169801  0.57013535086024625
  0.57628036075773570  0.58223291462276927  0.58835142261309781  0.59459569525007017
  0.60093617100782593  0.60736080028871375  0.61370025151060204  0.61984433828066265
  0.62584119648820757  0.63153909181614998  0.63716783234086272  0.64295637276931539
  0.64880703251812177  0.65466633306785416  0.66033779439039353  0.66606325854720183
  0.67193325564532491  0.67795778289638819  0.68409595853803784  0.69035580550285836
  0.69671772308268864  0.70315651738915319  0.70963783762531252  0.71622218051326747
  0.72305737067297526  0.73016244406344943  0.73733992901812240  0.74460692031731701
  0.75211512172201489  0.76002467020414211  0.76735141253405859  0.77494143976732777
  0.78279083015674156  0.79120322336733573  0.80090149278527312  0.81062174352595706
  0.82091796732327182  0.83193104540165308  0.84362011487024924  0.85640037628050747
  0.87149874063587662  0.89022658742862715  0.92093731443255400  1.00000000000000000
   1.1488415353476115E-009  -1.0000000000000000     
 F F F F F F F F F F F F F F F F F F F F F F F F F F F F F F F F F F F F F F F F F F F F F F F F F F F F F F F F F F F F F F F F F F F F F F F F F F F F F F F F F F F F F F F F F F F F F F F F F F F F F F F F F F F F F F F F F F F F F F F F F F F F F F F F
  <DiscreteSampler_grid>
  grouped_processes
  1 # 1 for a reference and 2 for a running grid.
  10 # Attribute 'min_bin_probing_points' of the grid.
  1 # Attribute 'grid_mode' of the grid. 1=='default',2=='initialization'
  0.0000000000000000 # Attribute 'small_contrib_threshold' of the grid.
  0.5000000000000000 # Attribute 'damping_power' of the grid.
 # binID   n_entries weight   weight_sqr   abs_weight
    10   10   4.841410597326487E+004   2.301436463571960E+010   4.841410597326487E+004
  </DiscreteSampler_grid>
