  0.00931437982015519  0.01659294991385216  0.02629192163953092  0.03790408641202771
  0.04846377900352625  0.05955467408025344  0.07011354669011420  0.08087480622885337
  0.09205326801255791  0.10310822034088128  0.11363609552893726  0.12386084424756075
  0.13489688914251738  0.14604592064159877  0.15672301720232706  0.16677554929836916
  0.17636611492730547  0.18610952449544607  0.19615322871024071  0.20509697085938960
  0.21438481920013588  0.22417319952020898  0.23348807401216859  0.24400651154079275
  0.25377792665811072  0.26403208887680230  0.27459682106421185  0.28499048869137689
  0.29520397251241420  0.30567577006163543  0.31619822539605580  0.32697518055861990
  0.33769740976887347  0.34837823219692021  0.35848950087127895  0.36832820112249348
  0.37829773315502868  0.38881082114128268  0.39904569317466460  0.40937132719281688
  0.41994314289475709  0.43066371038247764  0.44106840488731475  0.45019083093307860
  0.45956467814024704  0.46932186353693472  0.47994886321029623  0.49074721272665928
  0.50120998842337250  0.51198188633221109  0.52286102583720906  0.53350358484484506
  0.54351593855538682  0.55318046169892188  0.56309796044573923  0.57262572734650863
  0.58209660490514947  0.59185692301143789  0.60192796618348032  0.61225613965470338
  0.62249088083136317  0.63281473995289017  0.64352948140749211  0.65463451430009945
  0.66610035521398958  0.67762171432423679  0.68901106690543579  0.70018827299166442
  0.71094530382986187  0.72161901403855466  0.73248612347610420  0.74341837443163283
  0.75430705589497182  0.76473918531464535  0.77469321422419402  0.78452793121376574
  0.79439900446535838  0.80465989172619257  0.81531034578212391  0.82605615552175848
  0.83667095946799452  0.84771841834362638  0.85911703338997103  0.87072777006037805
  0.88202832839956735  0.89324120582454691  0.90483722388826793  0.91680401809041745
  0.92875212496963977  0.93998732541927998  0.95065152180214496  0.96104081937001118
  0.97177589213563231  0.98233918473702508  0.99119959373419053  1.00000000000000000
  0.00000239367318497  0.00000248887946674  0.00000259173927716  0.00000267076423700
  0.00000270455940687  0.00000275449693624  0.00000282110805520  0.00000290569775064
  0.00000300030997915  0.00000309569036404  0.00000320426147453  0.00000335197528135
  0.00000352806508972  0.00000371483338815  0.00000393596643516  0.00000418564754705
  0.00000444795305550  0.00000472567023223  0.00000502403394747  0.00000536018127944
  0.00000573564805494  0.00000613146013581  0.00000654268468325  0.00000697303994484
  0.00000741011185342  0.00000787370734450  0.00000836174354908  0.00000886638905210
  0.00000940416769928  0.00000997290219430  0.00001056992996631  0.00001121018865982
  0.00001192654433061  0.00001268377388609  0.00001346212511017  0.00001426624070719
  0.00001509798658814  0.00001594728705814  0.00001681317766366  0.00001770957301150
  0.00001864392182144  0.00001962543864443  0.00002070491697146  0.00002182335527479
  0.00002302502846106  0.00002435019557668  0.00002574297972348  0.00002713335393122
  0.00002854385890461  0.00003001195313894  0.00003155499185245  0.00003319211216950
  0.00003493456470719  0.00003679135239817  0.00003881297000704  0.00004101612257506
  0.00004337521643337  0.00004590192538171  0.00004867405355124  0.00005149346474268
  0.00005454592493135  0.00005782749388199  0.00006129820688250  0.00006504662197519
  0.00006917123012963  0.00007363892349406  0.00007834169658646  0.00008321296493970
  0.00008840973721373  0.00009425785678918  0.00010065817052224  0.00010756656949195
  0.00011495021872326  0.00012311332789432  0.00013246416612720  0.00014330253259424
  0.00015557314383726  0.00016997726424833  0.00018646556392405  0.00020488690388964
  0.00022685928610438  0.00025358866689428  0.00028702790205771  0.00032982477617963
  0.00038594495034032  0.00045560530086989  0.00053690543362058  0.00064616983901957
  0.00081574212542048  0.00106657893274660  0.00146228593501445  0.00244904374236958
  0.00434018040546081  0.01207963567194389  0.40540167983450115  1.00000000000000000
  0.00000234396741050  0.00000265119766522  0.00000291852830698  0.00000318816170143
  0.00000346917386821  0.00000377349217457  0.00000408948766366  0.00000440001759284
  0.00000471562512734  0.00000500307923581  0.00000534362507381  0.00000571035369625
  0.00000607937777639  0.00000648043569021  0.00000692128638218  0.00000738002999998
  0.00000784954571397  0.00000836328645784  0.00000889568046465  0.00000945503624724
  0.00001008925978676  0.00001077638622852  0.00001144857923761  0.00001214421526058
  0.00001285483603713  0.00001358370484759  0.00001435320282686  0.00001525533695923
  0.00001610196054756  0.00001699771295207  0.00001794234462310  0.00001891634684232
  0.00001990746500093  0.00002096391274684  0.00002208933417981  0.00002320084369331
  0.00002432990324843  0.00002548864255256  0.00002666430918254  0.00002789914367365
  0.00002918290423602  0.00003052441018159  0.00003192395379533  0.00003337929921818
  0.00003490523245847  0.00003652786394137  0.00003826992824675  0.00004014714361978
  0.00004209260965335  0.00004426083447792  0.00004628208283125  0.00004842557456847
  0.00005073234865790  0.00005307017230423  0.00005554508407147  0.00005838076213265
  0.00006143976856841  0.00006455660590449  0.00006790169287028  0.00007154286790282
  0.00007546680165809  0.00007966159196236  0.00008406609211970  0.00008899905445181
  0.00009438059084643  0.00009989672654834  0.00010575380465513  0.00011215043406308
  0.00011923571732633  0.00012708511980940  0.00013565934717232  0.00014495754405822
  0.00015514707091909  0.00016653932478364  0.00017987760911958  0.00019431982947016
  0.00021061873430291  0.00022990284206581  0.00025061360051213  0.00027558007656540
  0.00030347882780423  0.00033720543563267  0.00037893346293374  0.00042921672450478
  0.00049304335212242  0.00057396107077031  0.00067682756592062  0.00082393598907096
  0.00107805647649022  0.00149811135371795  0.00219361496786576  0.00363031374777034
  0.00739431220930214  0.01894215946231808  0.09587865232566667  1.00000000000000000
 -0.00295095089193224  0.01013171553914254  0.02075180406085630  0.03090226056032108
  0.04107372445953343  0.05186384770710024  0.06277174876308571  0.07417074659284043
  0.08561398755237934  0.09808361057268561  0.11014007867763033  0.12162467081809772
  0.13237685597705839  0.14281876033517807  0.15300319186276107  0.16330577431808938
  0.17394451810568787  0.18534375193949668  0.19770785661980841  0.21042639815519762
  0.22231540227624341  0.23304548468634140  0.24336462150175420  0.25361867814881783
  0.26412355481337363  0.27475341337758857  0.28540365321146266  0.29626252976867229
  0.30723569627922331  0.31813157115725488  0.32878907985275996  0.33884753260048317
  0.34874459314520778  0.35869583513359082  0.36860187573704833  0.37822440957157577
  0.38765400452718041  0.39715150895733420  0.40669881003463393  0.41589605728718376
  0.42506433895711748  0.43413200910827765  0.44342666705395739  0.45321090184517870
  0.46246618765926251  0.47215793635859987  0.48241634760008656  0.49323880275568466
  0.50446529717087640  0.51616651498326194  0.52751810556506262  0.53845140979484840
  0.54920627429880409  0.56009899614428582  0.57144198567319182  0.58246440776110675
  0.59260364580686176  0.60252139680980743  0.61239842697653224  0.62225517034423694
  0.63209335272013001  0.64195450969600176  0.65162079610536072  0.66148443012923497
  0.67165704696278183  0.68233483445535126  0.69286141488452935  0.70349858130082288
  0.71451938542293336  0.72603826680934891  0.73742258439060193  0.74881969519350633
  0.76030497714425782  0.77196340664864049  0.78359557212672970  0.79493668309210652
  0.80606825896444512  0.81672213923365500  0.82685476807259262  0.83673871392944454
  0.84625685002109197  0.85593161883997415  0.86553494487869864  0.87544705363169684
  0.88619819694601898  0.89743375688506599  0.90867081228744584  0.92002148460193311
  0.93131915046473390  0.94248042730962978  0.95314214606637160  0.96250601748512121
  0.97142427830022160  0.98024656191518122  0.98971150490349991  1.00000000000000000
 -0.00227910494696337  0.00890697122743034  0.01867870406717138  0.02956192612289159
  0.03976868886817457  0.04999788841819222  0.05982648895865987  0.07100601106206370
  0.08222054542663540  0.09287101402993855  0.10289951258347627  0.11290812362192224
  0.12283959201843317  0.13286837288517600  0.14271867268530739  0.15286121647342865
  0.16311659081566304  0.17307858219295680  0.18333993281618838  0.19348845040411339
  0.20386151725550347  0.21450858819055671  0.22512725664625047  0.23574415508744123
  0.24658502166773555  0.25796015055756299  0.26924409438161834  0.28012196129935474
  0.29004506592077006  0.29869164966524958  0.30707545987984747  0.31624439961059730
  0.32636071898993768  0.33696991309827490  0.34763424883623845  0.35832659665334426
  0.36927284198908750  0.38020184861070755  0.39112957264895754  0.40212879986740985
  0.41341067795948694  0.42468025653346786  0.43598121369938142  0.44731325999892252
  0.45856759725051388  0.46970101028515798  0.48050297013822296  0.49115721749816948
  0.50168714610134491  0.51157647056431799  0.52093062175083571  0.53029306291946976
  0.54064479477901861  0.55246497550981188  0.56470186918672416  0.57666760866723765
  0.58883308589750627  0.60073801291040396  0.61240468550643357  0.62408048723966991
  0.63549677303507324  0.64683031848245776  0.65750275849509665  0.66835537372924592
  0.67931057656121829  0.69004610533064292  0.70029779163369055  0.71034926544674959
  0.72007684546549489  0.72974544320567358  0.73965327275997383  0.74994888846212837
  0.76078655767927539  0.77159831647701427  0.78265593528434596  0.79369725079115028
  0.80474585583455971  0.81587212259021835  0.82689422502713816  0.83728046451250515
  0.84693149364714604  0.85663800377801258  0.86660448355266972  0.87682520249838714
  0.88668880017328566  0.89609944919635698  0.90553223196016808  0.91511567082817491
  0.92434882304595056  0.93347788345447924  0.94301071302286033  0.95417211698524684
  0.96523127692205402  0.97757271967916248  0.98885170536128775  1.00000000000000000
 -0.00240309846727885  0.00974996698866377  0.02063246578433937  0.03139422593019210
  0.04238995931874466  0.05343595290431400  0.06395583809886028  0.07348794982414887
  0.08261971821840286  0.09162563245095579  0.09996291044602558  0.10793858975488728
  0.11591097519522939  0.12479043984317589  0.13474512561331317  0.14527381457474745
  0.15619597523131579  0.16735197060564641  0.17837771204345071  0.18915596228482046
  0.19981946886513988  0.21065449776982242  0.22169118462592319  0.23267318250589958
  0.24340715123229389  0.25383000962543412  0.26423235082358049  0.27518359301902634
  0.28670718928568084  0.29831429801142390  0.30963219572332845  0.32101055656799860
  0.33263344568174469  0.34412723233976805  0.35563253276940898  0.36747445404121182
  0.37905660624577148  0.39038000025521979  0.40133728818368908  0.41215017908725005
  0.42298300694579805  0.43377107940041382  0.44458910829978776  0.45534786922523757
  0.46616313902840861  0.47776006494973133  0.48957587825915344  0.50084626758235951
  0.51199956302157879  0.52206303937822263  0.53261067483632385  0.54281851890620381
  0.55327013472898601  0.56441319217072339  0.57576107976794755  0.58679630826049767
  0.59759508715688137  0.60846787079469444  0.61942693601892795  0.62953473131293181
  0.63864882777129772  0.64756029349652544  0.65654777496071548  0.66643393521283611
  0.67747837072374062  0.68836832478160570  0.69881611824699952  0.70909269656250407
  0.71944549861012896  0.72968474152724494  0.73961936582958698  0.74945000748938473
  0.75915221039020364  0.76900448132334076  0.77944179170673222  0.79032141526102984
  0.80082629493518176  0.81048663271727250  0.82080576427752161  0.83217519014021524
  0.84446750197715192  0.85573157482238404  0.86582467523659967  0.87550453203401690
  0.88597597459378263  0.89714411175221531  0.90777475800798924  0.91781173741534927
  0.92783816253448426  0.93821941158752054  0.94783084137887630  0.95837721534935560
  0.96872350434582466  0.97919173112157332  0.98947346715012108  1.00000000000000000
  0.00003054532816496  0.00015569181874538  0.00050041092159950  0.00097401683546611
  0.00151321371535177  0.00194499564638974  0.00236464847364812  0.00282563795972320
  0.00330681235166503  0.00380358289361776  0.00431486914125589  0.00484199885512612
  0.00538488376464361  0.00592124673981828  0.00645493732071372  0.00699153483231274
  0.00752721158309938  0.00806719331882617  0.00861691509335876  0.00917294763005953
  0.00975398210722900  0.01035770432796547  0.01095727376345573  0.01157377955582561
  0.01218594080884377  0.01279868141565235  0.01340624626544500  0.01401390085427040
  0.01463686606898449  0.01528472175034878  0.01596676531729267  0.01666966306113863
  0.01739811020936110  0.01819642006858671  0.01898792908395077  0.01978543148320498
  0.02059467768485318  0.02137122953412287  0.02216360513306292  0.02299933173760915
  0.02388475627537946  0.02472991934637993  0.02559210941414001  0.02642567886357234
  0.02720540583898751  0.02795811586057105  0.02869391099930847  0.02941686401589617
  0.03016638628652471  0.03098376620148842  0.03183516175329867  0.03267238717984901
  0.03350371726935737  0.03437076390180825  0.03525418480502396  0.03616572540186890
  0.03710255776935965  0.03810062782931417  0.03913393001226097  0.04010416693962555
  0.04101600260206244  0.04191844448683667  0.04291279440597032  0.04402885551801482
  0.04530208764550823  0.04657324866426516  0.04781150710678362  0.04905605071544642
  0.05040282523968198  0.05182276478889936  0.05330313087823012  0.05488191852306747
  0.05648213225005929  0.05803102058952373  0.05970684055240555  0.06153126300514695
  0.06347473185454976  0.06561552205162439  0.06799516545765079  0.07046477093472296
  0.07301130762185419  0.07523568061490662  0.07740868818218190  0.07994038761157761
  0.08344516312054469  0.09115568630553129  0.09754047125548321  0.10285831232470548
  0.10874990118885933  0.11511373732870903  0.12288095308929141  0.13261381678662484
  0.14584345983831312  0.17141393813715997  0.36442129057161354  1.00000000000000000
 -0.00307136819268198  0.01129262547403547  0.02303550986969526  0.03523703267917465
  0.04760797244837443  0.06053252933873600  0.07284430552911776  0.08455727266225682
  0.09591586404637918  0.10670842848848217  0.11785328275304079  0.12975486151384952
  0.14244574369946886  0.15514502868867380  0.16749405043814930  0.17959541341719176
  0.19146840710450666  0.20313288122332315  0.21479086685821625  0.22630481555200413
  0.23748001230821078  0.24840192392873983  0.25902370910969441  0.26925295366053392
  0.27921703807670095  0.28908454560083524  0.29914243011100700  0.30925715030523981
  0.31889374677059834  0.32839922423349366  0.33835170246676483  0.34844916889033800
  0.35822357485903639  0.36768171453003340  0.37748536320074155  0.38812186694158513
  0.39884518618780007  0.40881340262008226  0.41786308331872379  0.42661138880851435
  0.43526285183658148  0.44415644241119862  0.45317206044688596  0.46238451059970281
  0.47207929270070498  0.48196274759703384  0.49244547622888962  0.50271768914179327
  0.51238405623396532  0.52213706542796368  0.53150827750216723  0.53988221657167967
  0.54819440361429495  0.55657556536452812  0.56559182907337013  0.57527404903314427
  0.58523380996057839  0.59531130671518095  0.60546379534380057  0.61579051480773961
  0.62632598037422416  0.63704932735416520  0.64741516448932601  0.65762463835338347
  0.66747886661998101  0.67716750715468432  0.68692182187915818  0.69728257249971981
  0.70768632744367022  0.71750419023847367  0.72680128236308683  0.73687176300913215
  0.74684413832827512  0.75747320241251270  0.76842449313920413  0.77949020749049613
  0.79066887305123656  0.80183940324053893  0.81303704851769432  0.82385080790621068
  0.83456645105921645  0.84565135188925133  0.85683718413378518  0.86862636835626883
  0.87951845777563464  0.88990264042544565  0.90094223950498376  0.91218389843649073
  0.92314298520460614  0.93425503326754245  0.94584619111641899  0.95738982683064688
  0.96847870089246468  0.97948024994603644  0.98997763047272813  1.00000000000000000
  0.06455190385505405  0.21312778216271111  0.32497782726370833  0.40993869356767770
  0.47297623744927941  0.52422005237845104  0.56549290552872233  0.60066192661015805
  0.63215167562245400  0.65945693470266842  0.68336511313559178  0.70465833091058550
  0.72386395889365329  0.74147978909990442  0.75751689745600348  0.77206102023386858
  0.78544422015189708  0.79765909318610972  0.80895826756979783  0.81948965162868526
  0.82940923329468452  0.83874291498294984  0.84749634505159765  0.85581654073339797
  0.86344918319394048  0.87052638577798402  0.87709017024776825  0.88317600094385429
  0.88892897169959528  0.89435848693275932  0.89938940346466845  0.90406368587340646
  0.90852647913988316  0.91281847595064214  0.91681240188387625  0.92058763634732532
  0.92414072012093806  0.92750921520924667  0.93085493758777982  0.93406444430346702
  0.93703993656653950  0.93977024181115310  0.94232445774756135  0.94476796792350293
  0.94710817424242266  0.94936707348657612  0.95158341301347815  0.95380054521923596
  0.95603771168772589  0.95805997425148681  0.95987453765695796  0.96153994713926549
  0.96313193944839559  0.96469716490342650  0.96617244292757287  0.96759731655382153
  0.96895582582517015  0.97032275557658099  0.97164440060200041  0.97289419043287706
  0.97408716199731704  0.97523708734810366  0.97633816167955001  0.97739960106044455
  0.97843900914430681  0.97943684878252124  0.98042271953187476  0.98138222384001794
  0.98229342827321720  0.98318164753017445  0.98405160651664614  0.98491019296595073
  0.98575834231571913  0.98658152452580994  0.98733949309020852  0.98807155758490528
  0.98878193804824499  0.98947050938982239  0.99013585850048413  0.99077363632081983
  0.99136028083494299  0.99192934250793907  0.99248897052773144  0.99304700264811718
  0.99360166942421568  0.99413231031089311  0.99465144387775961  0.99514938776274897
  0.99564818974332681  0.99615370768822276  0.99665633016846977  0.99719397409533195
  0.99777541894942234  0.99841941010034985  0.99916279555090615  1.00000000000000000
 -0.02177498423592283  0.10685783612177958  0.14684575925485036  0.17233512013715807
  0.19273998681124396  0.21074776806104845  0.22685644680657302  0.24129085085322560
  0.25461081282538678  0.26687153351395310  0.27759170639414016  0.28787533172299390
  0.29700959605809119  0.30516449639942345  0.31334176872040626  0.32149425645486168
  0.33000083303509592  0.33845755584143355  0.34711485828423716  0.35547553861909681
  0.36338659852031135  0.37097783674632956  0.37806855561039687  0.38487566440596954
  0.39165037520495788  0.39861164664720783  0.40571763094255442  0.41273948002193223
  0.41935898998726240  0.42564899201493128  0.43173537296013365  0.43767485592402122
  0.44408916072001614  0.45047297088165289  0.45735544047686388  0.46413614832996197
  0.47092023812849765  0.47783534558885593  0.48472843415892453  0.49152766691215499
  0.49821178080268674  0.50463997247914827  0.51055711325316278  0.51745268172003067
  0.52358593794371200  0.52933785344879991  0.53524476041450597  0.54132259316880604
  0.54747950602794437  0.55359980819930266  0.55966463985070947  0.56567195486713795
  0.57185320617708280  0.57829885649937762  0.58478609592419117  0.59137822631484083
  0.59782982423738773  0.60407861136089580  0.60990989750479374  0.61568436745577004
  0.62170012246354756  0.62775503508094743  0.63362127420822489  0.63942946700685144
  0.64525483679718743  0.65119812342550720  0.65725884090598152  0.66315556130802333
  0.66895637640781480  0.67479951481254985  0.68083985668757219  0.68703791877584619
  0.69339619818789155  0.69985449141472933  0.70634336242360030  0.71288568521231888
  0.71948455441286985  0.72601705018527185  0.73247827416819378  0.73916420457856635
  0.74628104761195369  0.75367988400246211  0.76089163238258728  0.76791718407435983
  0.77525823615637324  0.78319858140203680  0.79211666902618094  0.80200628803814356
  0.81231643634114148  0.82353554884954228  0.83592424070105686  0.84997821518004957
  0.86630298402461314  0.88674364953261875  0.91960713911107239  1.00000000000000000
   1.2183072367843052E-009  -1.0000000000000000     
 F F F F F F F F F F F F F F F F F F F F F F F F F F F F F F F F F F F F F F F F F F F F F F F F F F F F F F F F F F F F F F F F F F F F F F F F F F F F F F F F F F F F F F F F F F F F F F F F F F F F F F F F F F F F F F F F F F F F F F F F F F F F F F F F
  <DiscreteSampler_grid>
  grouped_processes
  1 # 1 for a reference and 2 for a running grid.
  10 # Attribute 'min_bin_probing_points' of the grid.
  1 # Attribute 'grid_mode' of the grid. 1=='default',2=='initialization'
  0.0000000000000000 # Attribute 'small_contrib_threshold' of the grid.
  0.5000000000000000 # Attribute 'damping_power' of the grid.
 # binID   n_entries weight   weight_sqr   abs_weight
    10   10   2.656411905958545E+002   2.020907198284086E+005   2.656411905958545E+002
  </DiscreteSampler_grid>
