  0.00900332068212694  0.01770398384497032  0.02745470946118042  0.03730942251096449
  0.04676479000458490  0.05784204683379460  0.06876259221862720  0.07932138516333979
  0.08931984143527605  0.10044866174189593  0.11131613382142652  0.12243343555667675
  0.13269750031458877  0.14235738062731196  0.15205034720878965  0.16125293502903640
  0.17092982666353673  0.18114205606638739  0.19129986588623607  0.20235723681845971
  0.21267085031546076  0.22365670211783120  0.23454101805447311  0.24486774217387006
  0.25523273312710071  0.26589764448593273  0.27681976374116096  0.28769849558306509
  0.29842887429478121  0.30888020852237069  0.31920288241111899  0.32936705260247423
  0.33962492945427025  0.35020098537343497  0.36052079412833055  0.37063097461597921
  0.38086715997995896  0.39115318116997122  0.40114597997767515  0.41077435674945184
  0.42032346931683012  0.42919860494783751  0.43864808613350781  0.44834050575050077
  0.45806012859920364  0.46763646605712028  0.47719630456588119  0.48700510640425426
  0.49695796996646507  0.50724007257611903  0.51801943961664132  0.52865456474551964
  0.53892799741445063  0.54902326056639028  0.55954619123604576  0.57048645068787884
  0.58093405204818893  0.59094929172823141  0.60086425723237036  0.61156755415110464
  0.62326982753138571  0.63523400993486445  0.64689299314749071  0.65806296318535573
  0.66907432641412523  0.68018699705113617  0.69106964019981576  0.70159220023278024
  0.71175819994696865  0.72189753629569875  0.73186084392273609  0.74149390689930983
  0.75133437110288781  0.76199484026039177  0.77313859886764080  0.78397654120322169
  0.79449845922737505  0.80505239676064233  0.81558892908024094  0.82606138777994342
  0.83674418798095307  0.84775503030670774  0.85848160709468246  0.86850854926869958
  0.87854642353785672  0.88892669429544358  0.89968420488239709  0.91031510256821913
  0.92091558679593222  0.93140470528892216  0.94171067309199374  0.95196750312127065
  0.96264335252455069  0.97313378036651499  0.98392005066252786  1.00000000000000000
  0.00000272891016992  0.00000280995515736  0.00000287177428433  0.00000293795012524
  0.00000300094507037  0.00000306646335376  0.00000313464250965  0.00000321518313657
  0.00000331648707317  0.00000344209709017  0.00000356769321897  0.00000371355860018
  0.00000389747159887  0.00000409992293581  0.00000431344523379  0.00000454115241219
  0.00000478215621949  0.00000504494408482  0.00000532693935140  0.00000562924353167
  0.00000595067420175  0.00000628437743359  0.00000664615418605  0.00000704335666588
  0.00000746966951477  0.00000792381409028  0.00000839648381876  0.00000889659889733
  0.00000944271932384  0.00000998426392062  0.00001055674737235  0.00001115351034605
  0.00001177631137130  0.00001243834433466  0.00001316220674353  0.00001397170431991
  0.00001484783992948  0.00001570251786403  0.00001659850431549  0.00001751707370225
  0.00001844703423562  0.00001938558320850  0.00002033228116395  0.00002138573071179
  0.00002250011491351  0.00002366567915696  0.00002489183171750  0.00002618130106717
  0.00002754107848779  0.00002900449334521  0.00003061643773604  0.00003223757513053
  0.00003389167700729  0.00003567577063150  0.00003756605195455  0.00003960473966581
  0.00004184019509917  0.00004416681380327  0.00004666043899694  0.00004933493159018
  0.00005222889762264  0.00005523989840481  0.00005840374617765  0.00006175121915478
  0.00006506372009797  0.00006903935867585  0.00007317961333653  0.00007749337437856
  0.00008216730950230  0.00008719323687280  0.00009254002858744  0.00009884623211878
  0.00010607787865640  0.00011397955036301  0.00012246854637964  0.00013168748230785
  0.00014198071863325  0.00015359822787067  0.00016659112021490  0.00018132257195042
  0.00019851666946300  0.00021868871622146  0.00024240129599376  0.00027160234174180
  0.00030902688561391  0.00035607205486740  0.00041488757059012  0.00049072768708170
  0.00058650316004673  0.00071234932962318  0.00088021093241640  0.00110903013409839
  0.00163743858057039  0.00308597240507821  0.01165086625450130  1.00000000000000000
  0.00000237027770417  0.00000259334784245  0.00000283590466288  0.00000310902569277
  0.00000343931605860  0.00000377055374704  0.00000408949787973  0.00000440196575651
  0.00000473138867110  0.00000504270359827  0.00000536549345698  0.00000569676692504
  0.00000606191781478  0.00000648323024526  0.00000692273599916  0.00000736618713085
  0.00000782665906697  0.00000832181006664  0.00000885627861969  0.00000942512615034
  0.00001002341334662  0.00001066194233707  0.00001133996466106  0.00001199162652406
  0.00001267893468606  0.00001338791296425  0.00001407847710487  0.00001477485401057
  0.00001551403705750  0.00001629891920095  0.00001711724372765  0.00001801790771434
  0.00001895906420719  0.00001989736656493  0.00002085512814101  0.00002185385384227
  0.00002288393928639  0.00002392958329134  0.00002498039216017  0.00002604491859043
  0.00002715983437640  0.00002834438450315  0.00002959977526989  0.00003095927489634
  0.00003244866502598  0.00003398812524008  0.00003560332969475  0.00003731283479768
  0.00003911754250379  0.00004099367621636  0.00004295048500019  0.00004508022585333
  0.00004729820650529  0.00004963177030315  0.00005213532129852  0.00005476497142487
  0.00005748063354146  0.00006030797148524  0.00006336037066101  0.00006671361847798
  0.00007028506519133  0.00007393386794104  0.00007765243308964  0.00008158284027593
  0.00008554036463052  0.00008964590947227  0.00009444750351187  0.00009963202360235
  0.00010509176265645  0.00011157213299517  0.00011862169099346  0.00012650874802077
  0.00013492444024003  0.00014362620200130  0.00015288242595756  0.00016314926989934
  0.00017494733132509  0.00018832660157353  0.00020358558465039  0.00022161137156820
  0.00024335617596632  0.00026743566655595  0.00029483468383426  0.00032750876319287
  0.00036485539323663  0.00040838878885025  0.00047025795882555  0.00055572600160665
  0.00067515463755328  0.00084044640628490  0.00109152450911610  0.00157235451843206
  0.00259199943471620  0.00691096756781796  0.08864267370643218  1.00000000000000000
 -0.00252177089597928  0.00961331417141081  0.02074805441364329  0.03140666084043631
  0.04203503341926618  0.05259743989364890  0.06372331900877977  0.07483086025174167
  0.08611442643996474  0.09641543225438325  0.10617741532192596  0.11613742288974878
  0.12657635220504371  0.13781559634573859  0.14922580155284867  0.16043799973897280
  0.17155329493619689  0.18260495005965918  0.19349643420136328  0.20459870850395634
  0.21604802186023056  0.22778056893485676  0.23815768136342988  0.24845811484931377
  0.25903080927848976  0.27027779635954208  0.28160192253065369  0.29265972107001281
  0.30354599841296359  0.31447955776905817  0.32547901606923174  0.33646541335515279
  0.34716127249496997  0.35749099727778799  0.36779279189892389  0.37866999343090707
  0.38990531137746404  0.40065918896120217  0.41067059286175128  0.42057606962069560
  0.42930005341638461  0.43809627683043811  0.44729311140653139  0.45697363131907681
  0.46782756736965625  0.47865597178787828  0.48948250371717184  0.50000701315456686
  0.51063464590743191  0.52154279251690738  0.53248028861429231  0.54389148044506030
  0.55540379682846108  0.56788332319579127  0.57870365917102184  0.58898501672351145
  0.59895102737835304  0.60927447850094818  0.61847962676387569  0.62749888088931183
  0.63699874777867971  0.64714702194232032  0.65768269112384836  0.66793285804302072
  0.67807764727970066  0.68834675852468175  0.69863977094821794  0.70894362600050043
  0.71966811114349427  0.73064625791726157  0.74156777692916565  0.75236443900855965
  0.76256362405395883  0.77223055673080832  0.78188537531395752  0.79191484652997690
  0.80166321642414839  0.81070825714891903  0.82043271636391912  0.82957150491170384
  0.83989146643760504  0.84995683941308042  0.86082590412126447  0.87179135779587413
  0.88270859967447401  0.89312832281428667  0.90343706128597334  0.91431008767786015
  0.92567546643345189  0.93735033229638165  0.94830135772714841  0.95972109961646535
  0.96996121699794047  0.97995279746481601  0.98982610215860922  1.00000000000000000
 -0.00255675794172020  0.01001349538959976  0.02116610062366042  0.03181748730207237
  0.04251712614499028  0.05275272008796578  0.06423844122256472  0.07464963217994416
  0.08485779492711502  0.09504644504904092  0.10511072973737993  0.11604904160931383
  0.12718142390587983  0.13826342115845525  0.14940921987758077  0.16069194788404478
  0.17158675159248421  0.18270712200717662  0.19381091470401943  0.20402903159879757
  0.21396149995326683  0.22383356886601727  0.23454221929438404  0.24545624704513727
  0.25697425769149240  0.26817697166258081  0.27975985232498074  0.29105179120022201
  0.30224334612354659  0.31325059220856200  0.32386705124027226  0.33447587429966802
  0.34435145042516457  0.35441752920461506  0.36464616726772903  0.37498752332444629
  0.38529022372579846  0.39551787911998415  0.40545521915512239  0.41527861316253217
  0.42507146182945432  0.43561211698526603  0.44622584261349379  0.45680939813691029
  0.46746203914446804  0.47850216719683736  0.48937063996481844  0.49995686126722766
  0.51067173473258953  0.52171088543356636  0.53293726096621408  0.54382701584145399
  0.55506637150952454  0.56546663830747212  0.57491474147108979  0.58391368627938567
  0.59348740422234914  0.60339156704240982  0.61379194671741100  0.62403522392085220
  0.63425396891319819  0.64346452402844101  0.65303257211337118  0.66306870875007173
  0.67424691673603543  0.68579295411251950  0.69731206211449104  0.70861232384609762
  0.71938020236023703  0.73050541371258959  0.74173951597781551  0.75312239841800899
  0.76436143686703106  0.77553437729437891  0.78638343101514296  0.79660299101966214
  0.80615033910513578  0.81575941785077499  0.82595060907494988  0.83625790514956888
  0.84648014364706703  0.85662483700473913  0.86764133407129240  0.87824490931454635
  0.88825601972188017  0.89803321669535618  0.90783947144526878  0.91751201731459353
  0.92734039658651224  0.93757392002177020  0.94861809702298150  0.95899329587653692
  0.96858563664653796  0.97857822790190574  0.98835149882045137  1.00000000000000000
 -0.00287697059678104  0.01117014792938807  0.02294853729926694  0.03388922665314040
  0.04450024138619457  0.05504616585785106  0.06581859173856186  0.07655352579961847
  0.08537242002141296  0.09470056159595176  0.10381454576691672  0.11427585386481949
  0.12494829769507652  0.13561896969425588  0.14587336632768019  0.15469585184944787
  0.16425150070559555  0.17355564049860184  0.18356436407426674  0.19347979983615474
  0.20295533982694200  0.21249948083309927  0.22192737468934348  0.23163132369389400
  0.24209583064994752  0.25307085168176380  0.26424201710275846  0.27511178858340063
  0.28571389882869114  0.29608472986756207  0.30626007152539980  0.31629225559830887
  0.32613733577410026  0.33599207203005499  0.34595811053166703  0.35586089044079844
  0.36574887540435613  0.37619366717191377  0.38781584915065326  0.40039635003635421
  0.41290080953305475  0.42449849144935026  0.43523554924148289  0.44563765424498847
  0.45595217105654878  0.46654030835523025  0.47729315114913629  0.48829161299313167
  0.49888975909719474  0.50899883969157356  0.51874007906674069  0.52868818054717204
  0.53880678444056318  0.54844679200153668  0.55839136083034302  0.56868820603294712
  0.57981652162252273  0.59003963342835319  0.59927155059027948  0.60882924588470111
  0.61913330003474598  0.63030331103981085  0.64158570378796653  0.65298864719882699
  0.66476386075193061  0.67686050178825352  0.68870558127363901  0.69996086116604772
  0.71086966968140020  0.72202544978239924  0.73338775452576388  0.74479617356927763
  0.75599826846825124  0.76694656013932738  0.77620502833381300  0.78529695787273945
  0.79458374004979704  0.80447058106282865  0.81475136057885489  0.82517130725804344
  0.83592946793158829  0.84662072213432094  0.85752417902172584  0.86881219901674678
  0.88031042738455323  0.89175447646312878  0.90263773470184583  0.91314866874434919
  0.92370858855000504  0.93449783851049262  0.94517460821746380  0.95604642520491157
  0.96724510006138797  0.97841295106978132  0.98954556578271036  1.00000000000000000
  0.00003309707523158  0.00015237207170959  0.00045976148288126  0.00086862009434120
  0.00132995060310069  0.00168045502474977  0.00203245722513413  0.00240852447395264
  0.00279714102080706  0.00319332607333651  0.00360108570534731  0.00401319299795258
  0.00442279957265090  0.00484070513957887  0.00526552249737874  0.00569939424211756
  0.00613859220407522  0.00658019757016264  0.00702565031200844  0.00748087620693392
  0.00794894184283751  0.00841838838638167  0.00890549195980405  0.00940144839679956
  0.00990803551018106  0.01042522122465668  0.01094954725354579  0.01147471288036949
  0.01200082903696069  0.01253361706962538  0.01306381349977390  0.01358829269230793
  0.01410600398056912  0.01462975820059307  0.01517292155807289  0.01573358665121927
  0.01630614115826686  0.01686947136649924  0.01744192352584592  0.01805156983474686
  0.01866205391105004  0.01928403294547683  0.01991177717822626  0.02055843808618605
  0.02127403587863013  0.02201189568902275  0.02283136075642324  0.02361635631375429
  0.02440138863005809  0.02513677104671631  0.02585856890585077  0.02658834518031080
  0.02736614879041468  0.02814791542633872  0.02891411199096370  0.02971732619391449
  0.03056176951084704  0.03144143472942951  0.03235110246849371  0.03327304566577444
  0.03418090639259073  0.03508556845035702  0.03601676008594926  0.03695216895730371
  0.03802309897528462  0.03916240057987571  0.04024977795409561  0.04123886133190223
  0.04225601856816406  0.04339665070998130  0.04477064585770897  0.04632149802647802
  0.04769190933199396  0.04899209674375700  0.05053180205265485  0.05225094581408966
  0.05400103086870118  0.05583975288936162  0.05757888139676539  0.05913833912342288
  0.06060827249469421  0.06253113427048376  0.06540608481753758  0.06883566950606380
  0.07217563447424694  0.07495538452018181  0.07808142732208324  0.08151703941270150
  0.08743650428152337  0.09547874983534697  0.10425453359111836  0.11445276426243052
  0.13167755117432658  0.15301531814307612  0.83876537009025132  1.00000000000000000
 -0.00253694023678197  0.01036747438789683  0.02139547361798556  0.03312728876477671
  0.04496198679692714  0.05703236892757665  0.06907398324893271  0.08038320887285474
  0.09184652605057195  0.10335889139164789  0.11537157247694388  0.12817518301527370
  0.14158773009452663  0.15435600529891266  0.16574946396052265  0.17668576178672379
  0.18700717186974841  0.19718465941500968  0.20725115316727211  0.21819240605768070
  0.22919762968469154  0.24056660378747954  0.25129343682428162  0.26115462089883507
  0.27141482617510204  0.28187193968511076  0.29150839709697735  0.30056110986002610
  0.31017174982121476  0.32097311298594300  0.33214419576426779  0.34226655947110413
  0.35172443299276868  0.36123323718706341  0.37055141468774533  0.37982778719702681
  0.38829668596287059  0.39690174810975787  0.40589605689829306  0.41487906655986129
  0.42386613715521726  0.43291844133725244  0.44261463611558682  0.45291286523502799
  0.46298324619302850  0.47290045475899006  0.48242082504822331  0.49146351673041472
  0.50041224559874842  0.50942484299752977  0.51887546230338200  0.52861049843196217
  0.53836915517969686  0.54841104700313248  0.55863307873327939  0.56872573629715228
  0.57872787639288470  0.58879344770215514  0.59881020404178831  0.60867358728273957
  0.61819796230202539  0.62794496941048572  0.63783795070017646  0.64743356116185935
  0.65660231937938229  0.66588153378132153  0.67527732082085890  0.68501531502751190
  0.69508553573065557  0.70600704366362788  0.71768327233988205  0.72935376433118426
  0.74012111753842358  0.74972031634736180  0.75871447673373371  0.76781979732066918
  0.77744072575513901  0.78742943311163871  0.79747961695501879  0.80734518849651471
  0.81883031822586139  0.82998393455930564  0.84199298914259801  0.85336775545904597
  0.86499421556560840  0.87603809752488093  0.88768599029870521  0.89968966845709020
  0.91246746416419255  0.92459462299153028  0.93651177532420538  0.94917318399976203
  0.96190619551726697  0.97451275913059332  0.98684316746085543  1.00000000000000000
  0.05360053963513659  0.21679068116308328  0.32525544557966379  0.40594494331735170
  0.46711936359480644  0.51668840608052413  0.55800644643578434  0.59368107696636296
  0.62488998929062511  0.65155803644207833  0.67505574315462014  0.69657244370567883
  0.71641833021537804  0.73425837373617886  0.75042047079227558  0.76519381259054309
  0.77871111147875605  0.79115511239342950  0.80275840515476460  0.81352639593112763
  0.82347130187623818  0.83293385247973073  0.84174328883207772  0.84994798928442339
  0.85751021180853970  0.86441072320501189  0.87082915175924736  0.87681004752979086
  0.88239884726677664  0.88778539216024643  0.89308099659427731  0.89798433821262280
  0.90258959072831535  0.90689421279521243  0.91101670517992805  0.91498618191379522
  0.91871305982428042  0.92231258499672963  0.92580707732646617  0.92912118410164635
  0.93224105215937414  0.93527309123082902  0.93810997289584563  0.94073813693038744
  0.94329471138673260  0.94581826197841323  0.94824909214258146  0.95056399687026272
  0.95277359000643902  0.95490796926737209  0.95695792813169933  0.95887696496122543
  0.96067258434350378  0.96239598456738318  0.96410308801101396  0.96575390920528559
  0.96738468186727866  0.96880308240887014  0.97019121157735622  0.97152962533673537
  0.97283091085770201  0.97409900152178153  0.97533577935887328  0.97654508449787769
  0.97772394073765656  0.97885220502208770  0.97992860565792639  0.98092998839133005
  0.98188755292422980  0.98280077185814818  0.98369517485893043  0.98456242687120288
  0.98539470268413154  0.98620068149721796  0.98697923356043304  0.98772418426079722
  0.98845340166659956  0.98916927440411351  0.98986972508186533  0.99055075824013805
  0.99121225335310981  0.99183056387725321  0.99243064357928623  0.99302187797676855
  0.99360493258276572  0.99413146184931656  0.99467066727571307  0.99521556833209246
  0.99575437469688821  0.99627179097543239  0.99677718849713337  0.99731295893780980
  0.99786787130259236  0.99845434810282707  0.99913148920016370  1.00000000000000000
 -0.02178356617386241  0.10780188467028151  0.14737350401769392  0.17340146023294059
  0.19398861704579187  0.21091659716784025  0.22601626578979794  0.23971909953682918
  0.25205064413819533  0.26358326141198152  0.27435105624218309  0.28453593733368537
  0.29424697947509737  0.30365690624211072  0.31313050320180491  0.32247270948744028
  0.33160694066888297  0.34008690637457167  0.34798807035420282  0.35571968009909144
  0.36329035326885262  0.37086858102487058  0.37797868903982462  0.38473081758169475
  0.39182053899983638  0.39870528637144020  0.40562598590345939  0.41251668284542609
  0.41951593428136480  0.42634147697398844  0.43284256155157025  0.43932311433512500
  0.44587471775986515  0.45240918542078495  0.45869795644634886  0.46470868871060833
  0.47057934619434838  0.47642077900087421  0.48275924027708877  0.48930627700350227
  0.49623316896694675  0.50317088009944522  0.50976255277513760  0.51631387122430772
  0.52255437357200774  0.52787533074700144  0.53323973671451486  0.53867870185447408
  0.54401377437145171  0.54941333594297292  0.55493358470043153  0.56068415965642004
  0.56645500020020811  0.57252082871543719  0.57870251057505884  0.58480754044740146
  0.59093152947378791  0.59716534162960455  0.60358867763373703  0.60998248015149203
  0.61613032693996383  0.62207105639529936  0.62808183569024600  0.63409874356593088
  0.64004515900861558  0.64590081356973894  0.65180273468885186  0.65796532230041782
  0.66453877074285728  0.67125299849644660  0.67782525540721550  0.68431809119531062
  0.69092782938111996  0.69777639443172823  0.70482843157688313  0.71201234141254444
  0.71928054360575322  0.72658969484379621  0.73382427618293611  0.74105097522744534
  0.74847017174367281  0.75569931526725398  0.76236424178031759  0.76908125169031649
  0.77638641852295953  0.78450145672995453  0.79360112021829099  0.80343248408582602
  0.81400476400539379  0.82540748339132108  0.83769691797720314  0.85122944980806736
  0.86666915348480844  0.88672944532056608  0.91989841078606993  1.00000000000000000
   1.1782879888649382E-009  -1.0000000000000000     
 F F F F F F F F F F F F F F F F F F F F F F F F F F F F F F F F F F F F F F F F F F F F F F F F F F F F F F F F F F F F F F F F F F F F F F F F F F F F F F F F F F F F F F F F F F F F F F F F F F F F F F F F F F F F F F F F F F F F F F F F F F F F F F F F
  <DiscreteSampler_grid>
  grouped_processes
  1 # 1 for a reference and 2 for a running grid.
  10 # Attribute 'min_bin_probing_points' of the grid.
  1 # Attribute 'grid_mode' of the grid. 1=='default',2=='initialization'
  0.0000000000000000 # Attribute 'small_contrib_threshold' of the grid.
  0.5000000000000000 # Attribute 'damping_power' of the grid.
 # binID   n_entries weight   weight_sqr   abs_weight
    10   10   1.494558097987771E+004   2.146140400726550E+009   1.494558097987771E+004
  </DiscreteSampler_grid>
