  0.00920107296814718  0.01686612460327866  0.02786258775573029  0.03958857571310175
  0.05075509357189552  0.06197604381094395  0.07311286779257239  0.08397820693587263
  0.09445406028819321  0.10534055461489435  0.11682348425304341  0.12807544423187403
  0.13914012015263319  0.15020185454963467  0.16128060629888943  0.17328554126460169
  0.18493141327963983  0.19583658291399730  0.20616328485693886  0.21640452413479447
  0.22654131373706229  0.23721867323970164  0.24749047863221119  0.25799756849376715
  0.26877366589945884  0.27915190494735359  0.28916351356591630  0.29870506721492035
  0.30883719917191005  0.31941381417348158  0.32980814411282139  0.33958590286814910
  0.34928099022043879  0.35947349021485625  0.36999777128258710  0.38033212196354399
  0.39043628380745843  0.40076411623275016  0.41087467225328167  0.42036610843989891
  0.42996317395302736  0.43976064637484391  0.45012862148983013  0.46035137597127462
  0.47044572923275785  0.48038978094357132  0.49115100779885013  0.50176067068697328
  0.51283302955889043  0.52427240923317286  0.53672423199003738  0.54846686560884184
  0.55917264862326499  0.56961890773704005  0.57982193799880100  0.59012898077137677
  0.60007236435075162  0.61000227251284522  0.61993783109474565  0.62989428062080144
  0.63969796595419970  0.64962408890328061  0.66005457522505961  0.67083132427926007
  0.68170576339545619  0.69228459671750120  0.70258834536032433  0.71363627797957441
  0.72471842356056237  0.73563802446497961  0.74650507458969573  0.75744585046342439
  0.76858440559587082  0.77976904124766833  0.79078883070498418  0.80162280368394390
  0.81110338178962249  0.82063711439706610  0.82951969483336152  0.83934778225578077
  0.84953550779976095  0.86036984256047078  0.87133041826273394  0.88253518939729048
  0.89277060504865891  0.90309005171653789  0.91330699032568641  0.92485889136041155
  0.93617204366171491  0.94606564920675951  0.95551888364654192  0.96410244218209040
  0.97351603802755027  0.98378988369637144  0.99076483387276204  1.00000000000000000
  0.00000256737242466  0.00000273193934717  0.00000283887728629  0.00000293911930016
  0.00000303933151404  0.00000313921148602  0.00000325540651617  0.00000338686716500
  0.00000352902586965  0.00000368531099408  0.00000386000579148  0.00000404994828781
  0.00000425063199941  0.00000446766445310  0.00000471114767465  0.00000496197330751
  0.00000523583202224  0.00000554775808757  0.00000586350929658  0.00000620749120324
  0.00000654690277684  0.00000691551131357  0.00000732415868421  0.00000775106934914
  0.00000819730308291  0.00000866134636221  0.00000913530185751  0.00000961543264676
  0.00001012129467081  0.00001065433753381  0.00001121685751434  0.00001179582453262
  0.00001240432508057  0.00001305877220005  0.00001375679985020  0.00001449605479982
  0.00001528222297753  0.00001611073639568  0.00001696635623638  0.00001790688180161
  0.00001889115492024  0.00001987025907875  0.00002085887615353  0.00002189690086433
  0.00002301011870566  0.00002419472043337  0.00002545318051401  0.00002683561024624
  0.00002819281949395  0.00002965488637204  0.00003125669954950  0.00003297346699726
  0.00003479796046485  0.00003670279444881  0.00003867508679402  0.00004074315638780
  0.00004295320932386  0.00004534242609920  0.00004792944284101  0.00005073572580786
  0.00005376295035102  0.00005703960423963  0.00006058702686289  0.00006430467408983
  0.00006809982074085  0.00007214727645377  0.00007669545162879  0.00008165882539456
  0.00008708011101354  0.00009274188475870  0.00009867438434319  0.00010518020767813
  0.00011277575323562  0.00012160256487075  0.00013145572211474  0.00014234032369603
  0.00015416907184860  0.00016719123901530  0.00018161055549362  0.00019754486387295
  0.00021631731902987  0.00023877285720605  0.00026607726311255  0.00029831515363596
  0.00033461467206436  0.00037969644478444  0.00043756015254411  0.00051606721524396
  0.00062187773459038  0.00077128200719429  0.00101168071180443  0.00142868603972892
  0.00220723054629595  0.00410940299552023  0.19386649207319478  1.00000000000000000
  0.00000236664148867  0.00000264799054177  0.00000293698479456  0.00000323720664053
  0.00000353997489695  0.00000384896677548  0.00000417517263802  0.00000452306001434
  0.00000489892709165  0.00000528109953868  0.00000566069350069  0.00000605481090365
  0.00000647302266112  0.00000690866502471  0.00000735243865643  0.00000782639515902
  0.00000834299888844  0.00000886556115475  0.00000941730693438  0.00000998055485104
  0.00001056993149701  0.00001119739259305  0.00001185895455975  0.00001251905068972
  0.00001318333613730  0.00001386186458278  0.00001455219783624  0.00001526774394361
  0.00001603841670736  0.00001685788361399  0.00001770409507634  0.00001856752731119
  0.00001944574547450  0.00002036492595494  0.00002132065113573  0.00002233458573047
  0.00002339442812731  0.00002449525922163  0.00002564315276722  0.00002689105024401
  0.00002824511581206  0.00002959881335526  0.00003098210173987  0.00003240417121261
  0.00003381122233412  0.00003524712772021  0.00003676790173046  0.00003839401484909
  0.00004012817631373  0.00004201686795636  0.00004402813927292  0.00004602908071182
  0.00004812496508197  0.00005039078646484  0.00005286411097019  0.00005548138323852
  0.00005829933416552  0.00006118562153015  0.00006407074788655  0.00006718452226632
  0.00007045839677837  0.00007385065021856  0.00007741746412664  0.00008123403632556
  0.00008536100142281  0.00008990095245556  0.00009493949262640  0.00010031078416897
  0.00010582281409911  0.00011158817568981  0.00011774375211926  0.00012445048931941
  0.00013150461379008  0.00013979328335629  0.00014986878098819  0.00016088902328340
  0.00017386512982462  0.00018829281504236  0.00020459817744514  0.00022346224165733
  0.00024492891444230  0.00026844358844200  0.00029514293187858  0.00032672427572882
  0.00036273329196418  0.00040702137075377  0.00046749566810627  0.00054703136264531
  0.00065731115792230  0.00081254783340554  0.00104770437289493  0.00142348590846520
  0.00240219737023041  0.00631220139697544  0.13655583349340450  1.00000000000000000
 -0.00268862389992335  0.01025574259569479  0.02155968206229570  0.03317931858672072
  0.04441947021873240  0.05560694223010530  0.06636530459278463  0.07705094631064671
  0.08784239934916223  0.09827035889461856  0.10778587549196050  0.11691321931925326
  0.12584882286067628  0.13608046885400940  0.14589023548566940  0.15563918902623314
  0.16518110674489897  0.17535607111818724  0.18597951446169050  0.19660339985050562
  0.20733952648948611  0.21773411000261672  0.22808361503481397  0.23960603456198551
  0.25017176779640449  0.26052359416452636  0.27078265413756442  0.28234785131696927
  0.29330861247859974  0.30366917748307892  0.31362457713456698  0.32392596498500464
  0.33509459747992226  0.34629126969758189  0.35743644209114533  0.36753049763124224
  0.37786526735928833  0.38854383115618901  0.39957264193518272  0.41097473024708803
  0.42262792973592256  0.43421550089373789  0.44568994297753212  0.45738360423857033
  0.46937157118758999  0.48131769935329882  0.49284684237638243  0.50386643681890209
  0.51442704586629040  0.52469292129053180  0.53512128772696899  0.54542870324316994
  0.55566755069521312  0.56558269559480112  0.57532237031508826  0.58498484843340792
  0.59437457879564559  0.60366702941041550  0.61323768771457543  0.62331404896006770
  0.63381370265458969  0.64422386516132879  0.65458968241179039  0.66488219624918521
  0.67537201060122964  0.68604111183396976  0.69684845645689353  0.70758600093028423
  0.71829543270371843  0.72898624062181361  0.73928618402528168  0.74918714902117789
  0.75885203440698501  0.76898461639587323  0.77960190337393709  0.79085720823476902
  0.80251549017551127  0.81369694185756625  0.82464457780436484  0.83516151640522096
  0.84568480936855450  0.85635545380238376  0.86718956853549356  0.87817856822863227
  0.88950520139684208  0.90092666149157075  0.91222045792929252  0.92299237391006839
  0.93307382016747775  0.94261117100704195  0.95220711285048665  0.96189071630471412
  0.97189913418945539  0.98177003117933359  0.99102334297427852  1.00000000000000000
 -0.00263661652463113  0.00988935365463074  0.02052354771859054  0.03094926751942743
  0.04186660481837973  0.05276260735614178  0.06409932641881622  0.07464028082918149
  0.08481620394855577  0.09446389606599767  0.10448272650418670  0.11547715523784377
  0.12702719810142360  0.13826511676066755  0.14915875558638450  0.15965288005594708
  0.17026144471551494  0.18093892795563815  0.19174940131972454  0.20255434980781006
  0.21346285937154236  0.22478928734744108  0.23638389173844210  0.24779391647347074
  0.25841489567895343  0.26838436608666627  0.27839009141714671  0.28825732961055639
  0.29792775090777240  0.30734503359432769  0.31684628423725053  0.32719208017197804
  0.33799836576070980  0.34801515588896181  0.35754080026212054  0.36729030007457947
  0.37672164245603940  0.38593722392960467  0.39450037952469719  0.40381800937657264
  0.41310077699840425  0.42259820536267673  0.43218864321309769  0.44233388935193213
  0.45294771066160416  0.46344492628035344  0.47373523962135100  0.48420456861013200
  0.49520097488628501  0.50666255958167705  0.51815236851437163  0.52935984625267318
  0.54056484893970569  0.55200694938478190  0.56369421421770993  0.57432452334621764
  0.58541469896422060  0.59668460476154850  0.60791504994217227  0.61905172284825327
  0.63035721108150833  0.64189574848529551  0.65322282664255793  0.66407780623055757
  0.67494608769819453  0.68527971998974457  0.69606214718860837  0.70659461731431528
  0.71744339619482433  0.72757936182622018  0.73666704327352284  0.74549436325542451
  0.75494815984182229  0.76501171593893369  0.77520287405664290  0.78525600086134617
  0.79550321914476407  0.80575895303290468  0.81608363409004669  0.82639033404991036
  0.83678193357385233  0.84685094991288834  0.85665390123224228  0.86663168816775482
  0.87695287855972293  0.88775824184641883  0.89902885621606321  0.91043360223908987
  0.92180479491007428  0.93327333466887019  0.94484442592635820  0.95642071339299506
  0.96812365125094235  0.97934621394738641  0.98985381769655212  1.00000000000000000
 -0.00238194982020315  0.00941971075951718  0.01971588374601372  0.02987517862874021
  0.04045823669872858  0.05099462862357831  0.06305576366390619  0.07407150773543157
  0.08547217014617908  0.09521252120849744  0.10493442290761172  0.11480407159802308
  0.12445370151966074  0.13505286160809860  0.14484743619131363  0.15519959863572738
  0.16574888714384126  0.17639641092211397  0.18711839286301610  0.19799593854729480
  0.20860836167347840  0.21903664450718202  0.22966880396513389  0.24113781077067964
  0.25300057106230678  0.26451946071167898  0.27569730052753461  0.28661061524477793
  0.29714378930479851  0.30777761647062973  0.31859660583650884  0.32939685057070217
  0.34034350465765661  0.35101182770708589  0.36118208870237684  0.37127949034673113
  0.38135019398042475  0.39167327830636212  0.40235107483072896  0.41311227089275265
  0.42385700240783092  0.43465634784323670  0.44532400243854886  0.45581925651819688
  0.46608779525203703  0.47653101835499817  0.48753843080943920  0.49834960315095023
  0.50870290592275358  0.51893096350020407  0.52927761016602692  0.53930897428876101
  0.54870034024379821  0.55814700441170761  0.56828377112883355  0.57869059994007332
  0.58869849687654918  0.59864537642290139  0.60958034264488037  0.62130022310794131
  0.63306350314523452  0.64407838478842361  0.65382042565621235  0.66289731998552537
  0.67218145216439840  0.68102306694640602  0.68983656278822758  0.69875171583101270
  0.70887721620444011  0.71981183182476760  0.73081088119170767  0.74170250310174013
  0.75287716420237105  0.76348044593132058  0.77456642580146817  0.78490964930937457
  0.79577108420300224  0.80731282604400367  0.81900375580425566  0.83033485560297160
  0.84123411110280188  0.85211304103018570  0.86260052281243405  0.87332948296488511
  0.88493651692593389  0.89684107944740421  0.90725580228448044  0.91790624062862802
  0.92797909516776722  0.93753260213126188  0.94699959941997436  0.95676271590421380
  0.96794827675165285  0.97891379698668923  0.98953123956267786  1.00000000000000000
 -0.00001366519098866  0.00023416680941092  0.00059293474044807  0.00105329072850629
  0.00160417457095700  0.00209913005046276  0.00254270537923212  0.00300763583452494
  0.00348108009595471  0.00396003960673772  0.00444352721114341  0.00493559857944653
  0.00544115276483686  0.00595473270914330  0.00647869239135317  0.00701467262296234
  0.00754739576732282  0.00809443709741311  0.00867087135566410  0.00926719679271827
  0.00986916282061594  0.01046551759991334  0.01105231563209168  0.01164814523530382
  0.01226165680517007  0.01291075569121117  0.01358066545341915  0.01425814166826969
  0.01494843837418183  0.01566422579685174  0.01640517962893474  0.01716324255054881
  0.01789238153231269  0.01863855756052656  0.01940788836997711  0.02016955140247103
  0.02085071431024902  0.02152958658065181  0.02222336190289530  0.02288954858162128
  0.02354413002304891  0.02418222910823317  0.02482195055509011  0.02548609171662590
  0.02619586010146169  0.02702290778732295  0.02791086964812176  0.02885925061159461
  0.02973981069195146  0.03067906312557621  0.03158064155121347  0.03249805200147212
  0.03342344448204623  0.03433632557466112  0.03528995100321584  0.03629170886924923
  0.03726784973157390  0.03825615506634181  0.03929306053677188  0.04025844443906879
  0.04115531826352770  0.04209772936750256  0.04301136877369824  0.04404980845578244
  0.04525188766548634  0.04637096234917638  0.04762249022758475  0.04887996361345343
  0.05028282350304097  0.05169648430791211  0.05301560692924059  0.05425774260684663
  0.05553403897035419  0.05694292341218198  0.05853101377171340  0.06004151317335236
  0.06144132285315169  0.06317856158126420  0.06509798289042686  0.06663470912931269
  0.06798981011524717  0.06957488158109736  0.07150206054085509  0.07413652865474939
  0.07685416839872072  0.07925211719356731  0.08143501092832334  0.08383144117658368
  0.08704989056034131  0.08974017721760197  0.09229838162102652  0.09659141206804192
  0.10241072670612737  0.15981534025742949  0.54491961430818747  1.00000000000000000
 -0.00311639333032383  0.01192770160364566  0.02388327420200729  0.03641251540993911
  0.04876450599622936  0.06175441245130005  0.07377527927191251  0.08606343170501662
  0.09839049132315347  0.11060026272990278  0.12286324238644739  0.13485451172015481
  0.14635170425421754  0.15730652165333772  0.16881943666636828  0.17981025744180074
  0.19045786544772536  0.20068914918010880  0.21203844509539399  0.22382432537647834
  0.23560962083792561  0.24610914417065285  0.25681961351052834  0.26748683685469860
  0.27851024432922422  0.28944551707589289  0.29959484235548567  0.30916493103414289
  0.31869827991838151  0.32836391100173223  0.33858722195760338  0.34867981880990223
  0.35880539632563524  0.36898133784270637  0.37893280346480074  0.38862928729682528
  0.39797889799130792  0.40736914136113395  0.41664932031720375  0.42593343203395068
  0.43542922874622414  0.44492898615707843  0.45471321628316264  0.46407755422993457
  0.47321834332215507  0.48264659515918740  0.49233910466267855  0.50225499906225068
  0.51179696615401116  0.52095476503267957  0.53018534656967320  0.53972400189617942
  0.54925786233434626  0.55819574995378407  0.56677607644086803  0.57554460735630342
  0.58492537902790342  0.59474466626353328  0.60455266171507549  0.61432428669109018
  0.62388608222596764  0.63328928745327873  0.64291027383697652  0.65316177168553691
  0.66409841925595148  0.67451767030392518  0.68424779664896285  0.69396489774285564
  0.70363608739020689  0.71352402044721919  0.72330137408752859  0.73372466444287276
  0.74454805381167766  0.75511129947167976  0.76573612804008973  0.77602169247123842
  0.78578089712600074  0.79526770118842804  0.80519681346736793  0.81554408991288607
  0.82636281837106051  0.83801905888175809  0.85041590326687344  0.86305479829722487
  0.87571585620534909  0.88834680037811886  0.90061621858370933  0.91235677591996600
  0.92368426165198436  0.93486584419694230  0.94627088514782132  0.95774912797689937
  0.96901015657984546  0.97982006257893517  0.99014069955562145  1.00000000000000000
  0.01391240111491338  0.19856788082496335  0.31286080798929194  0.39755835522364902
  0.46065797678975479  0.51365428020397297  0.55598010783617635  0.59196773510525136
  0.62337095408039922  0.65095596517172216  0.67565923700437147  0.69801451318901664
  0.71782737663454432  0.73535819754896270  0.75142668880360952  0.76623495198243519
  0.77983480684594286  0.79254662195043524  0.80401730001036942  0.81471955142482888
  0.82449876928311694  0.83373138022815263  0.84228263364816514  0.85035841330102191
  0.85797418257321112  0.86520160526246237  0.87208925983091856  0.87837623853853797
  0.88420946257451505  0.88977412045163784  0.89507499343050045  0.90005961411585189
  0.90470495757829772  0.90906302553716833  0.91328620323647070  0.91716820136441091
  0.92070098471683914  0.92406551974498552  0.92728712114384815  0.93041617696754186
  0.93351802714364251  0.93651839954442417  0.93924212109094141  0.94177676546127054
  0.94420923264190482  0.94666875382782478  0.94904441526219241  0.95132262638782228
  0.95351794969647086  0.95565803889428302  0.95762395314229842  0.95942521500458544
  0.96113151744321834  0.96277053402247881  0.96436788645842197  0.96589012724643519
  0.96734497836709110  0.96877713930620646  0.97018866601845155  0.97157634553685268
  0.97293288528137079  0.97419548210170603  0.97542736289805743  0.97663064091649232
  0.97780287355378226  0.97891977538377406  0.97997208016439696  0.98097970280525881
  0.98196120104983076  0.98290284059327016  0.98382990117817704  0.98474154315436346
  0.98561433339964855  0.98642695700498439  0.98717594585891399  0.98795078884416232
  0.98867656088001499  0.98937964723817862  0.99006685632762248  0.99071582509858580
  0.99129362867219550  0.99186749149960873  0.99243466122803303  0.99299111445698063
  0.99353820895103551  0.99407620780653116  0.99459883792431414  0.99511131725219548
  0.99562444115429238  0.99613894692449412  0.99665290044705901  0.99717987587000834
  0.99775529049772438  0.99840071478544046  0.99915187361280722  1.00000000000000000
 -0.02107027943772490  0.10412959706513436  0.14466529520004062  0.17126535456503333
  0.19097488892504441  0.20689852510642895  0.22149663999698441  0.23515929131586844
  0.24690764501160359  0.25749418498900978  0.26799757053837464  0.27906012196559493
  0.29041213938958083  0.30091137890311331  0.31067235507611923  0.31982115910209019
  0.32866734955493943  0.33742380000575783  0.34602973107855539  0.35423321243105288
  0.36219551403571265  0.37008231105714684  0.37800574528421915  0.38625713742729317
  0.39486211540857680  0.40298899442450065  0.41107761416446986  0.41854762459838862
  0.42565154768995028  0.43239272390980021  0.43893026769678234  0.44540761325789491
  0.45186566811002454  0.45823827457129040  0.46463201869104165  0.47060783738010836
  0.47634214619348847  0.48206926986563964  0.48781411778838446  0.49375253969675387
  0.49980934041201341  0.50582812499511753  0.51197903563277947  0.51828595772627539
  0.52445289128703565  0.53039648193949862  0.53617130090224341  0.54217979178789444
  0.54852114812698061  0.55505503877111884  0.56156887362400709  0.56781826185962392
  0.57407956104252611  0.58019361059703245  0.58629460220253182  0.59269758106020221
  0.59928863896112361  0.60588389841896373  0.61228700989547580  0.61850608562259957
  0.62458908845828387  0.63034211045467203  0.63599625563872320  0.64170172170487205
  0.64750436577626613  0.65333275218241560  0.65905513596570153  0.66481913960314110
  0.67078499623142418  0.67696923368689976  0.68329127497309883  0.68964707972358585
  0.69600193280290190  0.70239991824766856  0.70887218655284445  0.71539970459746505
  0.72217180795715952  0.72907900873745768  0.73602627384704422  0.74300829192966822
  0.75026081792551436  0.75822494780407002  0.76557727321415003  0.77328638206231359
  0.78132721262446869  0.78988282885347416  0.79964009400044089  0.80950014624763755
  0.81987325003048672  0.83098206526452445  0.84258455683008415  0.85510935736589555
  0.87003045290492875  0.88877872859315643  0.91979721899236044  1.00000000000000000
   1.1731707743502002E-009  -1.0000000000000000     
 F F F F F F F F F F F F F F F F F F F F F F F F F F F F F F F F F F F F F F F F F F F F F F F F F F F F F F F F F F F F F F F F F F F F F F F F F F F F F F F F F F F F F F F F F F F F F F F F F F F F F F F F F F F F F F F F F F F F F F F F F F F F F F F F
  <DiscreteSampler_grid>
  grouped_processes
  1 # 1 for a reference and 2 for a running grid.
  10 # Attribute 'min_bin_probing_points' of the grid.
  1 # Attribute 'grid_mode' of the grid. 1=='default',2=='initialization'
  0.0000000000000000 # Attribute 'small_contrib_threshold' of the grid.
  0.5000000000000000 # Attribute 'damping_power' of the grid.
 # binID   n_entries weight   weight_sqr   abs_weight
    10   10   4.868196581343521E+004   2.323604263731727E+010   4.868196581343521E+004
  </DiscreteSampler_grid>
