  0.00946596019825552  0.01608291988829580  0.02584096454913316  0.03633513553148929
  0.04699258688529895  0.05757841291727017  0.06812337515606653  0.07858087917868573
  0.08872198407084630  0.09783039120744957  0.10710786252571115  0.11627913760317107
  0.12593542850116571  0.13597568017094486  0.14583792954230251  0.15632829205780899
  0.16727084946691156  0.17824326424101009  0.18900081540758967  0.19927783365658447
  0.20915423539313732  0.21836668754307406  0.22783978461526230  0.23765156224197295
  0.24749622276438810  0.25709883557025759  0.26688544909900652  0.27720767156708181
  0.28804391028943654  0.29902664853351391  0.30990788949270570  0.32064142494297687
  0.33127104299515125  0.34125350186575809  0.35020272461520646  0.35920763619164192
  0.36835746724072982  0.37828518325964750  0.38925269773587318  0.40046666104497514
  0.41148248976554846  0.42194477525955404  0.43181600950052701  0.44161265535255245
  0.45136707110064200  0.46088547612325215  0.46979466486345711  0.47928844119115305
  0.48975521068573363  0.50069578559355910  0.51143492007619107  0.52195598151905254
  0.53219634882159284  0.54200928923436187  0.55156790578869674  0.56121621652596099
  0.57165807869595042  0.58314999959775526  0.59484925722442916  0.60604714177256558
  0.61684628942017272  0.62754300880603364  0.63850452230336918  0.64976130189374615
  0.66113720146247834  0.67236967430646677  0.68352884296695504  0.69482914763809867
  0.70608559954191497  0.71714837144352706  0.72818371033882179  0.73939380514791664
  0.75085713529000431  0.76224464449472251  0.77343463623496300  0.78427113696787709
  0.79486030005304031  0.80583331835498540  0.81678093101017513  0.82794467617189726
  0.83917574298310538  0.85075553241599300  0.86148465160278953  0.87111243942126593
  0.88067752106896346  0.89086684521282045  0.90174371648996932  0.91273876972474011
  0.92301231013439211  0.93415686451339719  0.94489302670847142  0.95592385490894793
  0.96679828915675725  0.97722607581602838  0.98866814200986008  1.00000000000000000
  0.00000251433532413  0.00000254628453041  0.00000259681654596  0.00000264762082445
  0.00000270279001643  0.00000275612733256  0.00000282363552341  0.00000290714578926
  0.00000299296267128  0.00000308598717259  0.00000320288053259  0.00000334854327245
  0.00000350222843519  0.00000366260825137  0.00000384620470867  0.00000403785209267
  0.00000423364173810  0.00000445668442886  0.00000471824292041  0.00000499440748844
  0.00000532466831545  0.00000566982267276  0.00000603730400855  0.00000641624483542
  0.00000678881958819  0.00000716271932346  0.00000755967026222  0.00000797955030117
  0.00000842511841355  0.00000892538289087  0.00000950209889718  0.00001010735378016
  0.00001069163775301  0.00001133372083448  0.00001200931492979  0.00001272809141747
  0.00001349756778312  0.00001431347328948  0.00001516511880138  0.00001605449612951
  0.00001701772189694  0.00001801954065875  0.00001906305920943  0.00002014291292312
  0.00002127802421095  0.00002251329753337  0.00002387371120376  0.00002533008856821
  0.00002685862390687  0.00002844324716018  0.00003015033340505  0.00003196332476915
  0.00003385381834975  0.00003580358310600  0.00003783536216098  0.00003995398126125
  0.00004213603960442  0.00004461245812201  0.00004728572016306  0.00005006974135448
  0.00005298895356077  0.00005614083017579  0.00005954942561685  0.00006333922015466
  0.00006765707086604  0.00007201908445393  0.00007700203555847  0.00008231074671169
  0.00008804159252949  0.00009444722226978  0.00010143672305070  0.00010903591944408
  0.00011740887751813  0.00012656441502309  0.00013643721905704  0.00014753964579188
  0.00016012843287431  0.00017492281665641  0.00019167226861503  0.00021081472316146
  0.00023400147210360  0.00026308830861050  0.00029903901832589  0.00034346140282303
  0.00039985923349292  0.00047274049133234  0.00057309108300452  0.00071760937841998
  0.00091744225403165  0.00124937376176817  0.00189753404305383  0.00326210253633030
  0.00650456457461013  0.02394761816347146  0.38169683930329024  1.00000000000000000
  0.00000235415462786  0.00000265476819077  0.00000293545582536  0.00000322647344721
  0.00000351574612270  0.00000379666988705  0.00000410375183777  0.00000440544684776
  0.00000470985064059  0.00000506285065984  0.00000544559914834  0.00000583569197050
  0.00000623838977140  0.00000664084424309  0.00000703873966192  0.00000748464759361
  0.00000794318479246  0.00000845692664866  0.00000901283366290  0.00000959415018155
  0.00001018131892147  0.00001079702328595  0.00001145453554492  0.00001212892205498
  0.00001280918325178  0.00001355209970018  0.00001430412250496  0.00001508245317779
  0.00001586381679382  0.00001667399415896  0.00001753631085678  0.00001846387626987
  0.00001945681120012  0.00002049890417560  0.00002156729892422  0.00002267660245185
  0.00002382847182661  0.00002504074875586  0.00002630336363337  0.00002764950421577
  0.00002910292339573  0.00003064916241363  0.00003225179226714  0.00003388980783513
  0.00003560458827050  0.00003738645024420  0.00003914251942615  0.00004095707510080
  0.00004289281458665  0.00004489162046214  0.00004698803866043  0.00004923667690230
  0.00005158152698810  0.00005405504144084  0.00005676366724674  0.00005974282417874
  0.00006273414559226  0.00006610192501916  0.00006973191900480  0.00007352073720524
  0.00007746720962698  0.00008158259131752  0.00008588103562432  0.00009055118464296
  0.00009580962892146  0.00010122350887355  0.00010720379659769  0.00011295480767399
  0.00011955077162317  0.00012688527213736  0.00013427831554629  0.00014284514971477
  0.00015256257408412  0.00016306677226241  0.00017453366253928  0.00018763718311561
  0.00020160199037709  0.00021699338483396  0.00023513482809006  0.00025637812798244
  0.00028200127169771  0.00031144268689841  0.00034811410880007  0.00039399289370971
  0.00045134026396782  0.00052652367893385  0.00062898064433858  0.00078281900434313
  0.00100342374829912  0.00131981589955165  0.00183912434212708  0.00291383834329997
  0.00546883469094071  0.01277099165351545  0.08208551549326716  1.00000000000000000
 -0.00202458771812008  0.00826269816270110  0.01798629307727422  0.02806479002350755
  0.03874230312497288  0.04950960192714615  0.06041003920465678  0.07082281213520261
  0.08084464847188680  0.09071427203600266  0.10087037679493298  0.11126867019086399
  0.12153010125269588  0.13032629716298094  0.13826568262241115  0.14636663789784904
  0.15551810647382616  0.16600756137708247  0.17731280723065745  0.18899830759982025
  0.20076490754498441  0.21244100122427956  0.22419255919377495  0.23581521854258206
  0.24712558646416363  0.25847328626588673  0.26959032907525748  0.27994892917168585
  0.29018207160749460  0.30038185478809171  0.31081951566293886  0.32132699217754401
  0.33098368111661153  0.34050410001461046  0.34949507540256897  0.35905662772741986
  0.36883950041990660  0.37879170906227672  0.38860433016028945  0.39827851172961182
  0.40797174582141232  0.41765675841980576  0.42750982335464838  0.43784482191447466
  0.44862843153703330  0.45955933462697207  0.47060566239302171  0.48196224916711972
  0.49363287914566650  0.50535863325048669  0.51687752810016641  0.52850272548560950
  0.54012015281583681  0.55110548208044652  0.56162540978986675  0.57234134549643834
  0.58314230561670455  0.59375017218343307  0.60423798665930628  0.61532370695945238
  0.62654891016208902  0.63759218025253894  0.64883537228341659  0.66021829686408284
  0.67169969733493140  0.68319746387739266  0.69458606613012475  0.70569174888957931
  0.71652764590004625  0.72723226630210303  0.73818209372490007  0.74919952386404631
  0.76046780716529894  0.77154213353580847  0.78166653067263059  0.79177374480289342
  0.80221181410396802  0.81312773491513446  0.82431391538512799  0.83549240921082901
  0.84684690251381278  0.85814134039071888  0.86894462755515867  0.87952522457733295
  0.88962870093570245  0.90006161841743126  0.91085443126675159  0.92118869600224151
  0.93098071405274019  0.94070853589104553  0.95068341577462601  0.96017139595183831
  0.96952351481637156  0.97934233593104447  0.98940681000782238  1.00000000000000000
 -0.00292057734487619  0.01074733243650395  0.02178330779517553  0.03269270936055114
  0.04332677918766670  0.05395190638857227  0.06444454777783011  0.07481670930683640
  0.08504862663975496  0.09464869738999038  0.10404063974694422  0.11434061245337565
  0.12522829480246725  0.13642040706497646  0.14757454051650162  0.15844769483498872
  0.16944320878770042  0.18063297173137483  0.19135925138955567  0.20072920315762335
  0.20935140824896895  0.21784586939662495  0.22673549062693454  0.23647461658600147
  0.24669178244751555  0.25704923446451478  0.26781917329410404  0.27896695532798288
  0.29042916811114711  0.30124680503053747  0.31176058959627229  0.32222729808742739
  0.33244944809528770  0.34284295298661105  0.35333213499377908  0.36377436477888431
  0.37396658171177172  0.38373316757110126  0.39321223425577623  0.40310609961488436
  0.41341414408262123  0.42422391411564381  0.43512171045656178  0.44623956952379712
  0.45753349463906345  0.46871733792913017  0.47988622538745290  0.49104402215974313
  0.50289338035567710  0.51473021781780337  0.52591425094872346  0.53655100840949987
  0.54738306381551083  0.55840613229352642  0.56939244279939405  0.58036123370348958
  0.59179582040235790  0.60361133156896651  0.61560829617308011  0.62753574476083862
  0.63941511988500044  0.65044007185363162  0.66060384759625013  0.67086166928401159
  0.68121784194191903  0.69145304646203720  0.70112565109894986  0.71063434543088322
  0.72041123016155739  0.73026700278868184  0.74110011242488016  0.75180911415451779
  0.76084318421910690  0.76889087311509752  0.77680719927734498  0.78437225837460112
  0.79353753901674851  0.80276313766938823  0.81186217943963523  0.82116301090108534
  0.83112198193344133  0.84189720483396679  0.85302403487759959  0.86440619647924033
  0.87600464321325466  0.88753848495942089  0.89876625855854020  0.90997460590937262
  0.92135040344743169  0.93258524725036518  0.94348112625938674  0.95443603514590736
  0.96572771821507641  0.97699751193206041  0.98873875928336497  1.00000000000000000
 -0.00247671846905766  0.00990422309358478  0.01932185534313123  0.02945987423929802
  0.03953809517630679  0.04946712995585283  0.05988385813188082  0.07117861424876598
  0.08346097767903375  0.09503548658039798  0.10512368466599969  0.11489987875155719
  0.12505781766523860  0.13518657046978449  0.14635547372889340  0.15735766584307137
  0.16929566746166475  0.18097342935956132  0.19194557954060429  0.20244311972604584
  0.21301149162614030  0.22356549147873750  0.23377180852579119  0.24381246357960965
  0.25464134719450010  0.26575934657149758  0.27657471002667644  0.28691123161274279
  0.29748953682074031  0.30820371378562550  0.31880355191068466  0.32888399806630214
  0.33863594537231001  0.34831992028737302  0.35843799121094960  0.36903268932732125
  0.37952569898958338  0.38979841728035458  0.40018750044067886  0.41071396984368280
  0.42143297778782363  0.43180912143372790  0.44295345515052931  0.45428168308415945
  0.46569378602865169  0.47673502635981779  0.48745389797765282  0.49801594461880966
  0.50848070548183766  0.51847054713974261  0.52772322963222351  0.53678503814911205
  0.54550046958415666  0.55514827097860220  0.56668269281953587  0.57770833545445299
  0.58831764710217038  0.59908869846141188  0.61031957073857412  0.62087279575467325
  0.63076329881777859  0.64042294004900391  0.65023628301019554  0.66061488676348423
  0.67174644767969149  0.68301051011599601  0.69385435470894508  0.70410167838696058
  0.71441416770371169  0.72548098324712096  0.73678035274347420  0.74822098428909378
  0.75891398732076121  0.76921306758903463  0.77889554770011615  0.78882058595600912
  0.79872470827866715  0.80860997601590801  0.81823828123021081  0.82800099560011875
  0.83774147888096484  0.84893985666014782  0.85957811589711508  0.87081525272000349
  0.88177437136616743  0.89352403292798810  0.90411246983978366  0.91480795100562895
  0.92530598570129463  0.93562597019786564  0.94569812930835973  0.95570220084981572
  0.96581498147786793  0.97679223080011957  0.98810839163412978  1.00000000000000000
  0.00003061700609114  0.00015156708142863  0.00044717526083886  0.00084624178675112
  0.00131317323229654  0.00168100361326201  0.00202792237836121  0.00240801167866630
  0.00280426601087070  0.00320435161555456  0.00360327526112125  0.00400031477544468
  0.00440580982548359  0.00482181320968611  0.00523708705658503  0.00566068927376393
  0.00609237112857878  0.00653115763561829  0.00698212856322916  0.00744786314385058
  0.00793304175526061  0.00843389578149831  0.00894793708190306  0.00947037969395807
  0.00999801875208042  0.01053154475091579  0.01107378023696940  0.01163098951467571
  0.01221191992135659  0.01276292009975812  0.01332705720688259  0.01390841164928899
  0.01450822210185688  0.01511849311880834  0.01575666479568433  0.01642779422322982
  0.01711714742939795  0.01783986360019173  0.01858623911621902  0.01932893442157587
  0.02007664451978410  0.02083769910797507  0.02160214695857534  0.02238107432172132
  0.02319347265009919  0.02409211618141107  0.02502381619248637  0.02592946618295467
  0.02686461432248577  0.02773519161949420  0.02853760134131000  0.02936009091844189
  0.03015529929300006  0.03096965500045165  0.03181542083638340  0.03266406849214880
  0.03360490715295405  0.03465313073541461  0.03562508123190804  0.03663058577896883
  0.03767171801516613  0.03878649155720496  0.03988161029474218  0.04092697909054129
  0.04207138187717350  0.04350890953592866  0.04491658342168046  0.04613584024666326
  0.04727401943071013  0.04853542033762829  0.05020619464217924  0.05204213547293667
  0.05383996255510795  0.05553838972543909  0.05719551317146577  0.05874481889655309
  0.06035206553798746  0.06230516359719888  0.06482124693234383  0.06752983835336164
  0.07052427333626259  0.07356989330412349  0.07664364517378924  0.07998652119393213
  0.08414635729855621  0.08800175436241274  0.09226479756399530  0.09768772220641569
  0.10584409582262100  0.11566589267763784  0.12650949311856088  0.13626654547803321
  0.15283684578877485  0.20922379084590967  0.55031666327755013  1.00000000000000000
 -0.00267332347482849  0.01117755075573102  0.02292431750031515  0.03578951888053490
  0.04755569111826251  0.05890366196669680  0.07076347920132092  0.08324892916522267
  0.09492939047234730  0.10568913246788197  0.11579442262693820  0.12547482495349738
  0.13526097791565839  0.14555437065965576  0.15703337612217286  0.16809425070434153
  0.17807113738414548  0.18773883691684987  0.19711987802208189  0.20789769585591555
  0.21963604712102597  0.23094718981616219  0.24230301656182140  0.25343934266247786
  0.26464004957215254  0.27578343195469285  0.28676680721269765  0.29768674654993582
  0.30863284067337798  0.31932063497353580  0.32970366392993355  0.33994490149945900
  0.35005776507990943  0.36019000376472360  0.37058021620600096  0.38161774616180816
  0.39313203681011621  0.40442925966383336  0.41515848690495893  0.42541928891455666
  0.43559475645674406  0.44595545411201437  0.45630870228609649  0.46641297913741614
  0.47631483572572247  0.48624102585870738  0.49615889382510125  0.50576844578350943
  0.51534179628360455  0.52508998785810013  0.53505356228088041  0.54518659198541253
  0.55536323892431205  0.56592000517554475  0.57666942025792178  0.58715920862320503
  0.59738109251153737  0.60686149048471105  0.61500351211857618  0.62337083866191090
  0.63214492656501109  0.64175660061086770  0.65084922106985310  0.65942905296121590
  0.66853653370605415  0.67892932331665434  0.69039636785097247  0.70117298179905008
  0.71188318321579669  0.72219343700974148  0.73253474486832271  0.74289209404846568
  0.75330369849178547  0.76381621562493396  0.77434196425552559  0.78479445256247282
  0.79568459220230536  0.80677609351934987  0.81727458084266280  0.82715145114626032
  0.83681649884563891  0.84693654362059501  0.85776312588209858  0.86859985757592939
  0.87895915541564551  0.88869610243125974  0.89846408891893625  0.90846364140237024
  0.91884010163662477  0.93002449480336913  0.94160251733310407  0.95327512894054978
  0.96545510617578800  0.97693290990364168  0.98881877404214669  1.00000000000000000
  0.04692122338353383  0.21889434489377002  0.32406556485883531  0.40384658764190201
  0.46634770969774136  0.51694863148639647  0.55972023149410532  0.59597819294292043
  0.62749257313292117  0.65516119986424415  0.67962718330045935  0.70125895866941923
  0.72041046923314178  0.73803104593600677  0.75420006337688461  0.76886005033720217
  0.78232589742957470  0.79492556507847345  0.80658470281345729  0.81729877795778316
  0.82742843880024730  0.83670896566330721  0.84511521720101057  0.85308905202003504
  0.86037354085892648  0.86720920591957862  0.87361741486342792  0.87959880733680984
  0.88531136275401978  0.89090120838407849  0.89620314249932109  0.90100973680581320
  0.90546027340176949  0.90969383814920313  0.91381797046942781  0.91782257924518662
  0.92166335556137768  0.92534210321470112  0.92882320503088844  0.93212799038690985
  0.93530099403097910  0.93827544203542113  0.94100481365529853  0.94363394163876879
  0.94622503728687135  0.94860579128542066  0.95081891284829367  0.95292458948731129
  0.95495106774209937  0.95697545912372028  0.95888025139783073  0.96060559505275633
  0.96229555281729917  0.96398769765284531  0.96557441581984460  0.96708669837877592
  0.96851877853798096  0.96986775743317688  0.97118383151098886  0.97248611044521094
  0.97377332465024857  0.97501960109659325  0.97621748418675347  0.97739006480590229
  0.97851347106542974  0.97958724328587010  0.98063065100249069  0.98161629255888005
  0.98255850707361292  0.98346718139242317  0.98434814564307149  0.98520639361976703
  0.98603510795142779  0.98685837173751023  0.98764506442216482  0.98839361925319114
  0.98910921009670871  0.98979782062437538  0.99045627455260654  0.99109229707956092
  0.99169577810604059  0.99229768868173851  0.99289733606231367  0.99346602594022537
  0.99400541176384960  0.99451175862965135  0.99500487573000085  0.99548996475419804
  0.99596852373411338  0.99644955825236492  0.99693362665222207  0.99742541499389625
  0.99793506522493614  0.99848540954323151  0.99916138014835132  1.00000000000000000
 -0.02219820541706085  0.10805845331619215  0.14827707197276968  0.17398252425148983
  0.19389415496506113  0.21037953423049818  0.22493082104673720  0.23846277569268665
  0.25070800548358840  0.26214546949823891  0.27294724429981548  0.28378054165398031
  0.29387653706305839  0.30336022721693223  0.31241959005519926  0.32169280928815919
  0.33115005847431600  0.34002284460911925  0.34847957889787951  0.35662875777543118
  0.36453552564968977  0.37223909718109649  0.37975735424999496  0.38701844354987730
  0.39379420354614503  0.40082078529084475  0.40813620281163637  0.41562514259591421
  0.42257086375956093  0.42921511175566196  0.43572074043441894  0.44217439029351929
  0.44848493846719661  0.45491379887482664  0.46142895137076589  0.46836969485827806
  0.47548071209812026  0.48125334359979483  0.48682193639676868  0.49240727816397811
  0.49796374579096753  0.50404403094622552  0.51068804078034868  0.51708123773516168
  0.52303630038975990  0.52886706639155867  0.53471780744044572  0.54067057975989030
  0.54665483650576785  0.55251929062126226  0.55838631371203806  0.56442782960748228
  0.57050478248224656  0.57655947042547884  0.58263795485780145  0.58891546523862270
  0.59549958582259632  0.60201799735911754  0.60833411257220971  0.61426392154820997
  0.62029670663206360  0.62637484160376744  0.63264117608651549  0.63888530153569334
  0.64515484782032617  0.65154736659305745  0.65805183734900030  0.66435261245158828
  0.67065309062470713  0.67710370617846205  0.68355907298174068  0.68996633696123266
  0.69621855742058369  0.70251424886417446  0.70914242151239648  0.71585352545193826
  0.72273307811280918  0.72989394325855816  0.73695468263417918  0.74396829401747711
  0.75036980023721300  0.75690800017147641  0.76376905910096216  0.77099213601832939
  0.77894608712354596  0.78715344685008093  0.79595428262196077  0.80531254480488257
  0.81532051419449725  0.82662557461060227  0.83903555967660559  0.85266796779553400
  0.86809950501279820  0.88711499006335925  0.91888916682462674  1.00000000000000000
   1.2247085892452946E-009  -1.0000000000000000     
 F F F F F F F F F F F F F F F F F F F F F F F F F F F F F F F F F F F F F F F F F F F F F F F F F F F F F F F F F F F F F F F F F F F F F F F F F F F F F F F F F F F F F F F F F F F F F F F F F F F F F F F F F F F F F F F F F F F F F F F F F F F F F F F F
  <DiscreteSampler_grid>
  grouped_processes
  1 # 1 for a reference and 2 for a running grid.
  10 # Attribute 'min_bin_probing_points' of the grid.
  1 # Attribute 'grid_mode' of the grid. 1=='default',2=='initialization'
  0.0000000000000000 # Attribute 'small_contrib_threshold' of the grid.
  0.5000000000000000 # Attribute 'damping_power' of the grid.
 # binID   n_entries weight   weight_sqr   abs_weight
    10   10   3.291032950593114E+003   1.043174304726765E+008   3.291032950593114E+003
  </DiscreteSampler_grid>
