  0.00888078256858253  0.01775456866343236  0.02705717039641254  0.03705043223666958
  0.04705882072973991  0.05782969896558051  0.06923080636693710  0.08055022922489564
  0.09164395683745609  0.10267479071233036  0.11353926305005725  0.12384319777357770
  0.13363259704481076  0.14360395294050088  0.15453122884234718  0.16632585539325270
  0.17802507172246487  0.18918635724676747  0.19985148425368873  0.21012707105216116
  0.22033143128662877  0.23086341884191622  0.24191839373015439  0.25338442690229479
  0.26517311573079205  0.27681061611398394  0.28795085782053559  0.29910457134990825
  0.31029266372100128  0.32138142165710260  0.33200479666418192  0.34327171128867751
  0.35506238991097810  0.36743098432163374  0.38028212353819535  0.39223662724860486
  0.40376157124642459  0.41426081959101446  0.42461036963446563  0.43492587113199532
  0.44509459534036655  0.45513614946269598  0.46482623294563691  0.47426752669995009
  0.48348008611178472  0.49284356938261770  0.50242494724579445  0.51240225517994420
  0.52206313152547223  0.53145173651050837  0.54109540886415119  0.55112357702475701
  0.56125892947846778  0.57187537580976611  0.58260543978080381  0.59315721184189962
  0.60332294746744142  0.61349632620733319  0.62406588136546126  0.63465149795001885
  0.64484269959285934  0.65446606078568115  0.66412659338684654  0.67423842806143974
  0.68421504452306181  0.69429375818933370  0.70473588277523380  0.71568018224438623
  0.72632858724035954  0.73690513524035828  0.74774877468641676  0.75763260854737791
  0.76672152115140380  0.77570572011383254  0.78436341963585543  0.79270974851521570
  0.80110190670963477  0.80981711005638457  0.81944896328929173  0.83035937557146744
  0.84116505006847408  0.85225309333694521  0.86263720286563927  0.87210061323018651
  0.88215932627352722  0.89197860733372702  0.90211094915962486  0.91214252419765152
  0.92212401379981079  0.93256477526707582  0.94348261863885452  0.95447437836872451
  0.96573422993391389  0.97622232124668085  0.98802257509642033  1.00000000000000000
  0.00000266466410598  0.00000274807283523  0.00000282708939854  0.00000290877189328
  0.00000299193179458  0.00000307370562997  0.00000315379730641  0.00000327268019106
  0.00000343473627674  0.00000360608513826  0.00000378193953979  0.00000397417542446
  0.00000417512453971  0.00000439880261676  0.00000463761129119  0.00000487647812132
  0.00000514013382636  0.00000542283598608  0.00000570844775124  0.00000600482469239
  0.00000631049038071  0.00000663769166878  0.00000700727280249  0.00000741844063604
  0.00000786157411437  0.00000832800182096  0.00000879763759535  0.00000928632143489
  0.00000982778770115  0.00001040838685115  0.00001100688643278  0.00001164758525647
  0.00001233812989644  0.00001306056210306  0.00001378968089816  0.00001452987949721
  0.00001527941975172  0.00001605434794064  0.00001690206987316  0.00001778628780831
  0.00001869130921099  0.00001965646373622  0.00002070723630321  0.00002180470499158
  0.00002300354698956  0.00002428101139460  0.00002566183170871  0.00002712893807284
  0.00002866385900021  0.00003029712724682  0.00003206181127235  0.00003383782296120
  0.00003574798061205  0.00003778896625391  0.00003989339055466  0.00004199377225259
  0.00004411800705007  0.00004628944259801  0.00004850351344291  0.00005086335095940
  0.00005340267341123  0.00005616375567737  0.00005929350663963  0.00006258025667977
  0.00006616004816051  0.00006994097920019  0.00007382783781842  0.00007839330832030
  0.00008358621879634  0.00008915696743416  0.00009524496404740  0.00010192471882057
  0.00010909556323301  0.00011688481869642  0.00012553522882055  0.00013520984471494
  0.00014612237126889  0.00015806472190244  0.00017148005851483  0.00018626134528200
  0.00020391240592824  0.00022556984213427  0.00025253179964490  0.00028486104233089
  0.00032480595386940  0.00037803925684090  0.00044749009712767  0.00052993963748532
  0.00063278067878757  0.00079837307936910  0.00103979738907479  0.00142174356113782
  0.00241408890793461  0.00654301428595543  0.17412751793512571  1.00000000000000000
  0.00000232528047726  0.00000262303382561  0.00000285310402792  0.00000310049655443
  0.00000336435806038  0.00000363043446414  0.00000390395050185  0.00000420680681333
  0.00000452551715576  0.00000485396807342  0.00000521143454255  0.00000562988270455
  0.00000607549275079  0.00000653982539070  0.00000703158366065  0.00000752764454467
  0.00000799725359380  0.00000844616628774  0.00000892948697032  0.00000946933484347
  0.00001001319623698  0.00001053885111449  0.00001106117620308  0.00001159408072486
  0.00001212771515512  0.00001271752920724  0.00001336231814790  0.00001402833764411
  0.00001473790049262  0.00001547796607359  0.00001625270761799  0.00001712322791673
  0.00001808963819149  0.00001907725012645  0.00002008134878331  0.00002110874554978
  0.00002214355769196  0.00002321221892449  0.00002433877114458  0.00002550025375831
  0.00002670233433600  0.00002793842200658  0.00002925158759682  0.00003067555634508
  0.00003220265953430  0.00003376462371467  0.00003529412891266  0.00003687784324346
  0.00003855468942556  0.00004034870585254  0.00004229952641136  0.00004442027377994
  0.00004665402750205  0.00004898562893874  0.00005129871777941  0.00005367142276240
  0.00005608525146255  0.00005864634754580  0.00006133799852554  0.00006415285765475
  0.00006723256998458  0.00007056810238446  0.00007413518836419  0.00007806261516637
  0.00008236782753008  0.00008688171994124  0.00009181002230914  0.00009720795401748
  0.00010270215923417  0.00010884809407084  0.00011544260012428  0.00012206113825713
  0.00012951113574250  0.00013779352438795  0.00014726771415698  0.00015816378889547
  0.00016998653911392  0.00018290012754783  0.00019740270902683  0.00021477556777356
  0.00023610510641246  0.00026103375051838  0.00028968703875053  0.00032340503455675
  0.00036342018459981  0.00041457925713483  0.00047494821236510  0.00056039646687207
  0.00068052836017081  0.00084784617989793  0.00108509749183780  0.00153357119296938
  0.00249841697683440  0.00745046551038801  0.23837717781837175  1.00000000000000000
 -0.00268810397499060  0.01021167195948811  0.02137428921855990  0.03158820406361941
  0.04190736704903756  0.05195459514236400  0.06211946379589395  0.07280327023341887
  0.08429861908579542  0.09619399001193486  0.10720155920529677  0.11772954563873812
  0.12798012380033755  0.13862753134427253  0.14991048303292287  0.16131417422108119
  0.17240387644572641  0.18296379549124761  0.19323191742944268  0.20385626355083797
  0.21484747291768713  0.22605973250367728  0.23644743362570861  0.24591453361040316
  0.25506844884238267  0.26433060729329022  0.27369312483929847  0.28292629303645428
  0.29258175747722759  0.30408150296328229  0.31597481483486489  0.32790423172313471
  0.33919055470136578  0.34998266989552967  0.36035518751136197  0.37108382203857027
  0.38217549229291053  0.39317770343779651  0.40344525222980671  0.41342285406152596
  0.42359771943124552  0.43460153570336929  0.44559108246643558  0.45643545355367582
  0.46661660935915616  0.47670325701003963  0.48681694381734425  0.49721392265258901
  0.50800478336571919  0.51930076612841569  0.53018262507390279  0.54086720371860986
  0.55124059981004803  0.56187601607673132  0.57271122021277199  0.58354979039750843
  0.59308415517944180  0.60274635992976366  0.61224232501770659  0.62209113847336639
  0.63247571833512617  0.64215254392659249  0.65248559207101930  0.66323671932194439
  0.67394595312632244  0.68427575660019468  0.69510647287157523  0.70598371708608099
  0.71684102433806773  0.72763877628650697  0.73873111880769970  0.74975273515173246
  0.76039962552867835  0.77103618541382968  0.78214338805546157  0.79419759555497760
  0.80557066516835385  0.81618754028364437  0.82636183647519978  0.83583208980330137
  0.84514945822373988  0.85512497109747498  0.86539294027973102  0.87593062759448725
  0.88672726302943139  0.89670186681148045  0.90652637582991336  0.91708101479553028
  0.92855602534783432  0.93983885141544932  0.95039389792928952  0.96049608107621076
  0.97030105083539686  0.98053880056824305  0.99010599943882049  1.00000000000000000
 -0.00265164776608687  0.00953601833727235  0.02037054509495560  0.03109912690295647
  0.04255267118270263  0.05449364573075823  0.06622143060319305  0.07709116753902187
  0.08754807823318683  0.09790407252221511  0.10817379215325486  0.11886832313585234
  0.12992496904022113  0.14114762811241277  0.15234515163712803  0.16306670407143908
  0.17312609353441383  0.18293150230275265  0.19260427555303009  0.20314089230158613
  0.21424933957308531  0.22511347026873427  0.23621352633607273  0.24770047441176951
  0.25934766114559860  0.27095565507706720  0.28239119511618233  0.29369114094138327
  0.30492129591015782  0.31613334022842471  0.32721647187707914  0.33770412299573066
  0.34753433222230301  0.35694296430048289  0.36646069518897095  0.37657616054331428
  0.38694255273798456  0.39764582324333941  0.40843984351113127  0.41958089088917017
  0.43089033683379158  0.44243596615183384  0.45400780070567254  0.46510595750019179
  0.47572754261548400  0.48620092622064892  0.49748703832536023  0.50962142101874619
  0.52160427246379015  0.53304271901586786  0.54395017841399074  0.55442355601697624
  0.56445193536936900  0.57430993548865683  0.58458192138379983  0.59547331761786948
  0.60682849095893032  0.61829565023058619  0.62929366730054881  0.63961960839120557
  0.64894374085040485  0.65820673891972048  0.66762577738180773  0.67736671855346264
  0.68726726486699929  0.69756958710619144  0.70809381170270869  0.71835902834219567
  0.72829645752612937  0.73796721747037819  0.74745851780872263  0.75712155152545080
  0.76746333814256606  0.77879688699113014  0.78951513068840584  0.79880151228792695
  0.80818828312750479  0.81797742523198314  0.82754292865025825  0.83676115537819107
  0.84618010514884734  0.85535401167763603  0.86541299174228337  0.87564267604560386
  0.88587712894876247  0.89629307097892286  0.90622621552610805  0.91650167580165331
  0.92694565002170581  0.93721415123117136  0.94735283868990694  0.95769460062381340
  0.96876953235989283  0.97976215760824770  0.99007177640654265  1.00000000000000000
 -0.00215412977373184  0.00882095613923306  0.01873300299662341  0.02915383268161388
  0.03972184539574150  0.05085370822495494  0.06215254720619185  0.07389050613115586
  0.08561880000106367  0.09568670529838086  0.10578813041820967  0.11571893047609835
  0.12637806722464270  0.13703036935819865  0.14772362184563026  0.15840440685216173
  0.16838072427183226  0.17781782010788597  0.18720310908442078  0.19670448386964218
  0.20637709803910129  0.21630322286120754  0.22612969786492088  0.23606024206217208
  0.24604618500017295  0.25593769277002004  0.26603339281092292  0.27627754020988321
  0.28658142820441995  0.29776380138303327  0.30911491961162457  0.32066522129680908
  0.33212606439858877  0.34354524662641439  0.35470643627696724  0.36569479630738050
  0.37659740661686758  0.38754083397164374  0.39844316111343225  0.40901887956875721
  0.42029078162002359  0.43180847035305214  0.44262898420934771  0.45239228270998960
  0.46308930166026618  0.47434188265112620  0.48641329151957668  0.49723285492138358
  0.50735079635599112  0.51729194357779196  0.52745870847060750  0.53827151900857306
  0.54873295440758352  0.55847474468512537  0.56825075409795045  0.57895281770715845
  0.58905760268174523  0.59858129292011508  0.60839156599592936  0.61823856416866396
  0.62776443506254442  0.63703158611732102  0.64661121143395728  0.65769730214224809
  0.66941591169618819  0.68093615445879285  0.69201472182227353  0.70251084735052405
  0.71271559736553536  0.72315412425251802  0.73387976519322629  0.74497363059239641
  0.75615855223271433  0.76698840274901781  0.77751901829217240  0.78793603500905607
  0.79838909184208939  0.80877617914398059  0.81929108030736675  0.83042052517255749
  0.84171151778257647  0.85286823013963853  0.86376515492738448  0.87453600563632550
  0.88523460280076249  0.89602073515613068  0.90644530647205557  0.91731227988544928
  0.92859138579186273  0.94005398970963783  0.95152621447496588  0.96237376977825717
  0.97202438055784335  0.98110903468279520  0.98997278047296677  1.00000000000000000
  0.00003343392329712  0.00015234868414545  0.00049364619063220  0.00096819451921831
  0.00150986823441410  0.00193738447349521  0.00233754560788352  0.00278408657289344
  0.00324695053370199  0.00372035691394043  0.00420351231755765  0.00469533655021509
  0.00519521940823926  0.00571357127710508  0.00624298036803389  0.00677426106954361
  0.00730220629431651  0.00782762503270452  0.00835942884442684  0.00888278077357796
  0.00941382744637535  0.00994454896252235  0.01047341717458117  0.01099761556542691
  0.01153882906980878  0.01210536419727352  0.01267854625935811  0.01326683294644823
  0.01386755906465896  0.01446049201297574  0.01505456694003756  0.01567638920620691
  0.01631358722803506  0.01695843190242476  0.01760562927817236  0.01826230890048709
  0.01894023662625771  0.01964540170612042  0.02038144668233825  0.02112699879795373
  0.02182446109125313  0.02250419872031263  0.02316815035092885  0.02382254119568340
  0.02448500195207026  0.02515065524940580  0.02582060306766524  0.02649319742318373
  0.02717095461462223  0.02787540705075708  0.02859352583051354  0.02935578109652974
  0.03013863894932949  0.03092160699096123  0.03170169270135041  0.03247430805054181
  0.03323976211266754  0.03401822474370776  0.03483689269487024  0.03571618310740426
  0.03662858439583228  0.03756907236024159  0.03853012028102424  0.03951222761128793
  0.04044971971305256  0.04129165020628014  0.04217315676712193  0.04317443738921441
  0.04430631803630544  0.04559718745579753  0.04696556604757889  0.04829885664177810
  0.04964148620566290  0.05103911690785119  0.05247590555618470  0.05398470649910274
  0.05583432505292591  0.05753539113278418  0.05905570864955793  0.06060131987346176
  0.06215682912934465  0.06385873860636088  0.06567647952120932  0.06788183188199266
  0.07077004167374386  0.07343215941550996  0.07621410605289326  0.07923685363686180
  0.08242185909799324  0.08682496397241592  0.09317563233722047  0.10041314101561402
  0.11007842134155191  0.12864203362498752  0.17872449364545190  1.00000000000000000
 -0.00261133018507707  0.01058446637708099  0.02259578708627900  0.03376641967027887
  0.04549642753658842  0.05727127656144807  0.06899071491586431  0.08081653927402484
  0.09202372547769148  0.10403848391145629  0.11587634320886542  0.12738333914342506
  0.13825139913312104  0.14878898832473605  0.15932687579595387  0.17019292120585924
  0.18155901710144856  0.19393918897624843  0.20621136041756744  0.21790314929138052
  0.22885605584616306  0.24034746701966539  0.25185850606753113  0.26294258639642998
  0.27421766156212507  0.28548290544128468  0.29689239942785728  0.30865709783843120
  0.31903510266194846  0.32917001181812083  0.33909131766039430  0.34904993146068153
  0.35840566250320888  0.36714561311995891  0.37623616608689447  0.38641015950604712
  0.39706153533631083  0.40710207662761433  0.41654229429779521  0.42600157127232263
  0.43563953250438237  0.44524607790076809  0.45500016958761924  0.46491923427238158
  0.47502982106926694  0.48503941425696734  0.49450314332700168  0.50337667934392671
  0.51211704848873874  0.52126124753601244  0.53057406209029989  0.53964810547909270
  0.54832840518887993  0.55688413823576222  0.56566029968660592  0.57485495767159445
  0.58448276606627514  0.59452273298715141  0.60492707922580580  0.61557196827476368
  0.62541844628328924  0.63585420374852430  0.64579703537162236  0.65541681873707880
  0.66459150963509328  0.67362904213809160  0.68275317418777381  0.69170818729528261
  0.70009611271566596  0.70862001992129964  0.71818462303313102  0.72832973025932413
  0.73833505310783798  0.74820095785973295  0.75832634174963909  0.76856668522401173
  0.77861719621354797  0.78851851931885586  0.79865605063459544  0.80944785701142308
  0.82118929574294608  0.83389049816953986  0.84637669305087204  0.85801789871818801
  0.86940598975939987  0.88131328172386958  0.89385900835800514  0.90594985210439971
  0.91756790926926524  0.92917480657803797  0.94180752136216472  0.95472639529957626
  0.96629738902156059  0.97743188540132797  0.98833949454075454  1.00000000000000000
  0.00385803846860701  0.24475566210349578  0.34326945650222962  0.41930822209614882
  0.47863943409628174  0.52747257454827867  0.56818905920163354  0.60245726497640073
  0.63293297178752839  0.65973915532734662  0.68321017231066905  0.70474978914278175
  0.72405953096504760  0.74130131928068921  0.75698608224055974  0.77125702702723953
  0.78434152933069101  0.79645057821076704  0.80763120847536318  0.81806081567751066
  0.82776185549535397  0.83678308433190884  0.84526838582917541  0.85341286223742840
  0.86096777534477742  0.86811347037675879  0.87480673394924979  0.88102647723234961
  0.88682189443791137  0.89223381699699167  0.89728391227603499  0.90201268677913060
  0.90651671651284071  0.91080810959636516  0.91484427518655254  0.91854625385299893
  0.92202291916995605  0.92533877600945469  0.92856058934323482  0.93169526449337148
  0.93471835878510379  0.93761695624918784  0.94029132460794695  0.94272340939342092
  0.94510954608294617  0.94740006070599125  0.94968441303207951  0.95192045297100536
  0.95412028521454051  0.95634816599306638  0.95846370896035982  0.96018013118316792
  0.96185425655293610  0.96351151700769466  0.96507893186312621  0.96657736367733271
  0.96802834273554350  0.96942021647650178  0.97076821020033655  0.97207241671414435
  0.97329925790020400  0.97447151931561937  0.97557950312619768  0.97663618044785427
  0.97770575989155439  0.97873127809058347  0.97971053395519181  0.98066102360737373
  0.98157695909431264  0.98246922053492891  0.98335137734229749  0.98420825277926882
  0.98502721272312199  0.98581675264840585  0.98656983369612272  0.98731027735039811
  0.98803475255762296  0.98874294129655993  0.98943681761547186  0.99011323326997747
  0.99075117109344291  0.99138347535304616  0.99201780271641060  0.99265018157473905
  0.99326718851328399  0.99386099681117634  0.99441769811144143  0.99495434026652785
  0.99546913280529159  0.99595927302503739  0.99650435984894703  0.99705760545647448
  0.99764834371011402  0.99831191028196653  0.99908121642521419  1.00000000000000000
 -0.02170676930380086  0.10511806878154337  0.14329092824449968  0.16837077239429840
  0.18842518504800468  0.20634784760874691  0.22272722094465758  0.23722706296982943
  0.25032965346788549  0.26189214615008982  0.27281960994362198  0.28322843248682827
  0.29310267644014654  0.30239739992135634  0.31150859695888278  0.32040263048926748
  0.32916541759680235  0.33775452309362042  0.34629592848633473  0.35459637768230023
  0.36241640321665342  0.36993594769419530  0.37745367841341987  0.38502804553654041
  0.39252364938939238  0.39992085915040099  0.40702200859091464  0.41396127754570389
  0.42051006839419103  0.42678431582202164  0.43351605238394136  0.44013830786534119
  0.44649673703174342  0.45269734487726382  0.45884570478901032  0.46505058442727965
  0.47110329077225321  0.47689292005444983  0.48276473274646514  0.48931270100618324
  0.49619240442279189  0.50311979798532869  0.50945465041944260  0.51552378929997011
  0.52156467459586897  0.52797109328719971  0.53430461270854079  0.54054674739295228
  0.54653000871934787  0.55229701980379631  0.55778566191463430  0.56313992895304021
  0.56869791389275115  0.57426894414751117  0.57977736981099237  0.58560304436448185
  0.59160391327912498  0.59743644478422464  0.60316266266796137  0.60892563040085101
  0.61475668798075656  0.62062473330002621  0.62673291219595695  0.63311306902309239
  0.63941652975507612  0.64564961994862058  0.65185673460984650  0.65777866557208908
  0.66405137139162307  0.67049992827323435  0.67730826362661012  0.68431153108144627
  0.69123739277672080  0.69810284874255357  0.70490422905265826  0.71171507348471419
  0.71877920433795772  0.72590710772591915  0.73297524166796379  0.74002298990464599
  0.74694836251510843  0.75393222299097162  0.76125938950767758  0.76932271244523209
  0.77791228894829056  0.78652991691630059  0.79543490197234334  0.80498085476554926
  0.81539232458615851  0.82661152367926072  0.83869877144039096  0.85222625481667325
  0.86841975864764598  0.88932535944618529  0.92134419882907659  1.00000000000000000
   1.1526679981785960E-009  -1.0000000000000000     
 F F F F F F F F F F F F F F F F F F F F F F F F F F F F F F F F F F F F F F F F F F F F F F F F F F F F F F F F F F F F F F F F F F F F F F F F F F F F F F F F F F F F F F F F F F F F F F F F F F F F F F F F F F F F F F F F F F F F F F F F F F F F F F F F
  <DiscreteSampler_grid>
  grouped_processes
  1 # 1 for a reference and 2 for a running grid.
  10 # Attribute 'min_bin_probing_points' of the grid.
  1 # Attribute 'grid_mode' of the grid. 1=='default',2=='initialization'
  0.0000000000000000 # Attribute 'small_contrib_threshold' of the grid.
  0.5000000000000000 # Attribute 'damping_power' of the grid.
 # binID   n_entries weight   weight_sqr   abs_weight
    10   10   6.722723903006506E+002   1.971694731199156E+006   6.722723903006506E+002
  </DiscreteSampler_grid>
