  0.00968958711634592  0.01569870017319686  0.02370900790072493  0.03214753543975616
  0.04112469492289576  0.05087149621294141  0.06103860615785545  0.07160338572751139
  0.08248018128995203  0.09349877457038315  0.10489874167402870  0.11652016967237201
  0.12806442232427953  0.13949265115699916  0.15045519868651444  0.16086190771351666
  0.17130317620965677  0.18189090244739478  0.19250621888379266  0.20282017081840356
  0.21339174347631820  0.22449045710178978  0.23559330539853757  0.24632245011857115
  0.25699053895749929  0.26719498477789166  0.27724202519147317  0.28716571707425143
  0.29764203801850014  0.30825021376383471  0.31894879596617481  0.32947479052839562
  0.33983756249606861  0.34977954752949347  0.35967975460205631  0.36963726802438318
  0.37965118491167615  0.38954274909138037  0.39991109538932018  0.41072187350381717
  0.42170399626621247  0.43225174272377670  0.44268667245131932  0.45261106552938596
  0.46269033713755425  0.47326588639152145  0.48397910704608771  0.49439435804348547
  0.50441681842146835  0.51432942940030957  0.52464750162675133  0.53476991709006816
  0.54510441271117838  0.55537982732274682  0.56563663891486093  0.57566987218154664
  0.58598359234759345  0.59677195516666615  0.60786886166471921  0.61901836436986757
  0.63027861177027378  0.64152232342828053  0.65285553667551854  0.66397319909683006
  0.67399427479097551  0.68416392978677276  0.69488218434121884  0.70596980919951124
  0.71685355822069685  0.72757569378042053  0.73833572039742079  0.74887939941534165
  0.75910990920038612  0.76994957213807136  0.78125776897800192  0.79240245004398902
  0.80179980790978234  0.81169077194887729  0.82149278205147780  0.83150337451453371
  0.84166659232012542  0.85222772190060214  0.86387471710707397  0.87497691729756388
  0.88564240137666628  0.89601731017407382  0.90653111014192067  0.91745877286577338
  0.92801771931098098  0.93876618398753275  0.94994534750622650  0.96146782939052633
  0.97247721545104926  0.98212841340690349  0.99145775264167368  1.00000000000000000
  0.00000243382427401  0.00000252596517943  0.00000257319782638  0.00000262228098212
  0.00000266725305821  0.00000272847697993  0.00000279572098078  0.00000288019708441
  0.00000297909695052  0.00000308374065968  0.00000320285107127  0.00000334428411145
  0.00000349299055608  0.00000364923126074  0.00000382925132064  0.00000401817721487
  0.00000421462436354  0.00000442879019525  0.00000465991895208  0.00000490975150058
  0.00000519108658109  0.00000549823234225  0.00000582822754467  0.00000618326212428
  0.00000654503038762  0.00000693867113077  0.00000736418467877  0.00000782747998287
  0.00000830431238316  0.00000877530612275  0.00000925012721653  0.00000975283366726
  0.00001030654371721  0.00001090018690513  0.00001152972948269  0.00001220119715181
  0.00001294962511586  0.00001376263411546  0.00001460806829601  0.00001547083833771
  0.00001635978314270  0.00001729609375092  0.00001829334547677  0.00001935798909625
  0.00002049439822215  0.00002166094949372  0.00002285774372921  0.00002411050226802
  0.00002544494494265  0.00002682567587561  0.00002831667612019  0.00002992104193788
  0.00003166492861644  0.00003354185154827  0.00003550073849364  0.00003749487562176
  0.00003956286160716  0.00004187345985845  0.00004435967976682  0.00004706547276838
  0.00004992279726809  0.00005288283516007  0.00005601696241254  0.00005939502994516
  0.00006294598280177  0.00006667971094312  0.00007068976997458  0.00007503125554371
  0.00008018191905077  0.00008601286430786  0.00009215474429788  0.00009856952588619
  0.00010552630299653  0.00011341146716370  0.00012231161261025  0.00013246904702094
  0.00014432428072801  0.00015738400403968  0.00017130685918545  0.00018712969058383
  0.00020598813756983  0.00022755943009292  0.00025257450720613  0.00028169928340143
  0.00031643710593047  0.00035939964615244  0.00041021276664265  0.00047326163744689
  0.00058152531353719  0.00073405936006468  0.00096613352172702  0.00143721563121177
  0.00262418899554877  0.01023316571015622  0.15862812025599438  1.00000000000000000
  0.00000235290673063  0.00000262891565982  0.00000289110113854  0.00000315744272835
  0.00000344771343512  0.00000374003221844  0.00000402903749869  0.00000433040114972
  0.00000466592330987  0.00000501602162582  0.00000536186863059  0.00000572518737212
  0.00000611712818218  0.00000654960424372  0.00000701278589282  0.00000748013091324
  0.00000795919525248  0.00000844027458401  0.00000892340193793  0.00000941758589418
  0.00000990990291159  0.00001041150537259  0.00001095608581392  0.00001152142219697
  0.00001212199024242  0.00001275404928382  0.00001342734534244  0.00001413926532011
  0.00001489715249011  0.00001571004745356  0.00001657524787035  0.00001749822277563
  0.00001843471446462  0.00001935687775076  0.00002030008359570  0.00002128303082581
  0.00002231381380572  0.00002341481912971  0.00002458790894547  0.00002583224721677
  0.00002716781595686  0.00002847774018237  0.00002980888403054  0.00003118713481585
  0.00003260445389542  0.00003401671725398  0.00003545060843982  0.00003701380753174
  0.00003857530262565  0.00004027200315028  0.00004214084926247  0.00004416211900416
  0.00004633394941056  0.00004868507165778  0.00005111589516083  0.00005365981884723
  0.00005635613504882  0.00005921117810430  0.00006230637430019  0.00006549682138589
  0.00006893964187238  0.00007263561791014  0.00007654689384058  0.00008060284531894
  0.00008478716467795  0.00008913991150299  0.00009373668841135  0.00009856213380088
  0.00010365114530962  0.00010925510931224  0.00011550194069358  0.00012260291468588
  0.00013044882766929  0.00013865226983580  0.00014808079861115  0.00015880647826819
  0.00017042361815234  0.00018279460139686  0.00019680705994453  0.00021346859035324
  0.00023305975922346  0.00025519477423620  0.00028045817970274  0.00030945126358945
  0.00034477574986576  0.00038921684239340  0.00044734126118871  0.00052987592470658
  0.00064774508420872  0.00081746685339232  0.00105145125182882  0.00148426332455080
  0.00263875500701086  0.00940750376094593  0.15882088057376015  1.00000000000000000
 -0.00251264739066233  0.00946463008945037  0.02065860537048907  0.03122818012796267
  0.04152777185287130  0.05198674795981714  0.06289978750600814  0.07443712695555049
  0.08530421757846773  0.09531097563699581  0.10503370302377804  0.11462334863983784
  0.12414576479861131  0.13323327821818443  0.14191794582047126  0.15141324110218707
  0.16186319666479798  0.17263783242163164  0.18372067634170855  0.19469845165252994
  0.20529733645716230  0.21575834724026494  0.22698025928855342  0.23902117158227471
  0.25036015472781398  0.26093866993762221  0.27147585273662533  0.28277574552973811
  0.29346371701840029  0.30377303658494947  0.31374171232922271  0.32383751385133241
  0.33416396909774199  0.34438215444521136  0.35437692177898672  0.36415710153228770
  0.37393854446082447  0.38384956767856615  0.39394685353930636  0.40389573558659309
  0.41390074534571092  0.42410741540774338  0.43473712004788778  0.44592464275630783
  0.45662781226471744  0.46649421964642063  0.47609328932680639  0.48579802598564797
  0.49508294210944459  0.50360231991870930  0.51233869619581840  0.52130332083514552
  0.53051545603337824  0.53984631169981290  0.54980603247233817  0.56079385694487827
  0.57185619059414650  0.58299179512438160  0.59377430284313315  0.60422680614237489
  0.61476904039804614  0.62533193181627766  0.63621450852637507  0.64673545670497279
  0.65733542857218397  0.66826323726006065  0.67954303617799960  0.69088940167863688
  0.70208712077368973  0.71321716698772564  0.72426812702099708  0.73444299228153387
  0.74462465840388004  0.75545538205170759  0.76709987342893815  0.77921357269447766
  0.79136384295404205  0.80352340781294707  0.81547850353581819  0.82693656335215504
  0.83824618628699388  0.84930768849937521  0.86040159428649343  0.87043025356085757
  0.88078020581834038  0.89106972545613927  0.90219677289822198  0.91342272108276912
  0.92506666948632355  0.93673716280750152  0.94845382896996433  0.95960160424591257
  0.97011020767411782  0.98047313574271744  0.99024202059141953  1.00000000000000000
 -0.00234467777570068  0.00982348637328239  0.02021173261075372  0.03140356883820555
  0.04262768994080317  0.05457709347030999  0.06630746782443764  0.07743429093911923
  0.08820045246134602  0.09921278838243688  0.11042529506659303  0.12156587016938526
  0.13241124214554939  0.14322559862726608  0.15452853882806553  0.16563845088651857
  0.17666084922199993  0.18786633463457730  0.19967286155987699  0.21096210268861001
  0.22180832280386675  0.23240898946506749  0.24311814885309485  0.25336145095402562
  0.26300370121029920  0.27224181666225311  0.28121146336014385  0.29055048049264820
  0.30062966337443325  0.31054256505073669  0.32079399977462031  0.33137546849153809
  0.34095660835200731  0.35083147748993632  0.36081292424829853  0.37081149042622430
  0.38104423021776052  0.39061886808893559  0.40005597863710657  0.41042315870847040
  0.42114921617524664  0.43211504208442958  0.44281414238244166  0.45353743408063735
  0.46401560993147345  0.47465524827790795  0.48575007458744385  0.49737909972461047
  0.50864514449268250  0.51980426879691433  0.53069425186540375  0.54151610269523820
  0.55172392339357246  0.56169007903484636  0.57116364816954379  0.58030898098836958
  0.58965958023262399  0.59899609968021650  0.60897566540714265  0.61969014185896365
  0.63084027742163795  0.64171133928802482  0.65241085798036169  0.66277146148527788
  0.67282434013177594  0.68284029337392005  0.69297248149235791  0.70315132033382166
  0.71321727887395980  0.72342431353221348  0.73352289049008257  0.74383543374702987
  0.75442117747772885  0.76575818076498603  0.77745837202613832  0.78870474499170762
  0.80004737962345962  0.81121202887647503  0.82239169940630019  0.83247779965443780
  0.84188730624163455  0.85124100923858737  0.86105697456387165  0.87105075774232588
  0.88109431808936889  0.89162424563645371  0.90292878935306353  0.91448507595248640
  0.92536465838424808  0.93566360955976446  0.94674329548027125  0.95768952114587369
  0.96829573688134674  0.97882556348769878  0.98955946764724056  1.00000000000000000
 -0.00254365729117846  0.00971664136586213  0.01978422512875183  0.03061578104131222
  0.04216591448567961  0.05151029450344676  0.06107435531204344  0.07047184509110720
  0.08028534669120307  0.08981953076371646  0.09921460228741877  0.10874548708915285
  0.11864517149991313  0.12876767311484652  0.13889110462148330  0.14934632125368141
  0.15980601684004964  0.17072519815470352  0.18192593502925505  0.19257580109547506
  0.20295309494420963  0.21327779792823903  0.22417088525582421  0.23559974157932920
  0.24648859425295341  0.25742491048072641  0.26808973783453915  0.27840916468602955
  0.28888461215599825  0.29974001192470223  0.31142904582177594  0.32287830328794914
  0.33471672997554230  0.34608908830406510  0.35750089290862508  0.36832789911064689
  0.37891532819276535  0.38899476418028689  0.39927745545714871  0.40991275222328533
  0.42088905562492301  0.43221702195623435  0.44349054645641217  0.45472720915670067
  0.46584057290262132  0.47712883154363794  0.48893165417230072  0.50076519509288930
  0.51183790686228803  0.52196716318471237  0.53154639809968318  0.54060383133158396
  0.55022795484919518  0.56054974496687360  0.57168925942412696  0.58295251472435183
  0.59373102324083238  0.60431475801921419  0.61465711832905667  0.62437882372704856
  0.63334413340818096  0.64255662975459094  0.65240719508919409  0.66301349909154761
  0.67283247077340724  0.68237161289546377  0.69195182665587940  0.70247796282424679
  0.71260935363044509  0.72274497804304572  0.73313393443349173  0.74370911605086132
  0.75506356142562292  0.76656480058735799  0.77748410304733939  0.78844336755532374
  0.79922480640042493  0.80983288057501701  0.82102141652856953  0.83192631427368002
  0.84290091710256776  0.85342137499122439  0.86425174448082576  0.87467733581088269
  0.88467049128219055  0.89460557403271379  0.90419592034936658  0.91408350859811238
  0.92459212394560164  0.93584496469314815  0.94681664426892187  0.95757435631080656
  0.96841031392882226  0.97945993330928793  0.98962452564965675  1.00000000000000000
  0.00005965938509501  0.00049264611323250  0.00095855928949627  0.00150580912897679
  0.00190773734154527  0.00231853770493979  0.00274012866687501  0.00316766741110884
  0.00360629663827807  0.00404967400448954  0.00450263375743153  0.00496697697523434
  0.00544047938347455  0.00592474254519219  0.00640374120429589  0.00688383810542417
  0.00736440382819912  0.00785010093532038  0.00835015950196287  0.00886937898882649
  0.00939555644189699  0.00991808954313294  0.01043753198598302  0.01095327038617770
  0.01147783285497396  0.01201465389854137  0.01255867531711732  0.01310457279282623
  0.01364717320951599  0.01419718737644856  0.01475652600693994  0.01534350946317407
  0.01595318183752815  0.01658660793374034  0.01721674360492853  0.01787327560015092
  0.01854458273223945  0.01922792373122180  0.01992526676977897  0.02061452490601484
  0.02128424873273733  0.02196762602264869  0.02264279635880357  0.02335012855391581
  0.02407296095371833  0.02483772052437485  0.02565054672411841  0.02651717806262723
  0.02742318632589952  0.02834322451505629  0.02929748220101788  0.03026352964970742
  0.03119070602002949  0.03208817513212234  0.03302365229446719  0.03404108748904369
  0.03504045106218889  0.03601178506724111  0.03700336366550677  0.03806484671969102
  0.03915639583526542  0.04024156657600397  0.04144259954786114  0.04280166678922200
  0.04429756773362574  0.04575282456491749  0.04731826477817061  0.04889534869321987
  0.05041961585574339  0.05190701416441956  0.05338292675448340  0.05477485499898094
  0.05621325330407148  0.05771372228556525  0.05941284179243754  0.06120263703346914
  0.06309767786733708  0.06492522912944666  0.06691676033730717  0.06940189973280582
  0.07173012516000536  0.07401982288753178  0.07663571697068329  0.08044037063732218
  0.08441967297858090  0.08725210359233676  0.09179874171173916  0.09536431797239868
  0.09803115145952201  0.10313802696663113  0.11060859300389694  0.12189451853103668
  0.13588885881860430  0.15063019389567719  0.52067262740971043  1.00000000000000000
 -0.00283594938907725  0.01148303384087924  0.02306575755227739  0.03385594795176515
  0.04471277933668936  0.05632940223977916  0.06755945710869818  0.07756072822901730
  0.08773359787459535  0.09838639132575050  0.10878962354844707  0.11915719898655205
  0.13050864593502493  0.14289962919407898  0.15480199611141376  0.16569621790749076
  0.17625737713075856  0.18669663533474881  0.19723798843053333  0.20811526228054175
  0.21916733824324089  0.23012145425378824  0.24095062443601026  0.25187658883283448
  0.26298958870317457  0.27419591274152072  0.28548445993100602  0.29672446952148213
  0.30758382469498191  0.31780772042342503  0.32724041485702560  0.33629641055154369
  0.34583518966522397  0.35639671825180097  0.36755883140363560  0.37851195652548464
  0.38904700658789876  0.39935544164852976  0.40958408509250599  0.41937538461887697
  0.42842235165735715  0.43742582999918350  0.44648940345987020  0.45603520624783911
  0.46546925071301476  0.47463474328696381  0.48346669461074043  0.49284599512148158
  0.50224708408876595  0.51193330392040337  0.52168052423084277  0.53228445946099934
  0.54204766547191185  0.55131043903808719  0.55995760674228590  0.56823675188809408
  0.57641579030709034  0.58489011537140179  0.59333904649779545  0.60174194317296881
  0.61032316633906702  0.62034471979538008  0.63017530244865572  0.64007076499943716
  0.64985442165584006  0.65916430608493670  0.66926253533336566  0.67966435496987210
  0.69037613984309409  0.70076214693743910  0.71138673702447786  0.72239425334210727
  0.73373034398358328  0.74514907149268639  0.75616519195002885  0.76719468304839178
  0.77805296814686287  0.78893803675320728  0.79985409334313962  0.81098397908361364
  0.82264451156492502  0.83356157340175296  0.84434853879906380  0.85529298440002588
  0.86696142283076216  0.87921820203506351  0.89086616421479625  0.90235488581102019
  0.91365323114572849  0.92601521870163428  0.93872406163527811  0.95125173351144654
  0.96412473487255490  0.97685385164741645  0.98868189404071316  1.00000000000000000
  0.00984844513899192  0.18818147985855554  0.30061294159528396  0.38265679941387781
  0.44612345089296335  0.49897131770012965  0.54275720991530718  0.58006989520716612
  0.61264935855626967  0.64126121900030986  0.66643573054014227  0.68896294523262869
  0.70904940616816248  0.72730416847819068  0.74398189971267215  0.75922297821903051
  0.77313749784393970  0.78595657996721413  0.79782510354476444  0.80903341995944289
  0.81941972597897561  0.82908503998219774  0.83796348098076123  0.84623189673771448
  0.85398048865158038  0.86119671376615403  0.86806577061054258  0.87454401063467713
  0.88054268395157942  0.88616207348201370  0.89156524907132151  0.89675493698617370
  0.90148231662117750  0.90597928459676613  0.91021162180447568  0.91420067306166264
  0.91796830910024818  0.92138638910147264  0.92463451686021569  0.92782520402987811
  0.93094860260288237  0.93403114240171581  0.93701992242701426  0.93966924670312324
  0.94214669080400115  0.94454529927265818  0.94684030951145592  0.94907046219478908
  0.95126309943936982  0.95340924997568000  0.95551133773275210  0.95755600631168036
  0.95948351631398465  0.96126021619071456  0.96292560360259816  0.96451181190957447
  0.96605929711690275  0.96752870911751676  0.96892794104267710  0.97025090218661203
  0.97151297915500867  0.97273864918861486  0.97391693632033982  0.97509357696596921
  0.97621082575161278  0.97729034558564276  0.97836309740455285  0.97942119970060226
  0.98046297242645097  0.98146778931522138  0.98243778510647650  0.98336145802169905
  0.98424774505658141  0.98507697764987823  0.98586566064228476  0.98663508737860306
  0.98738848446923955  0.98814019452267443  0.98886697111631938  0.98957618193367369
  0.99027165877735779  0.99095237761135890  0.99160405426635612  0.99223776727620394
  0.99285496427304243  0.99346059078422688  0.99406110974441708  0.99463501156696266
  0.99521212877869425  0.99579444203469569  0.99638268934034524  0.99697937204099185
  0.99763106693369297  0.99834324199865521  0.99912835496170882  1.00000000000000000
 -0.02143771792215283  0.10614241770965063  0.14521496960993222  0.17098400981473821
  0.19184828231119505  0.20928726937578973  0.22415525460095856  0.23776701070690184
  0.25064239881181166  0.26163333876098482  0.27217912271729233  0.28236243566937669
  0.29224955724588014  0.30154412178005491  0.31039542332110315  0.31936351412855063
  0.32823022486605891  0.33698148908183073  0.34555416849782000  0.35402750144456152
  0.36263709805211203  0.37120339032639649  0.37922371561540286  0.38655963814683364
  0.39399648110362140  0.40115010399051354  0.40895718858928443  0.41684753410934056
  0.42416536514839492  0.43099767009481765  0.43773830756802329  0.44438885408449358
  0.45119921364650462  0.45788030964724530  0.46410196872518045  0.47012643131461790
  0.47611749986443885  0.48236427510517838  0.48904986685989121  0.49587825776891298
  0.50288208057659667  0.50975978720222859  0.51682348090941599  0.52346901238392196
  0.52980223608485166  0.53610233114243167  0.54220837793934773  0.54818959632311304
  0.55401677026731821  0.56038737396607974  0.56633988775250854  0.57173320325346422
  0.57679747096000389  0.58192599391065902  0.58770259346448717  0.59386612190423804
  0.59945462955283046  0.60517416562628135  0.61068024782262254  0.61611137743615974
  0.62157142155413025  0.62735804891492852  0.63355411201583056  0.63988559877890716
  0.64616299580719627  0.65237162598073895  0.65868612996537723  0.66530146652852218
  0.67201754358893684  0.67863342885839684  0.68516501419747777  0.69186776921930071
  0.69841181326894797  0.70519409858809234  0.71194720162166858  0.71873552749005365
  0.72573562734338537  0.73288182360917897  0.74001512102019940  0.74723552278977168
  0.75447586235009112  0.76179420498862038  0.76945546492526151  0.77687253745448159
  0.78416786107047143  0.79165749331844959  0.79992029125256570  0.80885259927410169
  0.81869469614347568  0.82967751880470142  0.84146473049378545  0.85462786934406554
  0.86952239543634213  0.88803625492309135  0.91709769756820547  1.00000000000000000
   1.1622236542598162E-009  -1.0000000000000000     
 F F F F F F F F F F F F F F F F F F F F F F F F F F F F F F F F F F F F F F F F F F F F F F F F F F F F F F F F F F F F F F F F F F F F F F F F F F F F F F F F F F F F F F F F F F F F F F F F F F F F F F F F F F F F F F F F F F F F F F F F F F F F F F F F
  <DiscreteSampler_grid>
  grouped_processes
  1 # 1 for a reference and 2 for a running grid.
  10 # Attribute 'min_bin_probing_points' of the grid.
  1 # Attribute 'grid_mode' of the grid. 1=='default',2=='initialization'
  0.0000000000000000 # Attribute 'small_contrib_threshold' of the grid.
  0.5000000000000000 # Attribute 'damping_power' of the grid.
 # binID   n_entries weight   weight_sqr   abs_weight
    10   10   2.121587476870063E+004   3.925875949749517E+009   2.121587476870063E+004
  </DiscreteSampler_grid>
