  0.00866599956248505  0.01808501875152036  0.03051659201888474  0.04302202805293507
  0.05386018053723065  0.06424777515099624  0.07421698007365074  0.08431618609334346
  0.09513478620909213  0.10608014981258811  0.11742280416052217  0.12856572909240216
  0.13928431449641526  0.14951146198304779  0.15994472887252789  0.17046467581229535
  0.18083597091500503  0.19085157240871800  0.20039828647481309  0.21062413469351546
  0.22069380571090558  0.23076063923167592  0.24114735027620204  0.25201238158330264
  0.26341673912688640  0.27494470754818301  0.28596174860519846  0.29693513864875470
  0.30734479093405964  0.31820087918603912  0.32857335760206868  0.33922957506651802
  0.34997921744208005  0.36018866603118038  0.37039770678892786  0.38040968570926537
  0.39136550955552268  0.40231328764347324  0.41358165621818649  0.42459033218742281
  0.43552864336266017  0.44621867103596369  0.45704696920911447  0.46795724218998275
  0.47914863797395663  0.49054606937781070  0.50176589210657951  0.51242008352202750
  0.52273968451539499  0.53266781474774061  0.54235822979129367  0.55192611890888488
  0.56212374916762753  0.57277833066057271  0.58327634683585095  0.59358784271351062
  0.60368919522316156  0.61432373240690652  0.62518364253254677  0.63593682993597678
  0.64669823481797506  0.65735779021963181  0.66763527175617365  0.67739800523430782
  0.68710984426574728  0.69708965261708355  0.70729452398417503  0.71736088409073528
  0.72716155307812191  0.73684405532963504  0.74624678649713716  0.75605736248056044
  0.76640893089131323  0.77727575769242918  0.78847557262619627  0.79938174414181962
  0.80999530392363073  0.81993715611335627  0.82976857301755413  0.83963153834182835
  0.84976425040223325  0.86053574865114946  0.87178607617659964  0.88300781119945626
  0.89415860538922776  0.90534183409455316  0.91643777302781371  0.92685556225388177
  0.93690695643262767  0.94666549505335895  0.95570187332446377  0.96482705778045619
  0.97387240562897459  0.98664910951931795  0.98990601280116131  1.00000000000000000
  0.00000257191801772  0.00000278711575248  0.00000292043476761  0.00000303280101009
  0.00000315169073552  0.00000327587372441  0.00000340085445367  0.00000352808381074
  0.00000366696056636  0.00000383313371035  0.00000401510855529  0.00000420265252521
  0.00000439936218949  0.00000460897986793  0.00000484080400183  0.00000509678390860
  0.00000537043673936  0.00000564383286905  0.00000592151957529  0.00000622230015140
  0.00000654666148492  0.00000691069901778  0.00000729678572741  0.00000769995542686
  0.00000814340950967  0.00000862924626496  0.00000912253685247  0.00000962575391494
  0.00001015690886178  0.00001071384856326  0.00001130321798948  0.00001193193635308
  0.00001259802039092  0.00001330131140170  0.00001401765136893  0.00001479174087199
  0.00001564935026692  0.00001649373057099  0.00001742917725248  0.00001840822999384
  0.00001941549578983  0.00002048494642079  0.00002162629406975  0.00002285483072168
  0.00002412681835809  0.00002544244914831  0.00002675769503303  0.00002803460765055
  0.00002932075062062  0.00003069587479403  0.00003218701557682  0.00003382487627270
  0.00003558318925573  0.00003740082739583  0.00003925379564531  0.00004122952717173
  0.00004350841362204  0.00004597259324732  0.00004858316116330  0.00005129585980438
  0.00005406855954309  0.00005697834780038  0.00006017068075939  0.00006367989406558
  0.00006758261724482  0.00007184758839299  0.00007634631967689  0.00008090002438980
  0.00008583247211306  0.00009106730381832  0.00009677240896957  0.00010320230760124
  0.00011038766204697  0.00011845971481752  0.00012746543243937  0.00013735136805125
  0.00014786949677616  0.00015960976968009  0.00017350385395889  0.00018959566775164
  0.00020650985726974  0.00022774859424538  0.00025467030836897  0.00028604353143805
  0.00032424129354102  0.00037400749889002  0.00043818550486472  0.00051911222577525
  0.00063284074360430  0.00082047781943303  0.00111028774451529  0.00169743849223228
  0.00363099124411472  0.09006478698366033  0.45682813876675865  1.00000000000000000
  0.00000236242718081  0.00000262126084663  0.00000287447076446  0.00000313775772262
  0.00000342362850838  0.00000370658927104  0.00000398717987784  0.00000428109972489
  0.00000461345575884  0.00000496531634400  0.00000533394598015  0.00000573163705419
  0.00000616540494793  0.00000658753053696  0.00000705132250258  0.00000750048104751
  0.00000796570035762  0.00000845490120875  0.00000895905601474  0.00000949190873803
  0.00001005622104989  0.00001064521067694  0.00001124752523512  0.00001187017055034
  0.00001251883220070  0.00001318097331181  0.00001385608455568  0.00001458190240401
  0.00001536400928639  0.00001621933738335  0.00001712304002772  0.00001806209916507
  0.00001903055541186  0.00002003801261658  0.00002110569039295  0.00002223663762461
  0.00002337488535156  0.00002445486024128  0.00002550631307783  0.00002656966134606
  0.00002768107640741  0.00002881604366735  0.00002999895824572  0.00003130705543639
  0.00003270551883612  0.00003415836812168  0.00003568991824027  0.00003733085304968
  0.00003906680427037  0.00004083830440071  0.00004265136078874  0.00004466932771701
  0.00004670619424833  0.00004890957594807  0.00005132798390436  0.00005383111128182
  0.00005632609547212  0.00005887296809108  0.00006155110869615  0.00006444316242886
  0.00006772812572489  0.00007131961269461  0.00007505508138613  0.00007893685566497
  0.00008295818510340  0.00008730736492004  0.00009216448011116  0.00009757424388868
  0.00010362776095705  0.00011023482666936  0.00011749713575208  0.00012550894951119
  0.00013374377222828  0.00014253971324598  0.00015184086754901  0.00016160066943197
  0.00017206711883005  0.00018334388496237  0.00019666227256467  0.00021288999511052
  0.00023359393304706  0.00025759714532821  0.00028483527644175  0.00031463910041489
  0.00034891645012207  0.00038694158765754  0.00043551466169196  0.00050246952264365
  0.00059342132990290  0.00071699707450419  0.00092736460917218  0.00127441670889433
  0.00191831922376797  0.00443207249905156  0.24752924290961245  1.00000000000000000
 -0.00235857448072685  0.00900918006756615  0.01907625120780377  0.02788047134384262
  0.03729194134542357  0.04784789641040378  0.05890640257044727  0.06873285610272259
  0.07846397476640719  0.08879194067497405  0.10097738166297045  0.11162416050946619
  0.12172088770064829  0.13216760546435258  0.14244024567829158  0.15219726015940313
  0.16156091541834355  0.17138861058860289  0.18176060144175069  0.19207273104408304
  0.20219864370354301  0.21245292474350061  0.22291724790729878  0.23343085350237733
  0.24371478568652280  0.25366266855696717  0.26352135657941572  0.27365024640424618
  0.28404544976030122  0.29425337668722618  0.30445197587946254  0.31512526725089518
  0.32597563269613911  0.33661987815744487  0.34713260615880609  0.35801897573248376
  0.36903147644919576  0.37978200504332921  0.39024103477923022  0.40057168731200871
  0.41120491799337067  0.42231656689325831  0.43385182303454184  0.44475213255294471
  0.45510901044881763  0.46561705765792588  0.47675947431662413  0.48790478292826778
  0.49870051313907365  0.50934451841245265  0.51983889490761692  0.53007776669948148
  0.54023460513596722  0.55069222051584199  0.56173906586978817  0.57360738158354163
  0.58560997554705940  0.59700318992182400  0.60749280426722185  0.61775531891832480
  0.62792315615744076  0.63817473771910083  0.64875647364883049  0.65958334229974702
  0.67084403414574278  0.68161172961051686  0.69219254613311731  0.70224783875070129
  0.71267070593688131  0.72270075665605638  0.73298235749283480  0.74347981344456027
  0.75417624896553426  0.76519036965102860  0.77624447184183065  0.78695051690242812
  0.79740476341238231  0.80777412253935699  0.81814752923258904  0.82830108157321114
  0.83849979856428869  0.84894185613143380  0.85940875141274009  0.86987372093258397
  0.88082495039309783  0.89208280859935463  0.90289872681750183  0.91329695518989984
  0.92339944738137159  0.93364828986099757  0.94458760281465848  0.95597735651927762
  0.96689249136801769  0.97751631883500434  0.98860085294144273  1.00000000000000000
 -0.00260620329126417  0.00996852507880523  0.02073747030227947  0.03152078502088278
  0.04194246609455696  0.05210383570807155  0.06266638704523045  0.07372629568324657
  0.08482606232809382  0.09566055190312570  0.10625535016605524  0.11664471235339151
  0.12694826896003139  0.13768111989870785  0.14854469758783148  0.15968207243662144
  0.17047292059069410  0.18106611599857855  0.19157054718322603  0.20235347339338175
  0.21369829416265651  0.22522164150670831  0.23623107718906347  0.24662022247692941
  0.25668333926152703  0.26658817825114761  0.27654113750800119  0.28647086650580822
  0.29667047914458428  0.30753226196909017  0.31826694587576232  0.32870161060108449
  0.33916328055046130  0.34967523286647195  0.35994387603750810  0.36936183308008763
  0.37900292118107409  0.38914052326455278  0.39975828834678034  0.41041041484692076
  0.42162076686170913  0.43283813048252062  0.44399036511482942  0.45494239647829587
  0.46633148833105753  0.47737797068004545  0.48842473553246157  0.49913205078969469
  0.51021874889004881  0.52134290287497598  0.53208582380348246  0.54282454425787663
  0.55352128138926804  0.56452600905360528  0.57544912630640643  0.58644450154434802
  0.59708289356642841  0.60740789568406872  0.61739902659182322  0.62762063038554261
  0.63819946716091192  0.64923187037140406  0.66041596094256438  0.67088649614767637
  0.68059325211388755  0.69033933337462938  0.69998509987214486  0.70993601767905179
  0.71976871598238834  0.72991023788489484  0.74086137420359754  0.75248937333708910
  0.76446403607652302  0.77610870410953492  0.78711309743753177  0.79757277297959983
  0.80808028343126703  0.81913505478646664  0.83005348920257571  0.83939313815616901
  0.84766655512941957  0.85680544543224069  0.86659596967151775  0.87628449153544874
  0.88562801325557161  0.89519928731295062  0.90566348305242428  0.91618453087626572
  0.92663479072456356  0.93697600992364560  0.94728156736243074  0.95744039406705062
  0.96786639860405521  0.97824290735771047  0.98926008916138197  1.00000000000000000
 -0.00263062387082740  0.01018825972140975  0.02182485840148256  0.03282184855191816
  0.04421998546465494  0.05579018627212392  0.06691915451579508  0.07779868366243285
  0.08803817145379070  0.09833184426010298  0.10860560073361906  0.11909244094378314
  0.12952272691281491  0.13983850523217120  0.15013290794874404  0.16048539373775714
  0.17110811738993445  0.18184764574355411  0.19241035218817318  0.20288913334955821
  0.21336307446084413  0.22406104454147283  0.23472929482401136  0.24482401369612794
  0.25483360081045553  0.26508336274188138  0.27530022326135872  0.28578435810467107
  0.29682024708918769  0.30861773583509317  0.31998241256059928  0.33013453024413447
  0.33979633372364532  0.34969941140923810  0.36027425659056689  0.37085024816636342
  0.38165491784384997  0.39283434892748509  0.40269578153887398  0.41209114916963768
  0.42185117606617095  0.43171490727596756  0.44106338358674935  0.45013995538572221
  0.45975939615985878  0.47033535246881747  0.48114019358313703  0.49189897380009917
  0.50289932203149179  0.51323028555574046  0.52370015827369565  0.53435197670058543
  0.54504841610708998  0.55560436827294235  0.56627667352668842  0.57727324200455610
  0.58867229561367052  0.60010868012009810  0.61114878922732341  0.62174856952502622
  0.63200170078512330  0.64235463507060286  0.65292693015637204  0.66379606125348978
  0.67505629850101900  0.68616625454905555  0.69728944676606264  0.70780808712569221
  0.71791158191373561  0.72799267327846373  0.73850175025400500  0.74925495705750944
  0.75954586952367387  0.76926152508280343  0.77884778753075234  0.78853926074568648
  0.79895817174584538  0.81016385493752163  0.82115775519318901  0.83185546781998954
  0.84233247692579627  0.85251572652911201  0.86231917439988748  0.87245033030651187
  0.88311226010147315  0.89440090892851254  0.90526700416803207  0.91619915901182059
  0.92702947758602094  0.93744654304182518  0.94781770905905749  0.95811016152897210
  0.96861091840088043  0.97926097230253506  0.98961750015963290  1.00000000000000000
  0.00000032429320794  0.00019353215264324  0.00052831786394593  0.00099484857833517
  0.00161446502897584  0.00218084335376465  0.00265617795859094  0.00318302429652202
  0.00373166817409621  0.00429567298917135  0.00486431806868892  0.00543856504718445
  0.00601946651769894  0.00660951955745893  0.00721140616569975  0.00780891528636880
  0.00842935731837249  0.00905060047882268  0.00966339687619176  0.01026884965869929
  0.01087637046049674  0.01147340234342922  0.01209495895751746  0.01273481208011739
  0.01338610880641783  0.01404695290508605  0.01471762622112340  0.01539319370980624
  0.01608433838254060  0.01678247668010674  0.01746799242450899  0.01817255495138871
  0.01887779686181742  0.01961019371275225  0.02036269295020599  0.02109593649244211
  0.02178464925224585  0.02246695334779468  0.02318794554647661  0.02391638351796429
  0.02465400018616404  0.02539260531813806  0.02611939561553197  0.02684308964257932
  0.02754723343223059  0.02824563821912465  0.02896672721923984  0.02974239348103716
  0.03059952461299541  0.03151369132911207  0.03243297655217969  0.03335797347692590
  0.03430745500447136  0.03532293792394380  0.03636914696081301  0.03740506367933825
  0.03840926446372551  0.03938340282666857  0.04035517920183060  0.04137602753435499
  0.04249217772047800  0.04374054031560082  0.04507308099578924  0.04641943517258253
  0.04776443049298861  0.04915174616030622  0.05056653346578360  0.05202156804083415
  0.05346620480986018  0.05485738956796980  0.05630479686711563  0.05761724655199381
  0.05905621016461177  0.06041472756619839  0.06211168957268151  0.06429974749732208
  0.06662075731403705  0.06866902752381238  0.07069167271723860  0.07296110900631629
  0.07540776665709033  0.07732569508539884  0.07937226334444403  0.08233261307744298
  0.08652606196377960  0.09109815620302621  0.09544739841532993  0.09960406965745106
  0.10434011042830625  0.11109622200396903  0.11907573295738548  0.12789401107916853
  0.14979780259964998  0.17494273430858695  0.23140941887270652  1.00000000000000000
 -0.00260178535818868  0.01045928939388047  0.02197392052295964  0.03428332650804817
  0.04714390887673452  0.06015533434116617  0.07293371862162384  0.08510652667679118
  0.09706907149539155  0.10841068093741942  0.11913606697202532  0.13041789038228913
  0.14176431996735056  0.15353354694066418  0.16398171224556701  0.17548986711400680
  0.18678600718383787  0.19834718975771518  0.20952543237084739  0.22020805081693512
  0.23056326307538053  0.24075427978575428  0.25108961498759530  0.26165324086649278
  0.27198411381168447  0.28201025461549223  0.29160666128136947  0.30106622701260055
  0.31070181604062042  0.32028779586066591  0.33006540499144282  0.33980563203583430
  0.34929907094726420  0.35879768677211987  0.36821073682383382  0.37737690560619763
  0.38687849817265557  0.39653479219864562  0.40695720780703609  0.41741903959975468
  0.42779654866017963  0.43807783879022150  0.44785217258710391  0.45701878802037971
  0.46589504048253422  0.47459457340334038  0.48409342957372109  0.49423960058902561
  0.50463728333062230  0.51523861653833991  0.52581518058138355  0.53619504659722494
  0.54636275941507950  0.55618745240965217  0.56559219338790900  0.57483501492570954
  0.58417552138066997  0.59361745817641143  0.60264821614055253  0.61188521423123299
  0.62101022329109690  0.63071572055355196  0.64048182416641397  0.65056413041626682
  0.66100749938512904  0.67109606464019489  0.68083528755329636  0.69091236354413965
  0.70151673378171719  0.71232520912659414  0.72208885600407113  0.73191525035140359
  0.74150815509931201  0.75131508748045772  0.76132112007613340  0.77235459242284865
  0.78422987179302073  0.79594495327829584  0.80738753201431490  0.81882972678510668
  0.82956611826222426  0.83909488144754885  0.84880041444093157  0.85945513088264647
  0.87007740077601781  0.88066561738620086  0.89079331202944634  0.90235329244999907
  0.91551421890527640  0.92828586996625073  0.94048807530349632  0.95204099670432063
  0.96414779326033173  0.97610694170250056  0.98846436422220141  1.00000000000000000
  0.01242711475148000  0.18970319479894007  0.30021574186137140  0.38445437619617340
  0.44829395885079448  0.50143130436690897  0.54720621578179585  0.58564403101572815
  0.61862407370571182  0.64715647592410352  0.67204665867696589  0.69424243313947431
  0.71428691101765585  0.73195724810976903  0.74828912569661576  0.76324531786358418
  0.77679980869353726  0.78934473810299921  0.80101558342848689  0.81188749817975359
  0.82192022407269560  0.83135054294295641  0.84018468572993465  0.84847317689744206
  0.85624568398967249  0.86346598720140555  0.87024305934755708  0.87668857371421094
  0.88285307345159492  0.88877908440562758  0.89429270432467189  0.89932848829087664
  0.90404597339973936  0.90859833344189112  0.91304240372041912  0.91706662733139988
  0.92070076862837236  0.92413694600890028  0.92741906323988843  0.93055200023653029
  0.93356266489763462  0.93643888230166461  0.93920164265201111  0.94173273397818125
  0.94420591058256742  0.94663847344090279  0.94900304200496632  0.95129200706114003
  0.95349084722852750  0.95557612626656996  0.95752299961490406  0.95933578354768989
  0.96103049498499649  0.96262484123805514  0.96418247357667564  0.96569792352431671
  0.96716939614090025  0.96858163170884093  0.96995544226081543  0.97128933097787384
  0.97258232100629805  0.97382522492296175  0.97501458142414654  0.97618431124209681
  0.97733831611265776  0.97846074469367128  0.97955125518941255  0.98060554715485726
  0.98156701895847953  0.98249749610870862  0.98340629981901051  0.98429290968706218
  0.98514336088370047  0.98594860390005634  0.98672966586765054  0.98748608427391915
  0.98822485454698805  0.98895128505328134  0.98966706576448704  0.99036566230241008
  0.99103526746619786  0.99168158215109892  0.99230119268845862  0.99290495877908735
  0.99349109280414416  0.99405532554025189  0.99459178244899615  0.99512091286026028
  0.99564925901480950  0.99617732024216132  0.99670206299858533  0.99723253277329571
  0.99780305620331700  0.99843220987891379  0.99916081403724644  1.00000000000000000
 -0.02162226905432777  0.10563986738831910  0.14470050418144689  0.16929164887329776
  0.18879392523621474  0.20677005981688565  0.22248269574354140  0.23673850082973058
  0.24990598012440174  0.26313124084134998  0.27487021382533416  0.28450516117184504
  0.29413446381251562  0.30373650250596679  0.31354969198590449  0.32253503190276311
  0.33111151072213896  0.33949820240382950  0.34747313714513295  0.35555444456758967
  0.36357915938850843  0.37147203649189775  0.37928102034996863  0.38687769689975515
  0.39410258521908675  0.40115420401396429  0.40822012061150476  0.41489910950235814
  0.42104935700738699  0.42668751189449095  0.43237899835180110  0.43798344412903445
  0.44418217330838444  0.45028499709201836  0.45696793353564219  0.46328565036583824
  0.46976066966641422  0.47627142485440183  0.48293882609794431  0.48961890135743863
  0.49612171118213111  0.50219600674003395  0.50790544722963493  0.51350043639777465
  0.51913610336085592  0.52476804009084077  0.53042460414596648  0.53607401829732104
  0.54182477774290905  0.54773650258861550  0.55367894856583899  0.55950322314937673
  0.56552413127063061  0.57182009937950862  0.57814504697574709  0.58450730790944683
  0.59076491813042786  0.59718810631675623  0.60355894949149358  0.60985962839193897
  0.61617574236213413  0.62249386278327845  0.62871469672592084  0.63483974339009230
  0.64086287429130828  0.64700549140732178  0.65346597234182069  0.65997661920230910
  0.66650199455807446  0.67323668344703491  0.68018103164083854  0.68722348109013909
  0.69429861874369347  0.70159317498786899  0.70868172057257861  0.71556546194192860
  0.72243455348726415  0.72947689269699767  0.73688555482168638  0.74460804920938140
  0.75245668552326617  0.76031168209683331  0.76810046856104996  0.77589032308444195
  0.78405911134247508  0.79259890320914694  0.80167768897030867  0.81115466707259598
  0.82085080634900454  0.83134244102969512  0.84314038194442653  0.85635573005450838
  0.87130930161591758  0.89001781493832655  0.91996400516190402  1.00000000000000000
   1.1602101174829750E-009  -1.0000000000000000     
 F F F F F F F F F F F F F F F F F F F F F F F F F F F F F F F F F F F F F F F F F F F F F F F F F F F F F F F F F F F F F F F F F F F F F F F F F F F F F F F F F F F F F F F F F F F F F F F F F F F F F F F F F F F F F F F F F F F F F F F F F F F F F F F F
  <DiscreteSampler_grid>
  grouped_processes
  1 # 1 for a reference and 2 for a running grid.
  10 # Attribute 'min_bin_probing_points' of the grid.
  1 # Attribute 'grid_mode' of the grid. 1=='default',2=='initialization'
  0.0000000000000000 # Attribute 'small_contrib_threshold' of the grid.
  0.5000000000000000 # Attribute 'damping_power' of the grid.
 # binID   n_entries weight   weight_sqr   abs_weight
    10   10   1.032481328821837E+004   8.691425256422937E+008   1.032481328821837E+004
  </DiscreteSampler_grid>
