  0.00913478690502296  0.01669443834042451  0.02773892404596430  0.03929151070116342
  0.05068383587137935  0.06131294669946575  0.07075395111007568  0.07994572314161746
  0.08942576287858568  0.09951371191910445  0.11027561233089644  0.12200375119352298
  0.13162093723065080  0.14220081297699949  0.15248780067721940  0.16282475527960416
  0.17301606007177833  0.18246732684391123  0.19220997938554987  0.20269297631493621
  0.21304757061480117  0.22360753649284856  0.23395948405096104  0.24444159677066574
  0.25435264220915793  0.26416132555618266  0.27413744968784159  0.28441066456543679
  0.29444651946372719  0.30456833035958752  0.31471568478821899  0.32473324372787360
  0.33476222129315003  0.34435928846960917  0.35416772485046016  0.36397073007438552
  0.37399576470060564  0.38385546398266868  0.39360685549281921  0.40344684956806920
  0.41341639148888243  0.42350406056227174  0.43359012252585893  0.44361302771097766
  0.45382186367404193  0.46419797305396127  0.47444173577040805  0.48483183649563077
  0.49534726744458923  0.50606251221106757  0.51680663489097045  0.52749878897507163
  0.53841557595551404  0.54964045590972521  0.56095643219808511  0.57195432047878869
  0.58295278154182095  0.59378527425848282  0.60397279280106575  0.61337728186218954
  0.62214701743681755  0.63086117169107636  0.63992646443154710  0.64963676058624387
  0.66018662818487128  0.67097540446572790  0.68197602488874121  0.69343170392525721
  0.70533285823763014  0.71736039837488930  0.72906369217175793  0.74011033112543168
  0.75037850936791917  0.76005495015980162  0.76984043833891436  0.78030120145120463
  0.79113567169107091  0.80188749486151722  0.81280376967198520  0.82406125759203119
  0.83525752194633129  0.84619853930519817  0.85716983556427928  0.86817891615631448
  0.87907118288343389  0.88964829901670139  0.90035575660162526  0.91118135570194925
  0.92252233096037395  0.93331746926023196  0.94395251531998436  0.95440111753428714
  0.96516331392232291  0.97696170159298323  0.98795668192202946  1.00000000000000000
  0.00000279366941588  0.00000294248366563  0.00000306125379009  0.00000319419696842
  0.00000333701028573  0.00000348633833308  0.00000364241176081  0.00000381132264022
  0.00000398524551247  0.00000417764739268  0.00000439267182561  0.00000461944251472
  0.00000486464721758  0.00000512935858414  0.00000542253749808  0.00000572462861531
  0.00000604395909284  0.00000636712732009  0.00000669700118522  0.00000704725755802
  0.00000742099260100  0.00000780884337027  0.00000821243298409  0.00000865025914568
  0.00000912812870811  0.00000964091634351  0.00001017417222668  0.00001071667775469
  0.00001126851105513  0.00001185548775963  0.00001251147283710  0.00001322207919775
  0.00001393819066580  0.00001465101234008  0.00001537450017143  0.00001610629401070
  0.00001691269530364  0.00001779430240493  0.00001869361385210  0.00001962589380540
  0.00002064002059062  0.00002170931713064  0.00002282117586021  0.00002403349113507
  0.00002529565751191  0.00002656821068416  0.00002784872900134  0.00002916449198202
  0.00003056463621636  0.00003202979807271  0.00003355855650581  0.00003516186176042
  0.00003686033099049  0.00003867781407612  0.00004060588676658  0.00004264342484175
  0.00004484296108616  0.00004725881818925  0.00004981299148641  0.00005244897043414
  0.00005518117762026  0.00005813365588770  0.00006139157996587  0.00006499442419034
  0.00006900195968052  0.00007333812762625  0.00007814607547080  0.00008320905334266
  0.00008864508021435  0.00009442676707167  0.00010051173519243  0.00010703776831037
  0.00011399104094597  0.00012151377450271  0.00012986916786289  0.00013891611294031
  0.00014882348993357  0.00016007181574710  0.00017293503405200  0.00018878514980835
  0.00020793061262566  0.00022876202196512  0.00025196146801886  0.00027926634680881
  0.00031093663595240  0.00034780667433539  0.00039535850393140  0.00045584427598435
  0.00053510242265515  0.00064532911615316  0.00083660667319824  0.00116538836906216
  0.00190670509600714  0.00523532261182189  0.39147666999870051  1.00000000000000000
  0.00000235360743591  0.00000258234810202  0.00000279085384085  0.00000302268480258
  0.00000326863908336  0.00000353940212315  0.00000383212445416  0.00000413878898701
  0.00000447538000008  0.00000483452098187  0.00000519190539822  0.00000555793682727
  0.00000594537370560  0.00000636617678357  0.00000680684191596  0.00000726444855822
  0.00000773089103684  0.00000824961500620  0.00000876604055806  0.00000927784716357
  0.00000980041141392  0.00001033767489330  0.00001091132846593  0.00001151662086721
  0.00001216222245948  0.00001285917633633  0.00001358472018194  0.00001431984267104
  0.00001509254187087  0.00001591957173770  0.00001676320638673  0.00001764449182881
  0.00001855147550319  0.00001947615751404  0.00002044012905102  0.00002145154282232
  0.00002251980910360  0.00002361764125433  0.00002484350146729  0.00002604567525871
  0.00002724076349638  0.00002845230310554  0.00002969058532419  0.00003099050464766
  0.00003240048571017  0.00003389323436147  0.00003544363326887  0.00003709902770370
  0.00003889820233847  0.00004081009962248  0.00004281304465406  0.00004491542089900
  0.00004711718227791  0.00004938841356790  0.00005170082592214  0.00005398872784979
  0.00005635630992053  0.00005869111225024  0.00006114228326161  0.00006388931016298
  0.00006705108436213  0.00007053673678976  0.00007423874047456  0.00007822640533962
  0.00008258854000110  0.00008723732781035  0.00009224673059548  0.00009758783497499
  0.00010311401155801  0.00010915657757320  0.00011558072519256  0.00012274348996135
  0.00013059254174949  0.00013933478869484  0.00014838148105372  0.00015752148338642
  0.00016756451536040  0.00017872440935431  0.00019147901365901  0.00020564430260887
  0.00022217077767712  0.00024310549130553  0.00026673876192294  0.00029451841147922
  0.00032919868556732  0.00037083552533683  0.00041877235857239  0.00047852737499787
  0.00056526986403087  0.00068571244333784  0.00086256716378954  0.00116329618013367
  0.00178337685110181  0.00497191890992525  0.11222761370153035  1.00000000000000000
 -0.00178566672574484  0.00786360640411736  0.01716974603698306  0.02706244965168524
  0.03760105540638208  0.04784671051546185  0.05851464180554253  0.06962291723501596
  0.08075278275511782  0.09110194787523053  0.10058594382030066  0.11040066050015057
  0.12060633041652863  0.13091376925214360  0.14118238774342373  0.15158111502739710
  0.16278449696683947  0.17430962226991856  0.18570693955519912  0.19626035882094492
  0.20632638588453250  0.21563811262304283  0.22473341530952026  0.23409694635440428
  0.24377565259240169  0.25414735603078964  0.26456363060929505  0.27492357834928316
  0.28516414726502831  0.29538310983785132  0.30586452287704696  0.31627728904598040
  0.32677467761788848  0.33736588646459664  0.34817427766200787  0.35877147152983990
  0.36937943873467477  0.38008965917610471  0.39072511429226769  0.40157460698021180
  0.41276512555243761  0.42421386771666164  0.43601913024377653  0.44825175788338412
  0.46082646700529750  0.47331415956546591  0.48469551758701501  0.49522373154246235
  0.50521172271397174  0.51440149264851642  0.52347154266507523  0.53257873089148189
  0.54216348335131603  0.55252138371356241  0.56288442803648886  0.57363338425149424
  0.58431999386942290  0.59497058252359281  0.60544079666014239  0.61605922939646296
  0.62722921846495483  0.63836820689930585  0.64865135595258028  0.65864236796163977
  0.66869761611901835  0.67895553782101370  0.68933497482354544  0.69948373194360514
  0.70879182031996391  0.71735109068395075  0.72614583323626658  0.73601325173463483
  0.74701829711822287  0.75810636161085176  0.76879707128792962  0.77961706050753443
  0.79056945068387918  0.80145678928008157  0.81255779023018448  0.82401445615915769
  0.83540403577875033  0.84639412316636486  0.85714178035161281  0.86803062844633971
  0.87890829906451640  0.88962894467995812  0.90028543428339391  0.91089739180661089
  0.92164378883682596  0.93254540354828874  0.94434631405693292  0.95602271541926043
  0.96724945319909672  0.97803999775996608  0.98866347561619228  1.00000000000000000
 -0.00230480242634368  0.00939160992587935  0.02013040319864346  0.03174831261819541
  0.04394532471564117  0.05497067544313602  0.06573602760269243  0.07666301181803994
  0.08766135626413687  0.09861290837934374  0.10939110867961659  0.11999992472990133
  0.13015225501751893  0.14011057917457240  0.15059375627280819  0.16117925849138742
  0.17159807346325961  0.18174883567745037  0.19199556394769976  0.20171243298732233
  0.21125820839275755  0.22069782381172992  0.23093931402169848  0.24154478438667651
  0.25236381540944647  0.26258491206078144  0.27383834947181829  0.28446603350188709
  0.29479963885550975  0.30422439495180204  0.31343196129861345  0.32288592244627606
  0.33250668957567003  0.34201370429062450  0.35161327540787113  0.36186383685561641
  0.37265745237252867  0.38358035536127877  0.39433704458060587  0.40513080696538017
  0.41575517483099877  0.42630205799615456  0.43689871055883123  0.44793604429971551
  0.45936545549192886  0.47057596454860390  0.48144558827570305  0.49205753843918587
  0.50300771944718425  0.51432538303794018  0.52526774473934867  0.53671195980851527
  0.54847752267140748  0.56088788267611012  0.57147135936121141  0.58111964777256819
  0.59098031475374457  0.60099994336300322  0.61097619602118181  0.62042914842790531
  0.63041902666698313  0.64100037373065788  0.65146166266434358  0.66186990560285763
  0.67243539061384749  0.68233887417620287  0.69142325425478102  0.70038847441523233
  0.71005744617634370  0.72035502714639355  0.73072465226832117  0.74118198139619118
  0.75143922125929219  0.76147391704280054  0.77173290954613516  0.78211478201786355
  0.79247603947737799  0.80270109235846088  0.81321272667983435  0.82432205616038334
  0.83536789190135929  0.84593224297777092  0.85648523742841531  0.86707768316582179
  0.87789613553306334  0.88877668723546388  0.89999749325922707  0.91196548190263382
  0.92429872602449981  0.93677086210224436  0.94794384102358697  0.95809674808100542
  0.96793112644590262  0.97812503009651530  0.98860143070752060  1.00000000000000000
 -0.00239991158460352  0.00896981849166468  0.01986027075053235  0.03178472902580101
  0.04319504641533155  0.05389918415164720  0.06424350434364935  0.07468929543268592
  0.08548033049662539  0.09566141203139285  0.10620656223481616  0.11669284433270409
  0.12740372354648280  0.13743026426716543  0.14789162404799885  0.15877785272141853
  0.16876739328407597  0.17834758166845593  0.18763796783917178  0.19793048429358182
  0.20863277422845330  0.21983353539852277  0.23117031519399409  0.24304493889884121
  0.25507901922056841  0.26712931785148364  0.27898603638829178  0.29012533894461306
  0.30044331506801436  0.31047635497799564  0.31990679622028062  0.32967358570305644
  0.33932665847848803  0.34958768132595919  0.35961404581484202  0.36915749696959144
  0.37894263407252876  0.38965737738581552  0.40066010110657774  0.41139439432975466
  0.42189905006143236  0.43156212174277925  0.44161377332812835  0.45187238609989455
  0.46282404078256362  0.47419943340733917  0.48553171269314321  0.49688927708812336
  0.50807267328543015  0.51921962930732246  0.53042550580359493  0.54179755232214910
  0.55295414544022137  0.56376389746015565  0.57431329201792447  0.58478676828966436
  0.59506367297271667  0.60511431800647519  0.61532677940641800  0.62580153712338493
  0.63614938996649617  0.64620849678026138  0.65645110637292836  0.66688785704170916
  0.67732418671865868  0.68746179367210525  0.69757638581587489  0.70826948334842521
  0.71972342895777208  0.73108821895178133  0.74147000602288293  0.75150256706055807
  0.76197560094261119  0.77213797534246686  0.78157506731295834  0.79093966116241576
  0.79994549826561945  0.80937010044772340  0.81918626210095080  0.82972998544542864
  0.84011892131200960  0.84980996356171379  0.86009186060050202  0.87039137485603835
  0.88125332204507412  0.89248755510152589  0.90387486375221349  0.91515195364201296
  0.92620047784127990  0.93716062714214565  0.94783600150065483  0.95812614274347374
  0.96797548845184578  0.97871787788119335  0.98889021918707309  1.00000000000000000
  0.00002082655460826  0.00017201771883071  0.00048120934986839  0.00090743397631341
  0.00143539882917759  0.00187461593561685  0.00227005957885521  0.00270295916153047
  0.00315119284799566  0.00360923752977322  0.00407311196483247  0.00453730663602283
  0.00500648431635477  0.00547860218382913  0.00595546014870691  0.00643617805312721
  0.00691819746917839  0.00740430853521853  0.00788859006940314  0.00836828804384702
  0.00886076382960500  0.00937243149492306  0.00990348025008295  0.01045843162812489
  0.01103693449070792  0.01161903332064913  0.01224013891912652  0.01288276145563131
  0.01354030036474658  0.01420982192525923  0.01486895649803427  0.01549735955243739
  0.01610655202026363  0.01670632189643705  0.01730939991813337  0.01793802157287117
  0.01857768159809922  0.01924199482815344  0.01991477216081883  0.02063423433288693
  0.02133775488464590  0.02201145504721012  0.02269563641262440  0.02340819073982114
  0.02415399669186344  0.02491051019520765  0.02564322954749558  0.02634847536000059
  0.02704908969885874  0.02779596437104794  0.02859355397149074  0.02942583116067979
  0.03027947638873098  0.03119004236718381  0.03217776195432569  0.03318521679327502
  0.03417843874886767  0.03516778091988558  0.03613840185348788  0.03708371688933588
  0.03804913264076956  0.03903922789967439  0.04009949107775263  0.04118253217706536
  0.04227141404452955  0.04347830611998138  0.04485902431477173  0.04648649014820153
  0.04819954373123397  0.04973667951631522  0.05109539472552994  0.05232098452908830
  0.05362377683384710  0.05508096963027471  0.05662044269886507  0.05792882853695754
  0.05920716094967324  0.06061699172952298  0.06218760698605817  0.06422128645842577
  0.06658671659127316  0.06911692158241925  0.07210411453402228  0.07488341563222271
  0.07724041562285998  0.07947119818836187  0.08174717192690643  0.08784738690700257
  0.09523097256123424  0.10277289270941573  0.11210016127441619  0.12577656637754656
  0.14536591297984483  0.19993475093239388  0.22267005762889755  1.00000000000000000
 -0.00297477426968703  0.01196519037676900  0.02451724194036813  0.03715431218193746
  0.04927188043018228  0.06046790539678560  0.07180202497774138  0.08301145995562245
  0.09431346180495134  0.10545538250893151  0.11644780238116134  0.12742788830031890
  0.13904913443988687  0.15110275689252262  0.16318024639113116  0.17496462138080149
  0.18646341648105003  0.19760179592232299  0.20870885047304241  0.22010227032222843
  0.23160134314571856  0.24261304494759106  0.25251093988405976  0.26175384459545287
  0.27141754039546540  0.28229116772541951  0.29327043280742576  0.30357052568282611
  0.31340283646238276  0.32333071184970119  0.33326984444863661  0.34290346898923613
  0.35248871210527849  0.36226888961877096  0.37242896031380734  0.38301330232885633
  0.39381659151509102  0.40425531544404281  0.41402263982674570  0.42362252814750312
  0.43259869770362119  0.44190756638736667  0.45121309870624354  0.46066161023404339
  0.47004418347636345  0.47947608745664061  0.48846844206603707  0.49711339542377775
  0.50606635516731935  0.51494470633057898  0.52434473228256240  0.53393939884658004
  0.54329648423278509  0.55275167925892810  0.56253449598669236  0.57180173384302402
  0.58091659484549885  0.58981116746236195  0.59904990411654990  0.60894282863735849
  0.61892840162026785  0.62903961104526496  0.63887394739592340  0.64849820492680976
  0.65821087914234244  0.66801482379173882  0.67811596195448332  0.68815441157564583
  0.69802214549117225  0.70789180740013802  0.71800125803330817  0.72822348374319512
  0.73751414509403912  0.74632394891575937  0.75543669827692306  0.76566123521124441
  0.77660475257237094  0.78782873936120490  0.79927408848296011  0.81105753188466578
  0.82313786782471898  0.83560914126996988  0.84803988919332685  0.85976083144679361
  0.87116419981815063  0.88318453635992900  0.89456172855688587  0.90529026020442693
  0.91646235840286427  0.92896498295064467  0.94202159803827656  0.95383265853422639
  0.96522309143481999  0.97681911056913306  0.98791862550949761  1.00000000000000000
  0.02914712200833188  0.20976883989792486  0.31695721222694861  0.39849972334901029
  0.46014042954293821  0.51123110808984984  0.55346121486216637  0.58937900760122053
  0.62159991879467946  0.64881927858325661  0.67278999123886596  0.69388096783342346
  0.71296670594704215  0.73051436262954572  0.74658962048936894  0.76160707196712141
  0.77567371213478464  0.78884123205141488  0.80068910770758017  0.81148887467574660
  0.82130413763503929  0.83064789256953619  0.83943456023557539  0.84762006319527183
  0.85539972383032703  0.86268263931650491  0.86960665829485084  0.87592604814743591
  0.88169037661015726  0.88717444509885379  0.89236301515137528  0.89732069035779305
  0.90195561371294175  0.90638247704121311  0.91060692723105929  0.91459478634834701
  0.91838134132408278  0.92193253019748389  0.92527479609758101  0.92847307502786236
  0.93156692318771017  0.93458257715998194  0.93745763636155643  0.94004821058120147
  0.94255416191390495  0.94495712174437430  0.94728221927783862  0.94957821670300147
  0.95180731856870737  0.95393846877011790  0.95596988162079666  0.95785598997166543
  0.95962438217396129  0.96126634851501058  0.96288237525437970  0.96448867750291645
  0.96607624191768515  0.96761617376882669  0.96908704271218093  0.97046555221479969
  0.97174382407090532  0.97297621553973612  0.97419224406827876  0.97539364854023625
  0.97656785329683216  0.97772271181463610  0.97886184225545958  0.97998012176624361
  0.98106757825317314  0.98211100496906767  0.98309878998627642  0.98399722514707910
  0.98485634226605911  0.98568244266751048  0.98647301216780126  0.98723133958591069
  0.98797789529836477  0.98870000214921616  0.98939990013455470  0.99008600016313597
  0.99075451240116241  0.99140217922969620  0.99202848081061268  0.99263767546717363
  0.99322960626942358  0.99380590631023535  0.99436902517694470  0.99492571918265704
  0.99547444647145378  0.99601426375616520  0.99654331889046399  0.99706940669961275
  0.99764006559901142  0.99827870217112269  0.99905015828193655  1.00000000000000000
 -0.02129254612677337  0.10473177799900577  0.14584845756811546  0.17109116068571661
  0.19186735665236587  0.21001342618771424  0.22435686466198024  0.23703047566848051
  0.24865756246507179  0.26130096067255060  0.27279231402375231  0.28412100487561015
  0.29475916125621765  0.30474623164689196  0.31364129834405263  0.32184884301172734
  0.32931095807849975  0.33702515945045869  0.34438334591927050  0.35183021203440590
  0.35911448875251939  0.36618665938921346  0.37319847760171465  0.38042297376724277
  0.38782386590835422  0.39509300520434121  0.40240498405089725  0.40973847375572975
  0.41702762366353835  0.42438451458599113  0.43152402936654671  0.43843276617171884
  0.44490958870465436  0.45122222211087898  0.45769670501865750  0.46458139990191571
  0.47155767389296732  0.47842655914521420  0.48479231600069522  0.49084007294244569
  0.49679022307475629  0.50271540173150497  0.50874563006343498  0.51492424819451910
  0.52113538694168704  0.52743195345834237  0.53366765509434966  0.54004898544435287
  0.54669833300907267  0.55341375073490462  0.55996718570522441  0.56622301874518721
  0.57221629897118531  0.57830289612732488  0.58434767126936571  0.59060243261167689
  0.59659893064737246  0.60282383680836538  0.60925484202897062  0.61578253265709504
  0.62232610937674915  0.62872931908458374  0.63487638012638992  0.64083430947999942
  0.64673768068793147  0.65263711417939740  0.65864448881683268  0.66487545579973462
  0.67101008208574642  0.67688750700516487  0.68296087708172848  0.68914257140920165
  0.69571347908471060  0.70232649499385968  0.70919673935354743  0.71627579728241186
  0.72322951839156346  0.73013858540687782  0.73718907492305541  0.74449901016910147
  0.75195005535869375  0.75934026059226678  0.76673993099057036  0.77465243587049204
  0.78311188981734692  0.79206718462715364  0.80105129398621100  0.81005835273690974
  0.81985720317799993  0.83086111172504962  0.84307909457405961  0.85664007203422887
  0.87207784072770467  0.89028940008741420  0.91994524534111577  1.00000000000000000
   1.1651050679575363E-009  -1.0000000000000000     
 F F F F F F F F F F F F F F F F F F F F F F F F F F F F F F F F F F F F F F F F F F F F F F F F F F F F F F F F F F F F F F F F F F F F F F F F F F F F F F F F F F F F F F F F F F F F F F F F F F F F F F F F F F F F F F F F F F F F F F F F F F F F F F F F
  <DiscreteSampler_grid>
  grouped_processes
  1 # 1 for a reference and 2 for a running grid.
  10 # Attribute 'min_bin_probing_points' of the grid.
  1 # Attribute 'grid_mode' of the grid. 1=='default',2=='initialization'
  0.0000000000000000 # Attribute 'small_contrib_threshold' of the grid.
  0.5000000000000000 # Attribute 'damping_power' of the grid.
 # binID   n_entries weight   weight_sqr   abs_weight
    10   10   1.061396166614155E+003   4.519439555382283E+006   1.061396166614155E+003
  </DiscreteSampler_grid>
