  0.00933025141995772  0.01672199527873043  0.02674656757360735  0.03727002784022181
  0.04755415020470712  0.05783740659653647  0.06796126840157235  0.07778128391558822
  0.08705581525750637  0.09580967125864684  0.10439812723772192  0.11295935990387536
  0.12219499336401288  0.13222910139847752  0.14202113823127580  0.15206232562618030
  0.16242941072755787  0.17269674792703651  0.18301923141440929  0.19336539238848777
  0.20364642612219142  0.21329515172029878  0.22261247039182588  0.23239675816779301
  0.24259006371868241  0.25236981109655110  0.26186647082518577  0.27163564102488202
  0.28245645069625125  0.29316454048648549  0.30375273425081645  0.31465383953565362
  0.32564653236043262  0.33643740448523657  0.34709744978292556  0.35779478721293373
  0.36838858362718435  0.37897760757924392  0.38966435322800258  0.40073833714650675
  0.41211010102429813  0.42309118119944483  0.43368326352084297  0.44438831401851314
  0.45490770585644980  0.46498639670317587  0.47458933915922374  0.48442092816970078
  0.49483123433060666  0.50576597901643605  0.51663551794125695  0.52723526174664725
  0.53733248864396488  0.54699595210352292  0.55656969191361150  0.56657735464919934
  0.57741424068163061  0.58882801686224107  0.59995438585195460  0.61037774404028189
  0.62074968499313088  0.63127588393345713  0.64203213910330481  0.65297991047106441
  0.66407989989948879  0.67536609954466886  0.68685393818424512  0.69830817543107226
  0.70942215304145484  0.72019141690567490  0.73085476889971945  0.74177149369735107
  0.75298917603331894  0.76416880799926923  0.77508770110622094  0.78585223840888796
  0.79680033381494542  0.80830328965705622  0.81931350252840573  0.83027375611445997
  0.84104774256711079  0.85235476749050865  0.86251701328961350  0.87201773833010221
  0.88168765232371449  0.89192857433047656  0.90247411654553145  0.91290784068164232
  0.92354572747268715  0.93465377490372104  0.94567693657582508  0.95638685160294012
  0.96688152542391603  0.97749888706026189  0.98871299248967814  1.00000000000000000
  0.00000250356294823  0.00000257634929872  0.00000262346011309  0.00000267335055026
  0.00000272414746868  0.00000278717083579  0.00000286438038146  0.00000294392005838
  0.00000303046134970  0.00000313426628565  0.00000326085216997  0.00000338891769792
  0.00000352589449359  0.00000367730161472  0.00000384275003129  0.00000401699162074
  0.00000418818508432  0.00000439924205992  0.00000464599777831  0.00000491537089817
  0.00000520960789058  0.00000552578277113  0.00000586051938218  0.00000621224443429
  0.00000658184713211  0.00000698169686026  0.00000741060302506  0.00000784798294076
  0.00000829499123258  0.00000875945465169  0.00000924150923325  0.00000977778991466
  0.00001034049718200  0.00001094294296903  0.00001157540211188  0.00001221317255449
  0.00001293220768110  0.00001371382916288  0.00001449089041919  0.00001529227059079
  0.00001611693829716  0.00001696847097422  0.00001791098569624  0.00001890859921190
  0.00001995542828843  0.00002104845431261  0.00002220214732856  0.00002344133636424
  0.00002475928749478  0.00002606484357634  0.00002760204291535  0.00002912725098289
  0.00003070650109077  0.00003239389367175  0.00003417073719910  0.00003604186720177
  0.00003802887353530  0.00004002051649800  0.00004222454015444  0.00004464164363380
  0.00004723458094108  0.00005001067908947  0.00005290176151641  0.00005595241219700
  0.00005925041057760  0.00006271665487876  0.00006640744543170  0.00007033180456160
  0.00007460970676747  0.00007933254922589  0.00008445909588157  0.00009000378505304
  0.00009600781094801  0.00010258799072925  0.00010982844912703  0.00011794819065182
  0.00012695289458381  0.00013635307210534  0.00014661486130244  0.00015825133842659
  0.00017208447012864  0.00018804267200753  0.00020768209252501  0.00023131838939956
  0.00025919295060106  0.00029249435540950  0.00034085821591755  0.00040597269347974
  0.00049230060120861  0.00061623880662723  0.00078914390066606  0.00111318291882190
  0.00198052694298779  0.01126442468256358  0.38429862326900172  1.00000000000000000
  0.00000235559956903  0.00000263798363709  0.00000290693790393  0.00000318935965777
  0.00000349042367716  0.00000381372888782  0.00000414713012071  0.00000447751993420
  0.00000480466745578  0.00000514694049432  0.00000551061625019  0.00000588327887267
  0.00000625946027668  0.00000664098687988  0.00000704236968417  0.00000746398086396
  0.00000792490224336  0.00000843410123570  0.00000896084474119  0.00000950835537587
  0.00001008499635421  0.00001068082019130  0.00001131525533365  0.00001199032350391
  0.00001263413650930  0.00001329536786325  0.00001398177560871  0.00001468281795296
  0.00001541634583516  0.00001619422750991  0.00001705141143352  0.00001797348293986
  0.00001889880445047  0.00001987967868698  0.00002089404799872  0.00002192885788661
  0.00002295971901954  0.00002403092769513  0.00002516468437259  0.00002636218179237
  0.00002762531608999  0.00002896336773609  0.00003037406797905  0.00003181248667600
  0.00003330682771718  0.00003487523556049  0.00003653380437417  0.00003820201583197
  0.00003988423867326  0.00004162844492103  0.00004344861397084  0.00004535256227523
  0.00004736867186590  0.00004954705927505  0.00005190135234650  0.00005424460475007
  0.00005676314833423  0.00005946998933097  0.00006228304039148  0.00006523337684419
  0.00006855505609684  0.00007199780394004  0.00007557878337810  0.00007933804231863
  0.00008322817749345  0.00008742810407708  0.00009200724674752  0.00009704924455424
  0.00010230644300078  0.00010822061494026  0.00011398248021798  0.00012056406642703
  0.00012771554927229  0.00013537248512031  0.00014409270746531  0.00015395946583825
  0.00016455012992760  0.00017594189242973  0.00018827513880717  0.00020159492273840
  0.00021679895509284  0.00023555836724776  0.00025653557499730  0.00028131846958834
  0.00031159809691509  0.00035103089360717  0.00040183727159940  0.00046611670846313
  0.00055041799515380  0.00067486413316254  0.00086537772520474  0.00116255672482951
  0.00188206518730048  0.00676032012885081  0.05136218942230465  1.00000000000000000
 -0.00231116480749135  0.00927652921651514  0.01940925191267999  0.02979788324568133
  0.04059703333887752  0.05151491567078924  0.06257582780377902  0.07318253115788372
  0.08328073574522352  0.09299761533624204  0.10264320292021294  0.11220858117475395
  0.12176351398262296  0.13140305890335377  0.14075623858891295  0.15028671395216300
  0.16006572219973791  0.17033892598183545  0.18201356093556287  0.19360851949447921
  0.20545562323103100  0.21699327899434606  0.22853010642713645  0.23910629287945520
  0.24950734627480847  0.25972935749022819  0.27002216550024394  0.28061903010920713
  0.29122093038184238  0.30169791516145511  0.31221368828252694  0.32248716730978388
  0.33210179894887859  0.34160881416816846  0.35045665694635347  0.35964584687568385
  0.36908457624393359  0.37886874525138420  0.38864560307611412  0.39868944762721259
  0.40916791489124710  0.41969798220068627  0.42997217837678681  0.44017064327182492
  0.45065208042969901  0.46149718234734793  0.47276400186894296  0.48418513109555739
  0.49566581576467206  0.50709901449180961  0.51857286208372744  0.53013076736768638
  0.54126013703608034  0.55161050016194768  0.56169460142517791  0.57211705219534448
  0.58272645683633550  0.59318476565336842  0.60357627366155131  0.61421536338505234
  0.62500352179393803  0.63582819749328656  0.64700666250376715  0.65846218484193286
  0.66983890034937321  0.68090525285069725  0.69187976057213085  0.70262816486099300
  0.71335465811252030  0.72440479342187247  0.73553526227049293  0.74667597030409261
  0.75817348373540427  0.76959951114016933  0.78036520175989865  0.79058949576447712
  0.80125443799457752  0.81218119842924819  0.82315071152193342  0.83390383836657134
  0.84500046067547929  0.85606435435190475  0.86667991355460938  0.87701838215501726
  0.88705233354708457  0.89744249584109836  0.90809841665077395  0.91834205857668261
  0.92833873958463142  0.93830190763989052  0.94855490089315164  0.95818828092812114
  0.96818305527194548  0.97875457145975309  0.98945080627518633  1.00000000000000000
 -0.00286777514794967  0.01044010685949143  0.02150256631852239  0.03231631543496921
  0.04279353198408669  0.05308490205741276  0.06351302203480923  0.07390884965979029
  0.08413687764972221  0.09372129634362826  0.10276016223552729  0.11276204834517362
  0.12356512965161523  0.13479491279103914  0.14558758318429199  0.15629290750894323
  0.16700585820394953  0.17813650830571159  0.18871986898470608  0.19812549348542641
  0.20714484197250355  0.21591570588904649  0.22519707792738833  0.23471717307025680
  0.24488165252598471  0.25543501810157893  0.26632557330837092  0.27765813327317368
  0.28886331037051038  0.29953111184227060  0.30975088802106476  0.31998675188147901
  0.33056025196334632  0.34098080649203971  0.35227642970507528  0.36289496569631247
  0.37306740901600871  0.38287666170329254  0.39220703881561525  0.40181827077469456
  0.41156529436169542  0.42158166035031208  0.43196810792350043  0.44287604465834296
  0.45368808298718888  0.46439446237588344  0.47503658903099638  0.48554750378088996
  0.49634438131776132  0.50734917796224788  0.51840309540343299  0.52903896567516018
  0.53946725385177896  0.55047398952061755  0.56150394306068852  0.57271317207346628
  0.58428292185034048  0.59605244109414790  0.60768738231777431  0.61945901653342639
  0.63130679828745351  0.64294442420776710  0.65314903006021019  0.66301085175430219
  0.67310490826274672  0.68318031413172553  0.69340329702735926  0.70312137793833307
  0.71279109705988963  0.72336231393725914  0.73353563202306560  0.74480577593004482
  0.75508856884892372  0.76585660234991459  0.77622040171759621  0.78549322153617107
  0.79475941995117982  0.80357906422569447  0.81263964539685507  0.82198124893156788
  0.83179654048276197  0.84237973705804947  0.85359683240534734  0.86493269948785023
  0.87675753501909914  0.88806484565122656  0.89886094079980106  0.90959520033423724
  0.92080119765595114  0.93200509777848106  0.94307136365516486  0.95423278327592942
  0.96579797514049182  0.97739164751545160  0.98882017377562859  1.00000000000000000
 -0.00224230743869201  0.00935396507442234  0.01899311697239253  0.02952452590608526
  0.03991874788646962  0.05017020836372299  0.06083496415823784  0.07240113105225911
  0.08470649151014430  0.09630942416450200  0.10731817358030961  0.11856634637087393
  0.12977891100561526  0.14068334475258679  0.15148437166042211  0.16235352954055746
  0.17369623806065890  0.18479038980372775  0.19544400094824060  0.20597861946702797
  0.21690880306210120  0.22762224848227416  0.23787816826902827  0.24819979246175769
  0.25925192879236003  0.27023756157549073  0.28055661154596440  0.29048183109713349
  0.30055808407555951  0.31110112488252234  0.32149363789101620  0.33107870816948942
  0.34013768845267250  0.34927718796652912  0.35913489713291974  0.36926725378945013
  0.37903059110570869  0.38843218827866655  0.39799823439137294  0.40788643893053855
  0.41808074653967886  0.42881941332358370  0.43945516431836590  0.45131806548921610
  0.46227525795897273  0.47348572903787822  0.48393886791106805  0.49487092414128070
  0.50546660086222317  0.51622106329799111  0.52697804085210831  0.53748282512894552
  0.54790570775108716  0.55877596660125328  0.56969432708586942  0.58060272569768334
  0.59110991837224403  0.60213689011398319  0.61289718648559222  0.62295776237006328
  0.63274888662787798  0.64253275191551851  0.65274359680463767  0.66314247703388596
  0.67422996399798774  0.68550336229400566  0.69600119904994762  0.70588076807508704
  0.71590991532453163  0.72670008645779904  0.73806484171301290  0.74931032847210943
  0.75986406397209094  0.76964838377659295  0.77902781697588230  0.78863623033279584
  0.79841043693264391  0.80809906134275944  0.81768431776024519  0.82743186327545903
  0.83727545657200764  0.84839180379325119  0.85890596726689838  0.86999551860852753
  0.88094268933271036  0.89325260806292595  0.90419851815934182  0.91503698934883626
  0.92531077372115134  0.93566154311814909  0.94608136397032672  0.95655818803172721
  0.96694455728173923  0.97740982961697254  0.98831244037660682  1.00000000000000000
  0.00003360495901023  0.00016157928990261  0.00048803304843716  0.00092007309919530
  0.00137981972632725  0.00174881292923557  0.00211726724230942  0.00251486360497665
  0.00292005312889237  0.00332853153700530  0.00373694088341975  0.00414838071591781
  0.00456560023833987  0.00498840200744466  0.00542395974918602  0.00586957536016802
  0.00632716896003045  0.00680984370049887  0.00730136236749381  0.00778782643161363
  0.00828452089693827  0.00878813103470130  0.00929592109951746  0.00980482798512140
  0.01032583963334139  0.01087421916001573  0.01143596166848719  0.01199895711689253
  0.01255935839375800  0.01312428918420232  0.01369814172786038  0.01428471817253961
  0.01488655496560364  0.01550436633582123  0.01614076329687871  0.01680880457865798
  0.01749267717276536  0.01818400204407038  0.01889644309306090  0.01960117018980317
  0.02031839373223788  0.02104379629430431  0.02178033205500036  0.02252552118164351
  0.02329632077766221  0.02407756151786577  0.02484923462886730  0.02555784818114987
  0.02628737925190183  0.02703505001016189  0.02782588866526770  0.02868436257045896
  0.02949838218737427  0.03027008244140613  0.03103959276027847  0.03180641921422360
  0.03265768100318833  0.03360612561062069  0.03455696809581564  0.03551199155541151
  0.03653984942896226  0.03758391375734817  0.03861447763130613  0.03964360200902255
  0.04072247452334525  0.04197024896692540  0.04326483396245705  0.04445180315609611
  0.04560433659616173  0.04667943980142968  0.04836497408422496  0.05023684147808889
  0.05180597878289942  0.05332443018086213  0.05484062024139355  0.05670222155326921
  0.05905200040148871  0.06099402529362680  0.06263020425318694  0.06446649805440674
  0.06652859359582708  0.06898789731170756  0.07173353276580460  0.07491079205177852
  0.07821566659094074  0.08178983387862397  0.08747749896055590  0.09330934478172868
  0.09859834427341795  0.10537351145822525  0.11393337771131469  0.12141894231209423
  0.13584501242578270  0.19788106753030496  0.52826188947610775  1.00000000000000000
 -0.00263025014702495  0.01081768714687119  0.02221614441099157  0.03478309670873639
  0.04636303933341638  0.05840634536462383  0.07116847330836405  0.08390926379756714
  0.09542274770144225  0.10635237777556283  0.11658972975622406  0.12655720440155122
  0.13640864828954349  0.14700957518486604  0.15856946101125072  0.17061256541803185
  0.18238896246537578  0.19340398948252926  0.20429138044747763  0.21539178482614962
  0.22661257006704849  0.23772711457968423  0.24866616193903293  0.25923840004600252
  0.26958428690690339  0.27982044695642577  0.28999530968092629  0.30033219341049316
  0.31048696601662062  0.32038465828091961  0.33026637293986666  0.34027819102112017
  0.35032656487764352  0.36023315898557490  0.37023144883444697  0.38072799696487214
  0.39151810934816733  0.40193380979564020  0.41177108512060218  0.42129079604488762
  0.43086244359167319  0.44073918420725661  0.45076910926625718  0.46064028295319964
  0.47025385149930771  0.47975916962756687  0.48927033102097567  0.49853243494490046
  0.50772273395539458  0.51684828204734001  0.52624438855979527  0.53590845882427440
  0.54545466708895762  0.55533436377826018  0.56567682097114691  0.57618812310855716
  0.58658365774859889  0.59644296833106725  0.60556888061197689  0.61414628617427403
  0.62282984772605843  0.63188024869210668  0.64083827629615187  0.64930184796221291
  0.65786047966567052  0.66676612165126414  0.67783181890212152  0.68782549441180874
  0.69829705650028318  0.70859439958549675  0.71936023846611097  0.73040736083410129
  0.74133343290532927  0.75198620686178219  0.76240765830136514  0.77290419973104518
  0.78359025231456580  0.79413257564279482  0.80441254760337122  0.81480951850068495
  0.82581810102103625  0.83717863454349872  0.84886875034966780  0.86040043508579445
  0.87126681350891733  0.88186261203168581  0.89293322859922108  0.90446486362773515
  0.91583448782357502  0.92740866710420922  0.93905216531330749  0.95087109593908070
  0.96335305260492587  0.97572475670573844  0.98819775607705451  1.00000000000000000
  0.04884663824231113  0.21268225074254538  0.31805723934581676  0.39891184964610005
  0.46126038197696589  0.51224178221411376  0.55497479939817385  0.59129829997438266
  0.62293043168333972  0.65034680105024401  0.67472003624834065  0.69647377449440129
  0.71596958982227865  0.73368729225770146  0.75011717492339536  0.76500395022359957
  0.77859600158368814  0.79121144576512581  0.80285195794773589  0.81353275517009960
  0.82356606370833130  0.83298350846342994  0.84165197804110914  0.84965674346462938
  0.85705067421368930  0.86384686582319326  0.87023086444386044  0.87622437249661844
  0.88184218993209373  0.88732885416003404  0.89268376628843804  0.89780832854384662
  0.90232419196002145  0.90660570337986424  0.91080018422525533  0.91485361697127121
  0.91869794276422656  0.92224934691150318  0.92578935910331861  0.92921151332265317
  0.93257117858366845  0.93574977619567568  0.93867494851637900  0.94140795030659818
  0.94401922936634430  0.94645461187590341  0.94871162658281494  0.95085775581363929
  0.95290561273536389  0.95492107569384943  0.95691142907565452  0.95876441273788870
  0.96049119461618138  0.96215665786349558  0.96376445558324919  0.96531240053473821
  0.96678423805726443  0.96819211019654228  0.96951408708530729  0.97083073764539363
  0.97211466226048715  0.97336051042166161  0.97458512962719146  0.97579554807352786
  0.97699657860609268  0.97815470529610682  0.97923667036273809  0.98025599799076757
  0.98124353073313020  0.98216222932007125  0.98308072470081420  0.98398221368973349
  0.98487013674612045  0.98574894036580885  0.98660659938240480  0.98738369198539166
  0.98814150977459458  0.98888035881879865  0.98956660215568304  0.99022313811853535
  0.99088760702945089  0.99155241758164492  0.99217620707964338  0.99279664948735147
  0.99339643242296682  0.99396782334249578  0.99452048806223081  0.99505379694014062
  0.99559008493322498  0.99612459239886120  0.99664909524928302  0.99718321088253836
  0.99774919105552551  0.99836765658523752  0.99909870308852067  1.00000000000000000
 -0.02187431624625324  0.10714555163420446  0.14737372557688841  0.17351162289513150
  0.19373795472016431  0.21028450010309463  0.22482732347090509  0.23842129746610607
  0.25099692429541065  0.26256094774950101  0.27363040916171033  0.28462374136980428
  0.29478598276958523  0.30400528736577581  0.31281179876949522  0.32195973639934355
  0.33140662011081051  0.34007191809503584  0.34825516822313768  0.35619437806371784
  0.36393016423720104  0.37150287291244499  0.37870463397289700  0.38555456691512474
  0.39204846283520861  0.39879695334740078  0.40585258867598756  0.41302749222991036
  0.41991406618339527  0.42647406008708283  0.43281652218840311  0.43917778378246447
  0.44520744109417104  0.45148290948339825  0.45800022486452890  0.46482127364142312
  0.47159780568417969  0.47810950751316456  0.48424448845361340  0.49060590838479085
  0.49705885372551262  0.50350156165291915  0.50972235726717308  0.51584669374283498
  0.52186106053208103  0.52806532853140531  0.53437325044516737  0.54064329155239066
  0.54679568932410894  0.55273812162511060  0.55863619382793805  0.56475427778058485
  0.57098582886346394  0.57712792847603733  0.58326413970815327  0.58948322890988070
  0.59589418361271373  0.60237730524300714  0.60857618514634315  0.61454453154796207
  0.62040176655591894  0.62650777314084050  0.63278526078034358  0.63911648208665328
  0.64536891272027697  0.65166731968524938  0.65819338180169717  0.66483034614202507
  0.67149680810597190  0.67825634518601841  0.68496773118921794  0.69129390035919203
  0.69757830414416078  0.70388860149658694  0.71044181454884214  0.71697846160882628
  0.72372707204773079  0.73078482085310625  0.73762658014429261  0.74437389527986175
  0.75086383606264862  0.75780500930564598  0.76506338639330218  0.77246942387896578
  0.78003213042317343  0.78799789247008323  0.79673549251321685  0.80599492005047180
  0.81590435205581757  0.82689279642039204  0.83902160064605569  0.85262093690734742
  0.86835118020343494  0.88760827493260874  0.91866688808911123  1.00000000000000000
   1.1666650597602018E-009  -1.0000000000000000     
 F F F F F F F F F F F F F F F F F F F F F F F F F F F F F F F F F F F F F F F F F F F F F F F F F F F F F F F F F F F F F F F F F F F F F F F F F F F F F F F F F F F F F F F F F F F F F F F F F F F F F F F F F F F F F F F F F F F F F F F F F F F F F F F F
  <DiscreteSampler_grid>
  grouped_processes
  1 # 1 for a reference and 2 for a running grid.
  10 # Attribute 'min_bin_probing_points' of the grid.
  1 # Attribute 'grid_mode' of the grid. 1=='default',2=='initialization'
  0.0000000000000000 # Attribute 'small_contrib_threshold' of the grid.
  0.5000000000000000 # Attribute 'damping_power' of the grid.
 # binID   n_entries weight   weight_sqr   abs_weight
    10   10   3.201781611958216E+003   9.870119128189531E+007   3.201781611958216E+003
  </DiscreteSampler_grid>
