  0.00926328849774973  0.01721828081554874  0.02704254119435808  0.03714067924014992
  0.04682695249038143  0.05721295026817684  0.06817189783202229  0.07906929519071516
  0.08981063602033137  0.10047948480910646  0.11159094566949371  0.12306636139196475
  0.13406811975025601  0.14418083208433549  0.15414947665566980  0.16427801567147612
  0.17468921917554486  0.18556432738655323  0.19634369380692490  0.20701292249823341
  0.21764828324859165  0.22855420915006561  0.23940594640828636  0.25002094107820710
  0.26082670705470257  0.27143842872577789  0.28224395044957540  0.29249777091631290
  0.30226701912888937  0.31197288500011161  0.32196702862226612  0.33186281047379468
  0.34162916503887725  0.35132891002270528  0.36154467655502126  0.37226067140555213
  0.38253314931042220  0.39257219904831536  0.40258594924873831  0.41361235368210347
  0.42505874558192608  0.43603694887308653  0.44694139024269897  0.45751971436624694
  0.46794707335523605  0.47835037052316354  0.48891529461238359  0.49948853178662928
  0.50935736177078550  0.51994131320848735  0.53047243271818612  0.54108354564447014
  0.55115834565651123  0.56092736896902395  0.57098168894404022  0.58111797969919443
  0.59154557493985704  0.60191609302920301  0.61208140283044665  0.62217080032312833
  0.63219375969182123  0.64305557378889189  0.65447335205623713  0.66676692983081598
  0.67862413252957854  0.69001368781170047  0.70079011634358446  0.71115428273587045
  0.72185132000628693  0.73267624506615703  0.74340208070204017  0.75392705105076552
  0.76445542821536405  0.77492504652494676  0.78542367648301303  0.79594094178422392
  0.80658046344341483  0.81747411866957076  0.82841403470937713  0.83945813524517121
  0.85035152392954083  0.86108739545721713  0.87110761597927788  0.88075083803119714
  0.89035295147544224  0.90058442923984972  0.91097804596976528  0.92113561851074488
  0.93148372734352791  0.94211918936251760  0.95259231823177060  0.96354360910916881
  0.97308786062488761  0.98279865400780553  0.99104959928755865  1.00000000000000000
  0.00000252703178704  0.00000260593139219  0.00000266636208587  0.00000272407472466
  0.00000279044833086  0.00000286993878441  0.00000296367147067  0.00000307398669079
  0.00000321140585478  0.00000335984626110  0.00000350215571272  0.00000364493113999
  0.00000379761694502  0.00000396698381681  0.00000415449906891  0.00000436987513889
  0.00000461310104064  0.00000486782713871  0.00000512133870170  0.00000539678389146
  0.00000568857059676  0.00000600857445229  0.00000636724936679  0.00000674345979259
  0.00000713044093389  0.00000754723815788  0.00000800626504751  0.00000849240513196
  0.00000900379456042  0.00000957713870864  0.00001019895937071  0.00001086285484257
  0.00001155944569876  0.00001228125432878  0.00001302144706269  0.00001377140207723
  0.00001453983154534  0.00001537904292023  0.00001627790292618  0.00001721078143761
  0.00001815169636414  0.00001910915165862  0.00002010124183464  0.00002114261402037
  0.00002223230167920  0.00002337023725272  0.00002458976646847  0.00002591248595972
  0.00002732479258766  0.00002875988069469  0.00003027040372501  0.00003185469421720
  0.00003350726630235  0.00003531335593606  0.00003732798279633  0.00003943324719670
  0.00004171748193123  0.00004409537331343  0.00004655847092739  0.00004908810176673
  0.00005183815625529  0.00005484132971797  0.00005801210035856  0.00006138232508739
  0.00006506500656191  0.00006900312318888  0.00007330407897010  0.00007808077511420
  0.00008312456793172  0.00008852525366621  0.00009432041456127  0.00010068289774858
  0.00010783882217872  0.00011579262611323  0.00012472511539072  0.00013491237206879
  0.00014606181422416  0.00015783419469613  0.00017070861067640  0.00018485980516054
  0.00019994132352175  0.00021738423313735  0.00024111145312080  0.00027168917610404
  0.00030630614011337  0.00034827688214462  0.00040169245486534  0.00046798502670064
  0.00055386081300930  0.00069728587232744  0.00095204142757908  0.00131924924941277
  0.00220390648695184  0.00510409201406745  0.25294317240775283  1.00000000000000000
  0.00000235064339403  0.00000266948182038  0.00000294055089786  0.00000320445057083
  0.00000346106062097  0.00000372446772855  0.00000401501403023  0.00000435092517732
  0.00000472686382758  0.00000513248026443  0.00000556181941008  0.00000601426582782
  0.00000648875485887  0.00000697645282168  0.00000746686511863  0.00000796216703921
  0.00000845755081336  0.00000896319701383  0.00000949862773344  0.00001005672756248
  0.00001062361765727  0.00001120936999722  0.00001179892722476  0.00001242428673134
  0.00001308826443213  0.00001375571816996  0.00001442638925932  0.00001513259683286
  0.00001586990881988  0.00001662708320115  0.00001743660146792  0.00001830082198250
  0.00001920121795689  0.00002013093806549  0.00002104897524206  0.00002203810529769
  0.00002306791305471  0.00002411518043167  0.00002517409785687  0.00002628343375041
  0.00002746550796868  0.00002869959219324  0.00003001009555750  0.00003144204888243
  0.00003294668830085  0.00003445585657595  0.00003610270968217  0.00003781641977982
  0.00003957563260368  0.00004141633889575  0.00004336955253234  0.00004543076530137
  0.00004762129904776  0.00004996165336411  0.00005245074402828  0.00005511043838276
  0.00005793154431209  0.00006080802830553  0.00006381321189039  0.00006702203863989
  0.00007046642296889  0.00007416573379783  0.00007811710543840  0.00008216050100433
  0.00008642731265031  0.00009103567469389  0.00009590563120697  0.00010098806413360
  0.00010622179923182  0.00011173787393246  0.00011759001600429  0.00012412403509236
  0.00013136580035784  0.00013924261707265  0.00014793332863877  0.00015751842141937
  0.00016932787673943  0.00018297906372252  0.00019882019382543  0.00021736612511187
  0.00023901656344745  0.00026316038629246  0.00029007137646181  0.00032245375272609
  0.00036179413587126  0.00040853552065575  0.00046654790306886  0.00053770017938029
  0.00063238619023840  0.00076154017613276  0.00095439446315591  0.00128823139841139
  0.00201592744627269  0.00481730648099043  0.55806814367591195  1.00000000000000000
 -0.00253092129083556  0.00963041241394868  0.02056180015287374  0.03134884292382571
  0.04259882001327724  0.05374160248756887  0.06513958565798039  0.07676027343658916
  0.08838156807804326  0.09976285004734413  0.11065956223258976  0.12129027232519962
  0.13207456478964971  0.14297161641271861  0.15406046270987653  0.16484747240588976
  0.17572885306839559  0.18654385867928761  0.19745453407174360  0.20822600200623048
  0.21870604204438979  0.22874212496235918  0.23843053768395475  0.24801404138698108
  0.25743282778185467  0.26709991620596496  0.27718837816237163  0.28750683987624520
  0.29808191293937697  0.30855855576046448  0.31876760106674301  0.32848030445130971
  0.33921806530182391  0.34932591475338409  0.35933246060442714  0.36883897310587022
  0.37883612857997062  0.38962429320050640  0.40088914508843132  0.41185346758114683
  0.42303825592359995  0.43433846791600672  0.44533138627467755  0.45626112209996939
  0.46701985930119766  0.47775299144798206  0.48834159771623892  0.49864225958392677
  0.50819009277840554  0.51658921803126534  0.52531596305786576  0.53457253058683440
  0.54474371304278757  0.55612420883984026  0.56707091485747907  0.57793491378458584
  0.58863003035976424  0.59926395267016264  0.61016769230865031  0.62118059832715766
  0.63238545634469956  0.64373829481026268  0.65527216026983304  0.66623464802961430
  0.67651030167313719  0.68668866777273185  0.69645350086169644  0.70589997622002143
  0.71497463840137776  0.72386814765917018  0.73301056742541404  0.74252094502203270
  0.75300409797454271  0.76426766480443697  0.77509390721405746  0.78519894800513690
  0.79472355134845785  0.80423888683411604  0.81414467605661001  0.82454618210786668
  0.83531332525566127  0.84665927234666638  0.85814495543963443  0.86939372875453669
  0.88048458882566838  0.89176940189177234  0.90344144067349530  0.91540711300784094
  0.92732718814235815  0.93830485929219576  0.94894748992594757  0.95880237576547023
  0.96873604069655583  0.97918690734234748  0.98959376439797653  1.00000000000000000
 -0.00269685585301917  0.01005142898715014  0.02141821885767006  0.03232580215963300
  0.04314724547188147  0.05341152812274306  0.06355253481008193  0.07386581766500280
  0.08414551531264534  0.09487032688204079  0.10550974759274649  0.11594856193829566
  0.12601442875932842  0.13591374020204799  0.14581577758203396  0.15550229896246395
  0.16576085919245198  0.17613259301964784  0.18652513504678567  0.19680668397422887
  0.20726480704292502  0.21850098980232646  0.22949586067491035  0.24023670855689419
  0.25106768434269872  0.26223759311800726  0.27344025316264370  0.28431541516912978
  0.29504170377821387  0.30586227373575409  0.31623012400202904  0.32636913256258582
  0.33610112256381741  0.34623376885279072  0.35689702140109170  0.36756028427045934
  0.37854336868523414  0.38952822747352583  0.40042804632416917  0.41087132708921686
  0.42170600673370212  0.43283230162074376  0.44349371797963610  0.45423959009634096
  0.46442324807961266  0.47413386328940360  0.48334615555972271  0.49289770223513230
  0.50292576041879389  0.51337070269078788  0.52394133505037266  0.53522241512738411
  0.54629760703616292  0.55714342003053285  0.56815212347750732  0.57941976400943462
  0.59022992339170999  0.60117288609950081  0.61098187232639867  0.62132923795684125
  0.63183094607132662  0.64298910904602724  0.65485780896676904  0.66691004229031203
  0.67912399866930284  0.69059517613861110  0.70134766390495640  0.71168901534656592
  0.72222462236091800  0.73270095286511550  0.74218420026077636  0.75122788569802468
  0.76080259417538443  0.77180517125278392  0.78351766784383770  0.79408325210835928
  0.80310056375291450  0.81206657718761055  0.82079180618017977  0.83103696272092098
  0.84186223498580770  0.85353899049986659  0.86485389554389003  0.87689325570080867
  0.88823653533577951  0.89959054519124182  0.91047360762173413  0.92108623233471720
  0.93152348140744379  0.94235010522181573  0.95281847403305253  0.96318095936026848
  0.97201777992311533  0.98109840418794814  0.99039701666050384  1.00000000000000000
 -0.00254130422885049  0.00978851474085357  0.01983981086781487  0.03044129270908117
  0.04070684045403890  0.05080402659271045  0.06084650619396536  0.07157323727399842
  0.08240358206079153  0.09224294020347278  0.10122830887804647  0.11028974486185157
  0.11944320728967547  0.12827943590199994  0.13695148048174571  0.14578596329580010
  0.15528531258078898  0.16506855899695907  0.17534459816448542  0.18600092465018511
  0.19661076802190847  0.20698719744288135  0.21746698353873523  0.22797281288669749
  0.23818678986261252  0.24848653513143301  0.25924077876816720  0.27046156719596054
  0.28184440687390921  0.29283861721525606  0.30362665006819706  0.31442322178922466
  0.32545704791914903  0.33664665386855769  0.34791465929720483  0.35911905554908286
  0.37037880368862119  0.38135199166676292  0.39227181950618278  0.40303179400160655
  0.41337264714207150  0.42392812717864442  0.43424479256717802  0.44565102538695767
  0.45705408146314619  0.46821191148762653  0.47875398785676665  0.48932880285544794
  0.49990191351443836  0.51005704702759558  0.51987415962865535  0.52952607509804961
  0.53923388930094462  0.54943425941289137  0.55955307992969183  0.56995028632257816
  0.58078250335301684  0.59193233281547430  0.60334748068583277  0.61457190121816896
  0.62571422091889006  0.63621282130314005  0.64712968573298313  0.65826014356223350
  0.66980124037068234  0.68088217090141201  0.69213772086486269  0.70299567237086735
  0.71400774224176244  0.72475945361612282  0.73549776743775830  0.74613104572077527
  0.75645655258546152  0.76678515989238372  0.77698316704416814  0.78754239336301435
  0.79776879010713964  0.80798039144375855  0.81786849742422907  0.82812900129977651
  0.83826599234783405  0.84842000942038343  0.85893873953279187  0.86998709469618729
  0.88201337200520835  0.89361921841972769  0.90341974750198217  0.91287778689533294
  0.92248425060127215  0.93237113880036127  0.94427613194815663  0.95593981953212270
  0.96692707595914185  0.97828300971672566  0.98896164858548763  1.00000000000000000
 -0.00001481994952401  0.00023119317983884  0.00058755723899762  0.00106502510920436
  0.00165614667276580  0.00222234896313484  0.00272396157324503  0.00324788552099090
  0.00378734686700592  0.00434207072172739  0.00491198678566410  0.00548241617640728
  0.00605459463516177  0.00663433567204241  0.00723119227422651  0.00781978221614292
  0.00840524765001686  0.00898922529575230  0.00958273165506194  0.01019819916433613
  0.01081985468426862  0.01145794367707394  0.01210575737563306  0.01276457349911846
  0.01342550426197085  0.01408993486022685  0.01476690095269842  0.01546565378916151
  0.01618794145503528  0.01690463125851784  0.01760751599478643  0.01829767014899920
  0.01901110908362936  0.01974911204629949  0.02046974443186518  0.02116124964149440
  0.02180728090691837  0.02241288711341091  0.02303560909308818  0.02366419483969836
  0.02431935652410132  0.02505144213070271  0.02583899507838935  0.02674200148770952
  0.02760334689414753  0.02843880015975716  0.02925684859505416  0.03009620876759863
  0.03093693384076017  0.03182318612326881  0.03276616684835940  0.03373345392247618
  0.03467682402556234  0.03565831085741920  0.03665949778731330  0.03769905616527309
  0.03876478036314880  0.03981314220046350  0.04086140815216566  0.04190195051608937
  0.04290697444095371  0.04397112233461654  0.04509812318898969  0.04624490024151028
  0.04737822422135976  0.04847625542286620  0.04965012024553654  0.05084782440767298
  0.05211200368840157  0.05341482782549418  0.05476292840175900  0.05612382309984370
  0.05743817510128137  0.05885693318724665  0.06031651778936418  0.06231956815279669
  0.06421203568466641  0.06618672050827577  0.06806229705066955  0.06997658487257981
  0.07220695065320178  0.07452244567654476  0.07691755665555983  0.07934008195709678
  0.08157299235755089  0.08440779413753868  0.08869085154000450  0.09347066129110199
  0.09769775267380407  0.10173975932387051  0.10628871335527983  0.11134103305627956
  0.12087333046518806  0.15675536322734843  0.58819603478991789  1.00000000000000000
 -0.00160325691911437  0.00747290277627068  0.01780272595565878  0.02813371817000756
  0.03951250363631524  0.05206515051072980  0.06481773954224732  0.07726955619438934
  0.08945212795223119  0.10172097057067211  0.11358953212664706  0.12535057323579810
  0.13775028775271969  0.14986719630620418  0.16095992894048067  0.17119318608309950
  0.18121562911355368  0.19132085965793647  0.20212822172062878  0.21364202418123598
  0.22527679515593518  0.23674328364482897  0.24801566048057633  0.25907994922794203
  0.26983252591531970  0.28008070731318396  0.28994835846111772  0.29988956346391321
  0.30992707961493265  0.32014078550747571  0.33042159871758919  0.34059125305897603
  0.35063230437026344  0.36030344077239135  0.36979581449698973  0.37950101959081822
  0.38953538254391751  0.39954927014287039  0.40918717800725762  0.41889419836412600
  0.42884959602126116  0.43877243455323234  0.44816828173586415  0.45802269750728564
  0.46848144700098437  0.47858408748534575  0.48810354433137615  0.49713820392866787
  0.50656864743775698  0.51614741595638003  0.52511665887841341  0.53366620605707782
  0.54256341584827350  0.55239720425297223  0.56212063559341352  0.57127914866029883
  0.58023137636225797  0.59012025707252536  0.60100613241991618  0.61207701765142331
  0.62234610841678184  0.63180618787528653  0.64117728943858021  0.65099164079406846
  0.66129551965608258  0.67159305771953148  0.68170492199089006  0.69211388686365394
  0.70286059003215939  0.71297837418668786  0.72206107660136343  0.73088985053179456
  0.74021874987931580  0.75043171346324922  0.76099976695397564  0.77162327677598441
  0.78189258184459742  0.79210544567200813  0.80243395969437015  0.81323803662838245
  0.82480101939306771  0.83669123859494610  0.84910637658541055  0.86171431762610573
  0.87371397941517071  0.88560507727391502  0.89695534269106036  0.90843040291802224
  0.91981159139931201  0.93159057891847863  0.94344412502425701  0.95582717655415095
  0.96775610481587737  0.97885876063178234  0.98947574759508361  1.00000000000000000
  0.00961066919045297  0.20279020109055146  0.31023461110965656  0.39170819061707052
  0.45543735761907006  0.50780845220528237  0.55124433587067978  0.58756050765847545
  0.61968108648481712  0.64792552488730160  0.67276650123471282  0.69490173656790610
  0.71484050454466852  0.73278030125653948  0.74913456543898416  0.76414384357034149
  0.77792248550633258  0.79057697606774413  0.80206826319784452  0.81296996634829766
  0.82299785109611523  0.83239095426466125  0.84104782337174477  0.84919459095851568
  0.85678710943024783  0.86392785599817223  0.87075279997600596  0.87714356507213653
  0.88304216284114856  0.88858718596484332  0.89389589575493456  0.89891370789341440
  0.90367358385476715  0.90821490273680383  0.91258579800349737  0.91670449967787493
  0.92044580603980075  0.92391914601601044  0.92731184844137993  0.93054626745749947
  0.93368631785994682  0.93660472881952317  0.93936470952207518  0.94185692837586066
  0.94424458230477470  0.94660662144140373  0.94895303183017743  0.95121922805552062
  0.95341699943134850  0.95556440432862599  0.95757752954968489  0.95941627434333154
  0.96114172926448604  0.96282664498854520  0.96447398635774251  0.96606104962794570
  0.96759860404101417  0.96907114543005279  0.97047752022226264  0.97183690611117690
  0.97314456592533904  0.97443038446489383  0.97567541571306970  0.97687350430665343
  0.97802071095251197  0.97911193911849526  0.98014376579963103  0.98112087328805053
  0.98206478926935481  0.98297781613645452  0.98387053063029750  0.98474122213477000
  0.98558470184064095  0.98640005774202488  0.98719315469473390  0.98793882402061040
  0.98866718677618859  0.98938054775238116  0.99006070758401177  0.99069635796248945
  0.99131168840894079  0.99190616746921201  0.99246578428276322  0.99300555215853203
  0.99353825096342152  0.99406533027452548  0.99458391384038336  0.99510467513022105
  0.99563493990680429  0.99616798101367987  0.99668908988375171  0.99720972797597396
  0.99780039388025710  0.99846207236332740  0.99919544371272162  1.00000000000000000
 -0.02188601445227999  0.10754282467935405  0.14898281209525946  0.17407565639737205
  0.19320948284782702  0.20917888945773008  0.22335822390810628  0.23715426312782137
  0.25070313216846202  0.26351658920517390  0.27563200757795947  0.28660711212744949
  0.29679417156057264  0.30630810573647144  0.31534912451895741  0.32479041727578184
  0.33386884632743163  0.34349063301201538  0.35247031024353193  0.36061648483144493
  0.36800625875584247  0.37508656028317250  0.38205174222867783  0.38898181524056502
  0.39606064983022038  0.40300089584254783  0.40985503772690218  0.41644357363283491
  0.42288632613967808  0.42949706661612702  0.43596281709685725  0.44257501039265368
  0.44887622313698827  0.45488624465992833  0.46078797756598683  0.46684224557126297
  0.47271069460178849  0.47868203605124854  0.48463840415854242  0.49065301244325255
  0.49704584762707776  0.50379960018111014  0.51063602279242182  0.51727335634788973
  0.52340920004248703  0.52907223494209643  0.53476078343360867  0.54066207425018009
  0.54660803953408210  0.55310767497036861  0.55924075722583533  0.56537446182722317
  0.57125190068158704  0.57720999698086628  0.58300658058811772  0.58874294433796803
  0.59456847217827891  0.60034097061066238  0.60632464789344065  0.61253607212788008
  0.61886351094946912  0.62538199250408555  0.63217315303259414  0.63920581171024249
  0.64594579287084641  0.65197814328798065  0.65767390882710630  0.66332011880974195
  0.66910345768963253  0.67530033681322466  0.68181659576527776  0.68816132437566924
  0.69425723110617865  0.70052054748613590  0.70705764954279415  0.71398490591534181
  0.72119750936928517  0.72799883902273022  0.73447291285101690  0.74101929483881790
  0.74772573992586744  0.75528261945128627  0.76353424964286809  0.77220144483539821
  0.78110944051792708  0.79042005669320614  0.80027690103365468  0.81014343314532178
  0.82021400657522714  0.83050694711866102  0.84169497341848487  0.85416727397142589
  0.86902954501911778  0.88871083652454030  0.92056425093068495  1.00000000000000000
   1.1855999190797270E-009  -1.0000000000000000     
 F F F F F F F F F F F F F F F F F F F F F F F F F F F F F F F F F F F F F F F F F F F F F F F F F F F F F F F F F F F F F F F F F F F F F F F F F F F F F F F F F F F F F F F F F F F F F F F F F F F F F F F F F F F F F F F F F F F F F F F F F F F F F F F F
  <DiscreteSampler_grid>
  grouped_processes
  1 # 1 for a reference and 2 for a running grid.
  10 # Attribute 'min_bin_probing_points' of the grid.
  1 # Attribute 'grid_mode' of the grid. 1=='default',2=='initialization'
  0.0000000000000000 # Attribute 'small_contrib_threshold' of the grid.
  0.5000000000000000 # Attribute 'damping_power' of the grid.
 # binID   n_entries weight   weight_sqr   abs_weight
    10   10   2.093068761268075E+005   4.241862423200363E+011   2.093068761268075E+005
  </DiscreteSampler_grid>
