  0.00967775431802397  0.01594741470598147  0.02428723423613682  0.03328111344785458
  0.04284455067012251  0.05293639350459632  0.06315295386421664  0.07364903369585993
  0.08458743967363785  0.09581943851256117  0.10728374741982319  0.11875357699460364
  0.13013011186872256  0.14144494553369694  0.15235191952792898  0.16252132755418230
  0.17300667502243275  0.18347385943651398  0.19380206602517266  0.20388934414684409
  0.21436982500544280  0.22538209101597473  0.23609144834897269  0.24633076532692086
  0.25654363049068901  0.26661738824531067  0.27689839737021660  0.28697637758199501
  0.29723496375654768  0.30773751179766284  0.31824708956350894  0.32880421872575138
  0.33906969334489956  0.34921180116134781  0.35922073323139281  0.36936086492524034
  0.37946829554357980  0.38962136185457735  0.40011292189631209  0.41109626243191666
  0.42222067431956462  0.43305734600440648  0.44347528429410560  0.45352253692733208
  0.46361659034436908  0.47418583961442423  0.48490134952235120  0.49523464149396501
  0.50510982214069455  0.51501226847312132  0.52511203507429904  0.53520116554664832
  0.54534944647663652  0.55553812650185508  0.56568711591381970  0.57575738775248952
  0.58600883480917954  0.59696725166563147  0.60822881281256835  0.61932167440053509
  0.63007491657266146  0.64065855299872232  0.65156833455573371  0.66263956911719768
  0.67321667584461964  0.68345023897836765  0.69389620696469678  0.70471467853719860
  0.71562969080312011  0.72658721926188863  0.73773559695912350  0.74855119720126506
  0.75917326009832531  0.76984405476287499  0.78077257419262236  0.79141623370793535
  0.80085920991862114  0.81041796862689586  0.82024444340434588  0.83028088229942254
  0.84060569354376724  0.85126751007576917  0.86260383048686717  0.87401525794547730
  0.88491972629452176  0.89554518208248102  0.90606362548800945  0.91693444125886392
  0.92764929186754541  0.93822126424421359  0.94887539209507754  0.95990237114795107
  0.97099594513384080  0.98159362904280445  0.99144137288671408  1.00000000000000000
  0.00000244815454262  0.00000248730294722  0.00000253026476596  0.00000257381799414
  0.00000261968711684  0.00000266855070667  0.00000272609972270  0.00000278562502892
  0.00000288162748076  0.00000299251253010  0.00000310660619548  0.00000324572967538
  0.00000340109426234  0.00000356486277371  0.00000374067081048  0.00000392580698078
  0.00000411574287870  0.00000432070624917  0.00000454714266501  0.00000480309317533
  0.00000506983394675  0.00000536286848797  0.00000566300419626  0.00000597943012629
  0.00000632343568148  0.00000669579680343  0.00000710581286071  0.00000754822147153
  0.00000799334369855  0.00000842964784613  0.00000887158617556  0.00000934765547684
  0.00000987642282553  0.00001044926962015  0.00001105703414933  0.00001169809742927
  0.00001238126698953  0.00001312879728877  0.00001393922885044  0.00001478977649563
  0.00001565802369544  0.00001654799567208  0.00001747127383166  0.00001843275896149
  0.00001944957596029  0.00002054578863040  0.00002168123791659  0.00002290803202807
  0.00002422579875423  0.00002567517821622  0.00002720672513780  0.00002882106320387
  0.00003054275829693  0.00003233897429920  0.00003418780355834  0.00003606247764937
  0.00003818186621420  0.00004039371313123  0.00004286788039436  0.00004555849001831
  0.00004838703394812  0.00005134775732156  0.00005435683912379  0.00005750613664040
  0.00006092044607662  0.00006453457946922  0.00006854021345874  0.00007278351643509
  0.00007780628343636  0.00008353502256959  0.00008950705631254  0.00009558341961122
  0.00010219453376384  0.00010964209449474  0.00011801673122812  0.00012720005281760
  0.00013705536416188  0.00014856228099087  0.00016211463315159  0.00017757515433916
  0.00019504051613841  0.00021414757962050  0.00023495304077447  0.00025971046354753
  0.00029148211078959  0.00032836644156564  0.00037177081359761  0.00042666521455584
  0.00051248608624754  0.00063310050491137  0.00081324424310799  0.00114054955031675
  0.00190775644120142  0.00833492652133322  0.45941841861074773  1.00000000000000000
  0.00000234819011584  0.00000263166252135  0.00000289066269153  0.00000314978821769
  0.00000343446721615  0.00000371371200985  0.00000399972006275  0.00000430230575975
  0.00000463097775257  0.00000498046680189  0.00000534066293506  0.00000570637144705
  0.00000609554887009  0.00000650891273735  0.00000692675840958  0.00000735484633796
  0.00000779800191471  0.00000825997528523  0.00000873732186591  0.00000922040662978
  0.00000970279365600  0.00001019448177732  0.00001071154822123  0.00001127001724005
  0.00001186126234425  0.00001247024675930  0.00001313372328511  0.00001384194872601
  0.00001462437673811  0.00001542948666164  0.00001626205423448  0.00001711296433975
  0.00001798965301358  0.00001888357493688  0.00001977059836871  0.00002070992146251
  0.00002170310446365  0.00002279007428309  0.00002395481716802  0.00002520027136799
  0.00002649175274907  0.00002777798807597  0.00002904520840429  0.00003035324316045
  0.00003172625149249  0.00003313965703233  0.00003451997549035  0.00003602081546424
  0.00003756333155664  0.00003924371545238  0.00004104280059643  0.00004295809715333
  0.00004503077638185  0.00004719475544685  0.00004941598095152  0.00005186297907076
  0.00005429396089259  0.00005695576471473  0.00005984713010565  0.00006285766873173
  0.00006609683895665  0.00006963965793891  0.00007344879381908  0.00007736157021281
  0.00008131228864357  0.00008545394621527  0.00008982869448234  0.00009448902917453
  0.00009924358028703  0.00010441468866373  0.00011007474949240  0.00011625135122248
  0.00012317263578119  0.00013092342256115  0.00013956003257809  0.00014972116569218
  0.00016099496771708  0.00017245378563284  0.00018521800208619  0.00019934718124045
  0.00021615308611367  0.00023554266084477  0.00025808717448788  0.00028357049711854
  0.00031326350979135  0.00034886368793578  0.00039525368276593  0.00045674041798760
  0.00054194200871307  0.00066870745646817  0.00085252189346898  0.00111542876051290
  0.00173358942143917  0.00385510265582549  0.16253628081390539  1.00000000000000000
 -0.00248020411767220  0.00940513378523123  0.02052586900036892  0.03089697167397574
  0.04104097331467865  0.05144775150514957  0.06224632049846389  0.07357710567395644
  0.08459419088905579  0.09460186867534898  0.10445291365890232  0.11399201508674722
  0.12363648432669762  0.13296621053797320  0.14209833273903549  0.15197184788005810
  0.16235080718951456  0.17321441688666306  0.18445480658720759  0.19593925488237313
  0.20674943435818299  0.21763653571347971  0.22899364823196738  0.24092814464984286
  0.25215391790201169  0.26284300997620957  0.27371069859082503  0.28485010882628914
  0.29548252337509695  0.30573245055702780  0.31564622546735427  0.32582928133235733
  0.33630705043436893  0.34667754564972897  0.35682034522283185  0.36683609039351556
  0.37692014713126465  0.38684832638863448  0.39700154990920011  0.40720005639502366
  0.41746763871977649  0.42775147126668045  0.43841552836139208  0.44957515351345179
  0.46007403657017176  0.46959726581733174  0.47886180367275288  0.48823768529596978
  0.49730784531308247  0.50594785817303567  0.51438976965220340  0.52306217388353005
  0.53214147751200436  0.54174515790046063  0.55226695912345392  0.56318012145450724
  0.57408092657564180  0.58488677477308737  0.59547067609025628  0.60592607674897758
  0.61616807147681796  0.62656422308897208  0.63692131269110130  0.64707940057290525
  0.65725791836642056  0.66766786243765797  0.67835289556315626  0.68913584909595527
  0.69992672474075845  0.71083021975404093  0.72181802461027122  0.73278698057031200
  0.74386247417930607  0.75535597540849841  0.76716448218899291  0.77914455033932251
  0.79131043668508705  0.80351319052812298  0.81542495690082617  0.82674946709493369
  0.83784581568273819  0.84873709605006808  0.85955312559015873  0.87028245853802078
  0.88116724903138299  0.89207499163831716  0.90318577783965515  0.91425689375340569
  0.92570092646475399  0.93720041469717941  0.94894981237918763  0.96015369768149572
  0.97066899159777376  0.98080301751036925  0.99036900964658381  1.00000000000000000
 -0.00248433123971856  0.01002199383369749  0.02032049734580375  0.03151686678501535
  0.04244775939652314  0.05423665313594863  0.06564987355525623  0.07662121406788099
  0.08710173678149893  0.09803725980163383  0.10951021017623858  0.12100501026620773
  0.13188708409097452  0.14259473036196640  0.15371074457453968  0.16493952070187806
  0.17600102477904714  0.18726446752238163  0.19876472862131783  0.20990748188343461
  0.22076426767405544  0.23154884977109563  0.24253772727143988  0.25325243290364613
  0.26342405120318013  0.27284547237977053  0.28184275122151897  0.29125512442883855
  0.30137015366087172  0.31095949381155269  0.32095858431121460  0.33143120547808824
  0.34067920185276745  0.35046248225674792  0.36037347588952323  0.37017080087313270
  0.38016641588280320  0.38981124326020161  0.39912388509599778  0.40961705541076576
  0.42036331919762010  0.43151680460614183  0.44238690767813554  0.45316093146555714
  0.46367068396182287  0.47430573877537735  0.48545017793566786  0.49760167225598428
  0.50915523737017676  0.52047477384695073  0.53159149073202805  0.54266053266378089
  0.55298468944291868  0.56291339966368381  0.57212677168637671  0.58090760483796611
  0.59001543730292538  0.59932374587930137  0.60949167733653309  0.62030204284424661
  0.63143917852804754  0.64224479004931967  0.65291787856530170  0.66332969858261481
  0.67354342793270194  0.68362970485203134  0.69388528836319219  0.70428424293111669
  0.71480514109575688  0.72526891499946711  0.73563274873526141  0.74605399360064795
  0.75662757063091313  0.76807206020889496  0.77954622413673269  0.79096242672459915
  0.80236615858880289  0.81358967533233262  0.82445781294967657  0.83452747371980052
  0.84399285820069092  0.85354538094375576  0.86352328442927884  0.87355893112157557
  0.88357327944906028  0.89390640522711651  0.90508748615049706  0.91645338120522979
  0.92720002603033558  0.93720428075219697  0.94754933316938506  0.95785478161943094
  0.96823502597168365  0.97872254483199828  0.98945707048493226  1.00000000000000000
 -0.00251152489406833  0.00937724335394972  0.01928665033843947  0.03014781341503128
  0.04186148483628521  0.05099060533232173  0.06058409652553709  0.07013325954440411
  0.08022751777941160  0.08988792617439395  0.09932921952594906  0.10896877286850937
  0.11897774978823163  0.12912748255610329  0.13938777392257479  0.14984020800459069
  0.16022975030452852  0.17097865219006395  0.18182766193755470  0.19245579695788897
  0.20283581557910921  0.21326002571416086  0.22394026874065068  0.23499668767363341
  0.24589107358151124  0.25675189759359418  0.26743123658461659  0.27834686288139127
  0.28949376050878128  0.30102402488493224  0.31279312215070620  0.32458910035290883
  0.33674545066988792  0.34822464829322186  0.35951558805131922  0.37028807001142267
  0.38086870098464287  0.39093308339425431  0.40140039822618345  0.41213047318373552
  0.42305196171045673  0.43396848986739933  0.44485328190701312  0.45578240239955115
  0.46659055664894256  0.47778020573363661  0.48941659358158129  0.50123045176376513
  0.51220998024023523  0.52241473064476807  0.53227931914268789  0.54178169182953650
  0.55184443074722123  0.56210921393643576  0.57291597244730974  0.58385292213865680
  0.59458150980832203  0.60547004677929939  0.61616586784322136  0.62604805547505360
  0.63523756750040550  0.64487051353732328  0.65499358286139009  0.66524074111501630
  0.67477551480132247  0.68408686520056972  0.69374932167827119  0.70394666515722415
  0.71436559316975401  0.72471360863066092  0.73524713612786718  0.74582237502729887
  0.75713065075302877  0.76847682635967174  0.77946072363356778  0.79028086009965637
  0.80089115228620633  0.81148986569446269  0.82255517238502374  0.83347780086985546
  0.84426363245016778  0.85473452621268309  0.86514698865424711  0.87513024768335301
  0.88480810337483773  0.89443698141256966  0.90407781703222778  0.91389442909703178
  0.92433104519962361  0.93530291853207725  0.94627390603897310  0.95720828882794773
  0.96839148780344286  0.97968031228036789  0.98977168951853534  1.00000000000000000
  0.00005063344581233  0.00010738053206626  0.00045352252865408  0.00094052356194647
  0.00151000798801432  0.00190913929772624  0.00230842652108612  0.00273147252852164
  0.00316465783788266  0.00360419763926763  0.00404768266302480  0.00449697001881564
  0.00495386421491299  0.00541865621484163  0.00589037617146363  0.00637124765078123
  0.00686180978469951  0.00735673226201467  0.00785231442820802  0.00835615364955368
  0.00888541912113037  0.00941379283499114  0.00995163241010608  0.01049089555972952
  0.01100934842626404  0.01153568423468277  0.01207710727708537  0.01263772488828776
  0.01321744817300659  0.01380468870493972  0.01440402640709864  0.01500620765407234
  0.01562477482916415  0.01624922791761473  0.01687721090119215  0.01751504170805693
  0.01819670396091748  0.01888456153223960  0.01960032863049737  0.02032357783227024
  0.02102956657639937  0.02172843662169461  0.02242257677252250  0.02311857147073515
  0.02384476311203112  0.02461682284795262  0.02542796083070962  0.02631032872600851
  0.02728277550220900  0.02833459092957863  0.02947006445421799  0.03050432380741948
  0.03149133434914750  0.03242920463560043  0.03333617206573882  0.03426771266248231
  0.03514705875636784  0.03609356304219583  0.03710667771357208  0.03816852041780680
  0.03928280431810022  0.04040259880529102  0.04163566606495694  0.04293037007480119
  0.04432306965671087  0.04579188684267371  0.04737294106057530  0.04896712793593477
  0.05049091926532277  0.05198349745282634  0.05336450028147918  0.05480902177650965
  0.05651604677178114  0.05804035823111128  0.05957807526897117  0.06155147429465441
  0.06357679085511596  0.06569848403761211  0.06787263356374368  0.07030861700006506
  0.07265085670232940  0.07509684912213947  0.07755212547540682  0.08113444820556748
  0.08478414493591852  0.08790133819077343  0.09151006613017834  0.09583135572611833
  0.10001151349167868  0.10721384479183942  0.11347948422190610  0.12281709600634882
  0.13831569152702974  0.15864369400435924  0.52287767263634888  1.00000000000000000
 -0.00283938564241156  0.01100972268060969  0.02248457074436127  0.03331343730202442
  0.04480159469731446  0.05703302436940843  0.06856412582761950  0.07871131202949490
  0.08925315528682282  0.10016344292276781  0.11076475676148381  0.12142645442468565
  0.13316445309490582  0.14548477825326017  0.15714749862964272  0.16802195478689974
  0.17840818588805279  0.18848455347051163  0.19864867979519979  0.20916272356480214
  0.21962460217888002  0.22994313058453245  0.23997951503925605  0.25043417894855147
  0.26095136303232974  0.27163463360500145  0.28247818982062278  0.29333060957059331
  0.30393661978388042  0.31400179868625250  0.32318490571110503  0.33178053609468611
  0.34084708754156262  0.35051475724466541  0.36121064265828717  0.37216069399670232
  0.38292301316019323  0.39334000026085481  0.40353092352514330  0.41339303745056233
  0.42258081967761657  0.43119287673323092  0.43982172564719518  0.44903126966863011
  0.45881999324921025  0.46835504295028435  0.47740152960661636  0.48647825650267279
  0.49575936838282675  0.50523625479503997  0.51480381606443781  0.52467010743408016
  0.53485554292561110  0.54474906849553162  0.55400460869893231  0.56301172398012822
  0.57185700313507315  0.58027632150944219  0.58848136999040945  0.59667836516522321
  0.60519682854756174  0.61447677107234733  0.62408942450093374  0.63391743657826072
  0.64384809266426779  0.65347250031257753  0.66346418668909624  0.67375768892683796
  0.68471238075521845  0.69568365006693966  0.70653841212628687  0.71798494394338641
  0.72939043849438057  0.74101962655029796  0.75227494557297803  0.76352610535388199
  0.77435854827799944  0.78528997461887939  0.79638131213722640  0.80768068681808258
  0.81949667399162984  0.83075541558962518  0.84182132250561414  0.85320358952214159
  0.86516113026022201  0.87763405729932087  0.88960337022011726  0.90138354572759327
  0.91294733400137984  0.92527825068449276  0.93809819132315642  0.95084086146781566
  0.96401828062018113  0.97673832263168803  0.98867287196430076  1.00000000000000000
  0.01004427559372715  0.18758187719349548  0.29683029160291297  0.37796993112449917
  0.44029874209740827  0.49169504104771000  0.53562986861826378  0.57311704851407008
  0.60582435881887609  0.63459812509698732  0.66027901000238831  0.68302490003616234
  0.70322369122466677  0.72160444850019079  0.73867016073047265  0.75420374266498014
  0.76820852768137149  0.78118239521315158  0.79318340169496560  0.80441992993134825
  0.81501561014223811  0.82501904798371917  0.83425746962570946  0.84275034398814264
  0.85064280665753411  0.85805651012432749  0.86504506818406290  0.87175115197296971
  0.87799463808338074  0.88380030457325753  0.88934925479790483  0.89473714309115948
  0.89969075900014861  0.90426173440199575  0.90858513051057377  0.91265852053633356
  0.91654495070212860  0.92008674766905818  0.92341776267377362  0.92670164353108953
  0.92990323700950916  0.93306036489086952  0.93608413427166093  0.93882819458936440
  0.94135705089700039  0.94379029639336454  0.94612333890540790  0.94836547728694376
  0.95055382384705522  0.95269068925105571  0.95479361911208260  0.95687294991506555
  0.95885221447261859  0.96067229648695562  0.96236180406560867  0.96401371782402956
  0.96560136064455193  0.96712239213505069  0.96859462830371379  0.96998725551324450
  0.97128337093036499  0.97250281727395704  0.97366257337311768  0.97480916350807012
  0.97594049507190783  0.97704446019620483  0.97816879860635586  0.97928177416040019
  0.98037102435371781  0.98141463866887524  0.98239545315821075  0.98332883297623164
  0.98422305298195689  0.98507979906328413  0.98590291877754177  0.98670782662334666
  0.98748183689648616  0.98823933013546261  0.98897560313204314  0.98969152465253296
  0.99038785697360598  0.99106320259259784  0.99170347956768146  0.99231692940006777
  0.99290690055533570  0.99347991742747321  0.99405050877542656  0.99461834824076223
  0.99519512873536431  0.99578126859987848  0.99636936092458250  0.99696065030640602
  0.99760903214298724  0.99832421966893425  0.99912037110542085  1.00000000000000000
 -0.02162251553517773  0.10623762263203061  0.14527228205915566  0.17182134833298848
  0.19327519616569333  0.21084618294817159  0.22535311059973906  0.23888020104733695
  0.25149368925698873  0.26260000237121889  0.27292248076290110  0.28297583956419819
  0.29283639515127563  0.30221583449314526  0.31107064237469595  0.31980475747804760
  0.32850954929690368  0.33710613811691098  0.34558434923364123  0.35396581298727564
  0.36251972013326389  0.37124828331256027  0.37957581677958419  0.38696146924935465
  0.39450040020778426  0.40161426514548271  0.40916816495705249  0.41686023834392077
  0.42389716425081808  0.43058185841475627  0.43713451294909034  0.44364063710772866
  0.45033216742788779  0.45703938246281522  0.46335529741201137  0.46942246848328084
  0.47548145487761956  0.48166558100357382  0.48817653351472279  0.49505754192861462
  0.50215960989412423  0.50882560703036839  0.51572402141732632  0.52206840621935036
  0.52821282697561567  0.53437965417072975  0.54039021846642643  0.54630314729314078
  0.55197821583202156  0.55805028741507567  0.56422714076113167  0.56988277738226101
  0.57508180944145482  0.58029258506422565  0.58580210112110986  0.59178452620451760
  0.59745713233797315  0.60308313949655190  0.60867584842784817  0.61431544189428888
  0.61995219070304730  0.62579821301097305  0.63207936256775021  0.63868555537428640
  0.64546165372860498  0.65225243902447116  0.65902283921591531  0.66574555378310818
  0.67231726059310837  0.67877078338596231  0.68512746596999274  0.69182271077338675
  0.69825597486713054  0.70501953157892128  0.71174910349023057  0.71850160798631735
  0.72553020623810960  0.73266976342708712  0.73979344003293834  0.74704420258261650
  0.75435794234778242  0.76181503274619577  0.76960974118134162  0.77709797515496670
  0.78449484131622915  0.79199086061928181  0.80027372439077060  0.80915598115278686
  0.81892918127354764  0.82998197750476888  0.84177387520047253  0.85489778014366347
  0.86959878021469883  0.88808934875981760  0.91715371602311591  1.00000000000000000
   1.1404447290470720E-009  -1.0000000000000000     
 F F F F F F F F F F F F F F F F F F F F F F F F F F F F F F F F F F F F F F F F F F F F F F F F F F F F F F F F F F F F F F F F F F F F F F F F F F F F F F F F F F F F F F F F F F F F F F F F F F F F F F F F F F F F F F F F F F F F F F F F F F F F F F F F
  <DiscreteSampler_grid>
  grouped_processes
  1 # 1 for a reference and 2 for a running grid.
  10 # Attribute 'min_bin_probing_points' of the grid.
  1 # Attribute 'grid_mode' of the grid. 1=='default',2=='initialization'
  0.0000000000000000 # Attribute 'small_contrib_threshold' of the grid.
  0.5000000000000000 # Attribute 'damping_power' of the grid.
 # binID   n_entries weight   weight_sqr   abs_weight
    10   10   2.139662594629593E+004   4.014124018331018E+009   2.139662594629593E+004
  </DiscreteSampler_grid>
