  0.00892312554215930  0.01761676617715618  0.02820518293237453  0.03893604490854822
  0.04926024121016399  0.05960725428855414  0.06953629848430992  0.07875880920143831
  0.08815313556873959  0.09757018392027453  0.10730091928969758  0.11700230507870540
  0.12692298648551842  0.13724264766869546  0.14745528755619708  0.15797173409786522
  0.16845349671555351  0.17884908227795326  0.18895192582461992  0.19906095174482344
  0.20960771174443768  0.22060745756914452  0.23197536798740490  0.24338485548958153
  0.25471966265204093  0.26590974755088681  0.27669469283187198  0.28716130713824506
  0.29744119855701079  0.30766228946004398  0.31822422883136586  0.32915236913928492
  0.34039994112243904  0.35157311834536986  0.36202324524000490  0.37230151382072640
  0.38314655356922622  0.39398077897963629  0.40406612991658297  0.41350071290039003
  0.42343767262700011  0.43282179933317078  0.44059636176992018  0.44869214543440528
  0.45718197852098524  0.46700933318923138  0.47811054808369491  0.48919588787802804
  0.49996248393007409  0.51071241443035598  0.52171993835773278  0.53252093130711020
  0.54272153167872494  0.55250018301861303  0.56243564058132089  0.57274612878339637
  0.58287496122909421  0.59267177524681924  0.60228974438206295  0.61161898569870399
  0.62079840573018874  0.63026604413709830  0.64037495114494702  0.65138579141187281
  0.66337409736652142  0.67479079872154146  0.68559184719073585  0.69617504441833555
  0.70683124127007091  0.71792708237387848  0.72944111459422822  0.74088107910796197
  0.75215445604191000  0.76316155481508108  0.77416786957567263  0.78484162145232883
  0.79535965731522618  0.80596028746852122  0.81728672959093629  0.82876262275696400
  0.84007880799918933  0.85057158995751336  0.86119799790829976  0.87157941481650081
  0.88206391316546018  0.89247231094408852  0.90286833650245946  0.91348997616210692
  0.92412026396398605  0.93468934821778948  0.94461615355255124  0.95436297186071339
  0.96455762062445582  0.97594836808462149  0.98805544871255357  1.00000000000000000
  0.00000254808593507  0.00000265434331576  0.00000273219001935  0.00000281566084977
  0.00000291257958995  0.00000300594562570  0.00000309825959042  0.00000320423840805
  0.00000333648802867  0.00000348493496108  0.00000364599571608  0.00000382736070426
  0.00000403807170930  0.00000426760147763  0.00000450911025321  0.00000476058312135
  0.00000502432963596  0.00000530668466249  0.00000561205462930  0.00000594375657136
  0.00000629767748558  0.00000664170758325  0.00000696135279708  0.00000727883758588
  0.00000761022126451  0.00000795606120544  0.00000835496660210  0.00000883652814571
  0.00000935849094466  0.00000989567210786  0.00001044274908424  0.00001102152985787
  0.00001165467398032  0.00001232547583759  0.00001303543564146  0.00001376285333653
  0.00001454073483584  0.00001532911178918  0.00001616975964286  0.00001706465544897
  0.00001799530316543  0.00001897725959505  0.00002000717478905  0.00002107276094027
  0.00002219447452410  0.00002339856613777  0.00002466181278628  0.00002595993125077
  0.00002733226421533  0.00002881122075195  0.00003039651487696  0.00003207158687108
  0.00003387340145109  0.00003579031372230  0.00003782557598695  0.00003995132985350
  0.00004216980193966  0.00004453748991671  0.00004708937032599  0.00004981524242092
  0.00005270324921213  0.00005564508211469  0.00005870260528905  0.00006191062728123
  0.00006550373107792  0.00006945148354505  0.00007367213532036  0.00007831082529276
  0.00008345019894424  0.00008898863732962  0.00009495134128324  0.00010153444785268
  0.00010877541430502  0.00011683448470854  0.00012586508691404  0.00013582465140536
  0.00014699286519779  0.00015930986991306  0.00017319785518189  0.00018855392472852
  0.00020669452012173  0.00022733635626783  0.00025214378888323  0.00028404538699253
  0.00032281485804666  0.00037202005954929  0.00043331904436108  0.00050930716897693
  0.00061399933904283  0.00076212078952552  0.00100257958081350  0.00143177965047181
  0.00253025651089427  0.00825556750798204  0.26767693842422136  1.00000000000000000
  0.00000236219022527  0.00000258514109116  0.00000281277433914  0.00000304533607486
  0.00000328245913974  0.00000354059189426  0.00000382707341119  0.00000417664811617
  0.00000454112120352  0.00000490715804881  0.00000527435549375  0.00000564540347077
  0.00000602471540903  0.00000641124415720  0.00000680310669900  0.00000724534507239
  0.00000771051194221  0.00000819435203727  0.00000870727340047  0.00000920261483900
  0.00000976503556425  0.00001037271898553  0.00001101272493092  0.00001166493373362
  0.00001231575020008  0.00001298664293047  0.00001368340721183  0.00001439593397829
  0.00001515746222946  0.00001597880577974  0.00001682582044982  0.00001770815240257
  0.00001859771976395  0.00001950330031491  0.00002042551443241  0.00002135239286201
  0.00002230129514629  0.00002330022939381  0.00002437178740572  0.00002553906458641
  0.00002681098139724  0.00002807876828307  0.00002934991645238  0.00003066783962644
  0.00003204173102742  0.00003350657913352  0.00003511077308417  0.00003683580248173
  0.00003862081007435  0.00004043701933363  0.00004232707238792  0.00004445559140670
  0.00004674449644047  0.00004909441194175  0.00005146548565646  0.00005387404010701
  0.00005638295812170  0.00005905770901096  0.00006190303793642  0.00006481633635867
  0.00006768023209816  0.00007058633949684  0.00007359384924975  0.00007676358303890
  0.00008021769071016  0.00008438300029744  0.00008925736990653  0.00009457019747151
  0.00010022221868561  0.00010653145813007  0.00011355028953972  0.00012089684366321
  0.00012895689735451  0.00013792218417806  0.00014805928211975  0.00015951648812898
  0.00017221302309142  0.00018615725268051  0.00020162999302483  0.00021943905835204
  0.00024044657687334  0.00026479284647418  0.00029251637989706  0.00032480304042349
  0.00036385569052170  0.00041135316090684  0.00046973815309882  0.00054556146733716
  0.00065640190589270  0.00080391729702349  0.00101725461429232  0.00143804401569016
  0.00234918216351183  0.00621423481752489  0.21609842702799725  1.00000000000000000
 -0.00234301497061134  0.00910042046587987  0.01919426132110627  0.03019194928766414
  0.04060118498125888  0.05044039943157690  0.06021470813667656  0.07025478541906259
  0.08054025115772805  0.09100119889473400  0.10122308615691933  0.11172521685290020
  0.12213012691892774  0.13233817935147479  0.14253300597706148  0.15273715304440191
  0.16329174834247090  0.17431794955713234  0.18589344207029440  0.19736701513152788
  0.20886003341811776  0.22021206754599013  0.23127499489253178  0.24194017222691483
  0.25209594787837236  0.26222715023721349  0.27232671304557932  0.28215730916138715
  0.29207413474507082  0.30180594153934887  0.31133213404786647  0.32078569873419371
  0.33077050477329678  0.34151480174147808  0.35273699190219870  0.36315833056348990
  0.37352336670590108  0.38314105251951541  0.39371164227503935  0.40345709055954210
  0.41370725258605057  0.42420797748722655  0.43510953193838608  0.44550276738808953
  0.45572994020598889  0.46653068608373027  0.47802344661008356  0.48926768318567188
  0.49991643609368941  0.51035740480531644  0.52063201992393848  0.53174723143511471
  0.54293698883043306  0.55438084877479932  0.56574994777161169  0.57742883261677980
  0.58902437332107849  0.60015580466016116  0.61069288975511893  0.62096794177901526
  0.63135924541325772  0.64170475966108920  0.65215956712947731  0.66301492619928271
  0.67445707488150963  0.68628904256848378  0.69815446971065287  0.70956248629767504
  0.72048611893891124  0.73161236298523291  0.74302541498458319  0.75418826664698291
  0.76489917688973130  0.77524520104132555  0.78545115355025152  0.79560715782249281
  0.80582341324864848  0.81588396746493175  0.82611685456255535  0.83653039534228746
  0.84725250988786505  0.85804232771957600  0.86900019049221411  0.88007579489559695
  0.89121835931025173  0.90253668453046942  0.91408048221691451  0.92474660356755067
  0.93350059080496928  0.94160691944505281  0.94995868741403544  0.95880443917899472
  0.96910088000871830  0.97920044613087809  0.98938755758403651  1.00000000000000000
 -0.00218510527251820  0.00878587422130400  0.01905689524620537  0.02990046459286284
  0.04077897607834186  0.05184456224941383  0.06222570296395372  0.07114156471071045
  0.08005051383513524  0.08972597749553882  0.09990944155148206  0.11162715057992180
  0.12392653052291723  0.13538442236658649  0.14622868199935463  0.15696417075140576
  0.16760667565393364  0.17835776214031926  0.18913706610176712  0.20010029560566564
  0.21119743915912453  0.22151127176885393  0.23211973373098024  0.24252086585680291
  0.25277199043762899  0.26293206342948289  0.27345257033126108  0.28453919166231922
  0.29587613056605272  0.30732457702134652  0.31842050954883500  0.32914803769972684
  0.33927646069992268  0.34965965094968088  0.35994530973325967  0.37058771866386514
  0.38099648582062939  0.39165366531663148  0.40198270898783733  0.41263980872220007
  0.42397517226620429  0.43578007197160085  0.44709243313365882  0.45778976864658749
  0.46812146330298504  0.47794081111384729  0.48745576137127838  0.49724827303493979
  0.50791761695067916  0.51915673051663247  0.52996824231415018  0.54081894320369106
  0.55232324301529179  0.56424340120756800  0.57571894446933158  0.58698068732273379
  0.59807748039216180  0.60891568938596863  0.61954725041487846  0.62973678191719862
  0.63988475553437352  0.65045105267425662  0.66106509870882857  0.67163471048744017
  0.68229697065230355  0.69305928586015686  0.70380068689879116  0.71434588534303001
  0.72456478240834787  0.73451722674973741  0.74441741661940053  0.75481371564995570
  0.76515974319130908  0.77516291211992405  0.78581337001921869  0.79742696697298321
  0.80945268350520505  0.82060071890530806  0.83036476489068811  0.83948068746488369
  0.84907508112539276  0.85931056746843493  0.86967779219439667  0.87961985995280734
  0.88919426855248285  0.89877726365471533  0.90868800462650878  0.91937146101189582
  0.92990511227067685  0.94017785678848331  0.95033239445171958  0.96090818573545600
  0.97134125767657975  0.98143786085630769  0.99085771855082039  1.00000000000000000
 -0.00237646626937494  0.00906962451709775  0.01847109787112228  0.02867459391924890
  0.03932061267036627  0.05030888039081973  0.06169150867504682  0.07112605526395413
  0.08035601529226405  0.08946600007787357  0.09893582543962275  0.11019722974663540
  0.12213334917926996  0.13367332515751243  0.14447486824126174  0.15504042566054890
  0.16560043611072320  0.17632189537951770  0.18745759085223226  0.19862558135375266
  0.20947034703858766  0.21983294849497428  0.22993609858770556  0.24015398823222386
  0.25071345508071158  0.26173803701202619  0.27270902829127414  0.28349627406360040
  0.29433436158998233  0.30536230045414031  0.31621733823390846  0.32670415683114429
  0.33678502215309236  0.34650650145470879  0.35658898283448293  0.36721773391595619
  0.37795475877478957  0.38876171409628307  0.39934550274210734  0.41022346323445330
  0.42147482377115270  0.43270458995972222  0.44367375826190125  0.45413527088297906
  0.46480340255815183  0.47599556278079186  0.48789238122012946  0.50007912191394888
  0.51218875195495173  0.52393594183177272  0.53537333211726013  0.54654308402690099
  0.55736300536348204  0.56785779580897378  0.57866930694272456  0.58971721497574969
  0.60054086749514424  0.61097896356864290  0.62147360846417521  0.63198639388384648
  0.64242099729683000  0.65281122076671783  0.66300027458483735  0.67305185533137601
  0.68284254846163972  0.69278199953897190  0.70284652391050095  0.71314826491581784
  0.72344942519913202  0.73387137760076826  0.74437532249998184  0.75469753214599078
  0.76483752738984345  0.77487359771580699  0.78514743648023877  0.79496469336247655
  0.80443729809577547  0.81397855137635045  0.82338335444814215  0.83384041793431452
  0.84437033691566454  0.85524403649946668  0.86592957460902731  0.87717515116701839
  0.88872508403535544  0.90074125339528599  0.91213081879012092  0.92191178961831877
  0.93121317793388958  0.94064891530015227  0.95081653764623486  0.96064576074048813
  0.96997173825318417  0.97909930066484852  0.98955893606662049  1.00000000000000000
  0.00001217630595641  0.00018277632847181  0.00050839983705142  0.00095475795939615
  0.00155646114681265  0.00208720610593623  0.00256016424958254  0.00304337074906222
  0.00354323669562370  0.00405278385590008  0.00456791395126955  0.00509483158835670
  0.00562949429045115  0.00616629722799841  0.00670337733473053  0.00723902325807876
  0.00776933926168887  0.00830741902588922  0.00886591348746886  0.00944591458862654
  0.01003888458877692  0.01063401024568271  0.01122764861486606  0.01181893392126001
  0.01241822643390373  0.01301498202757177  0.01363064743918230  0.01426745270638115
  0.01491832736475397  0.01558816084119726  0.01628295442074369  0.01698788978906282
  0.01769055556786987  0.01840619191088145  0.01912969430837879  0.01985987416260743
  0.02061899022267293  0.02140094886245301  0.02220278975973415  0.02304126836571919
  0.02390653443367238  0.02478991084770963  0.02569809260317756  0.02660333255904219
  0.02749858142987097  0.02843801364351790  0.02937885457837543  0.03029273417758600
  0.03124620257012777  0.03226285309353655  0.03340851493711842  0.03459164652619796
  0.03582158183992434  0.03699176702566019  0.03811633288163192  0.03926966036476958
  0.04041924440724351  0.04151829754005261  0.04256900403175868  0.04364032687049851
  0.04486470790933194  0.04624177193264484  0.04763454585362338  0.04885887204514135
  0.05005174065389083  0.05126690127816654  0.05256421182646559  0.05396210816547200
  0.05546623198207122  0.05697637146144395  0.05840557287374680  0.06003162099543136
  0.06179784205144884  0.06359582323250880  0.06522032748242446  0.06680852155595300
  0.06833040877105985  0.07016106855530052  0.07205209049031695  0.07416889812382874
  0.07620887326984239  0.07882268359319199  0.08163545344435309  0.08428922674583145
  0.08680800542231036  0.08939269610261566  0.09199793272894984  0.09532792432128077
  0.09911639354742002  0.10852511133204581  0.12177991849591961  0.13043186284133779
  0.13777653890358432  0.14854008709072858  0.66769051805490054  1.00000000000000000
 -0.00241549419256509  0.01018457864535047  0.02093362525153768  0.03315010871916396
  0.04548605178465642  0.05837375918094426  0.07075738452132629  0.08224261114561335
  0.09337558899341623  0.10420920289167922  0.11482982149134213  0.12541940892491918
  0.13616789296476781  0.14715104114152572  0.15813947930824962  0.16934894028540340
  0.18076625693994927  0.19212661009004170  0.20308941132117372  0.21392542826961794
  0.22443469846389960  0.23438003142927746  0.24379997836842540  0.25346400925820239
  0.26346245033772614  0.27354326785428174  0.28347299864987852  0.29329030892317071
  0.30289842297005498  0.31226421332376447  0.32201346094134681  0.33186946527415995
  0.34051047837043030  0.34834709265340952  0.35607794019931516  0.36432024676415353
  0.37429892098559253  0.38436058641904619  0.39315293407035384  0.40194529979469640
  0.41078509733399893  0.41974724348070974  0.42884559970368119  0.43817011359484087
  0.44783260129955804  0.45755856258238559  0.46720830908655014  0.47675634111916027
  0.48618752087327943  0.49538761081893090  0.50440141259245952  0.51389964675265010
  0.52358898391223996  0.53320083748866010  0.54324018057759749  0.55361684278748213
  0.56392214278515695  0.57373259482934824  0.58389747830701322  0.59446482561756708
  0.60497476936300376  0.61516682079986662  0.62520855492893179  0.63539848820580958
  0.64580024887809706  0.65639804137836355  0.66716194919312655  0.67791360486732510
  0.68835214737029027  0.69887669403403618  0.70988613613146656  0.72112788227661895
  0.73229932880907489  0.74327031554499545  0.75389144122261664  0.76432976246036066
  0.77557161989750067  0.78677697921387013  0.79749356198172283  0.80822773901650258
  0.81970135011701772  0.83174757255975773  0.84366190030792709  0.85536938841894461
  0.86719093818026560  0.87943892687474345  0.89213803863253283  0.90521862304901468
  0.91742441541110875  0.92841029181976431  0.93947839379271059  0.95113520550159869
  0.96290707832649547  0.97449343890547380  0.98697937694904647  1.00000000000000000
  0.00336421792487249  0.18136227740380265  0.29365832748273801  0.37799706728002330
  0.44450472900694882  0.49864824802496793  0.54364939177731908  0.58095637919769305
  0.61350276368824885  0.64220777340815582  0.66767245377672979  0.69025772973569843
  0.71012608576874914  0.72787522934785986  0.74436219640872470  0.75955249072082065
  0.77358615628065563  0.78644653508405815  0.79821440951703559  0.80897472408053983
  0.81891504735531118  0.82819734851006921  0.83698718456101018  0.84540765270690155
  0.85336018314684470  0.86071564881788731  0.86759636554686925  0.87413031239724259
  0.88014411194083397  0.88582608127526696  0.89143411628984315  0.89671435684640233
  0.90156342133924394  0.90608459249609952  0.91040776888730901  0.91454223634082188
  0.91839796516312211  0.92201327719882031  0.92549787367772229  0.92886317157288123
  0.93208957102189738  0.93512412150866997  0.93797610093102768  0.94058657523137257
  0.94304380325182124  0.94547718607028763  0.94779668396800332  0.95003987600055129
  0.95225476216416816  0.95440267377200205  0.95647096458738623  0.95835639592807165
  0.96012776782921261  0.96180489151481863  0.96341631216451162  0.96501599242302449
  0.96658942738001685  0.96814585717482793  0.96962416505084648  0.97103333851364515
  0.97240121731227602  0.97372584043968835  0.97499507952862741  0.97617438471742968
  0.97729260724523681  0.97841031223163411  0.97953042353657316  0.98056526535236055
  0.98153137131121071  0.98248308869681400  0.98340860774494443  0.98431370424625619
  0.98518854732915540  0.98603833162727816  0.98686841350111099  0.98767568935351491
  0.98844933985414563  0.98916244727708491  0.98983674769829111  0.99049183153206743
  0.99113933248056774  0.99178843462921562  0.99239335690784425  0.99296327200615608
  0.99351971651898918  0.99407305720676986  0.99461647931810337  0.99514376728176335
  0.99567554793552326  0.99621115077552136  0.99674833251078099  0.99728648795865527
  0.99784794017072631  0.99846367402435410  0.99917827830570383  1.00000000000000000
 -0.02127970673071190  0.10552234621755925  0.14414792882525501  0.16908354372250767
  0.18988238975337449  0.20752797594350048  0.22179790203927027  0.23450971025656522
  0.24633518403880408  0.25803253031716927  0.26937401386608290  0.28034674872147730
  0.29024337966894936  0.29954549391706009  0.30890833164043408  0.31826995187634388
  0.32691376188639909  0.33524283838221869  0.34367371503505201  0.35235157880401657
  0.36081213168626769  0.36895867405892518  0.37678635798129823  0.38411040774411603
  0.39100116490094439  0.39759154793246682  0.40400375418959844  0.41041583956173883
  0.41704358490479815  0.42384162986646795  0.43038888003281267  0.43651858969441620
  0.44273350341913414  0.44924486573595357  0.45615460409805314  0.46321615462780497
  0.47022946238981583  0.47706155957005542  0.48347012685553875  0.49026057188072719
  0.49699298636125028  0.50303704116656633  0.50872745148062570  0.51447134179323406
  0.51993560797485083  0.52535729222956573  0.53131488673277283  0.53762863706101893
  0.54383216144109503  0.54981931109712934  0.55582625476319558  0.56184569902314674
  0.56770699914504241  0.57345947339087133  0.57928674738353236  0.58517440602403603
  0.59123697961238286  0.59741078767780964  0.60345159648889690  0.60948175821516759
  0.61564691702459529  0.62189205815208559  0.62833329885098910  0.63460457564640593
  0.64075850388801503  0.64701236656997574  0.65325363934548564  0.65963332992253454
  0.66604884012762966  0.67243976558449137  0.67859344019967871  0.68459510897939291
  0.69066890310790874  0.69703403125024976  0.70379329821220538  0.71076796896158412
  0.71786412592674131  0.72502617412119241  0.73229425651894930  0.73974851969231870
  0.74746451815945536  0.75537228723344241  0.76362401143633551  0.77206745278208333
  0.78093293267458996  0.79008059962470278  0.79936749585627376  0.80884750863746468
  0.81857785095035973  0.82946906278763521  0.84155397312104785  0.85513970467599154
  0.87033268788226226  0.88867148159706777  0.91886851869001673  1.00000000000000000
   1.1838377483566399E-009  -1.0000000000000000     
 F F F F F F F F F F F F F F F F F F F F F F F F F F F F F F F F F F F F F F F F F F F F F F F F F F F F F F F F F F F F F F F F F F F F F F F F F F F F F F F F F F F F F F F F F F F F F F F F F F F F F F F F F F F F F F F F F F F F F F F F F F F F F F F F
  <DiscreteSampler_grid>
  grouped_processes
  1 # 1 for a reference and 2 for a running grid.
  10 # Attribute 'min_bin_probing_points' of the grid.
  1 # Attribute 'grid_mode' of the grid. 1=='default',2=='initialization'
  0.0000000000000000 # Attribute 'small_contrib_threshold' of the grid.
  0.5000000000000000 # Attribute 'damping_power' of the grid.
 # binID   n_entries weight   weight_sqr   abs_weight
    10   10   7.155161007376673E+003   1.787014958879600E+008   7.155161007376673E+003
  </DiscreteSampler_grid>
