  0.00933137544144345  0.01657420496599761  0.02652385237714436  0.03698243537362367
  0.04728884446650890  0.05753760391097855  0.06767995176999198  0.07749756472027275
  0.08680407555580225  0.09554485649871163  0.10432185896068831  0.11318026915074068
  0.12268024940724377  0.13253257236539912  0.14210397946966463  0.15205172708503351
  0.16251442666187271  0.17292540058661765  0.18340506582040506  0.19380701094258823
  0.20419581928460420  0.21409250131906138  0.22341344069163860  0.23301419311493940
  0.24281076752139225  0.25226693510938519  0.26121599032159015  0.27041040352653284
  0.28064402252819082  0.29158665035775438  0.30254959078088650  0.31366147328682936
  0.32477953369147811  0.33553533083963644  0.34606551716129219  0.35629746775711479
  0.36671321442579308  0.37713225686952179  0.38765192265258230  0.39833853764694277
  0.40937963125012822  0.42043350352915237  0.43108942665875477  0.44154768285156032
  0.45194222249098248  0.46188353773032498  0.47145365682735829  0.48109270095419510
  0.49129357837644011  0.50188723556472836  0.51236146367366819  0.52252342774798666
  0.53245655009369308  0.54216150264931107  0.55174446831642354  0.56144433237807634
  0.57201983740500417  0.58349818572916368  0.59521115466004215  0.60583178558417483
  0.61595647000524711  0.62633351943308790  0.63676361681643856  0.64788093783761236
  0.65905336247090907  0.67035785726636732  0.68156959341127443  0.69269451568218066
  0.70369410594450010  0.71444995566144365  0.72494432463219971  0.73547379044962524
  0.74625606944447964  0.75721287645142310  0.76818312793669119  0.77917373128057055
  0.79024610686083796  0.80161704545383605  0.81327001258826348  0.82405767336794988
  0.83499469627359046  0.84591310604756254  0.85688522857948113  0.86664194419512863
  0.87597697636703142  0.88562086290154984  0.89574026069643453  0.90613003670482706
  0.91650488752379322  0.92723366938149954  0.93837515854450682  0.94938079459919256
  0.96030621582052134  0.97092033548600654  0.98108488860536236  1.00000000000000000
  0.00000250655424839  0.00000257111804210  0.00000261778006515  0.00000266875978101
  0.00000271869305459  0.00000277157750467  0.00000284780566088  0.00000292542050478
  0.00000300882789571  0.00000310488595371  0.00000322331093457  0.00000335230647678
  0.00000348725611611  0.00000363426585215  0.00000379794316708  0.00000397018847459
  0.00000414711376412  0.00000433648363834  0.00000459538918058  0.00000486567708561
  0.00000516087043291  0.00000547702270769  0.00000580203739385  0.00000614306798470
  0.00000650420967851  0.00000688819633540  0.00000730907591433  0.00000776480761967
  0.00000822914715662  0.00000871601511056  0.00000923226703607  0.00000978768736483
  0.00001036682973688  0.00001097584047261  0.00001160783063145  0.00001227813874795
  0.00001301022391019  0.00001380352960042  0.00001462892872568  0.00001546207981906
  0.00001631948609174  0.00001719719022752  0.00001814814613976  0.00001912993731751
  0.00002017546278607  0.00002129846762641  0.00002248956155351  0.00002374934267347
  0.00002510416972223  0.00002654226840731  0.00002806541449158  0.00002964328851331
  0.00003127312666206  0.00003301705646572  0.00003489394499201  0.00003681323085697
  0.00003885780839569  0.00004106401221552  0.00004341067136395  0.00004584040857802
  0.00004842601264369  0.00005120236725274  0.00005417934726760  0.00005745313982869
  0.00006096758891224  0.00006462913415962  0.00006856060215614  0.00007278223398964
  0.00007739585504731  0.00008237905526137  0.00008783860554442  0.00009385706523954
  0.00010042956533701  0.00010743074892361  0.00011488265972457  0.00012315799066279
  0.00013266043854788  0.00014345067207934  0.00015505043078531  0.00016786761490873
  0.00018332754901756  0.00020136399933086  0.00022330661753682  0.00024965788134881
  0.00028194097850381  0.00032060500459528  0.00037101686986418  0.00044340841856770
  0.00054716414497580  0.00069173623845067  0.00089204916473538  0.00123870136989283
  0.00222352955746001  0.00671291669773831  0.38574001088000315  1.00000000000000000
  0.00000235625845169  0.00000264600861001  0.00000292130544505  0.00000321157970140
  0.00000352485456368  0.00000386111197247  0.00000420013162858  0.00000452600789146
  0.00000484835219523  0.00000519093099720  0.00000556122781781  0.00000594384773512
  0.00000633217658910  0.00000671079449896  0.00000709135488408  0.00000749535385674
  0.00000791552726441  0.00000842312123847  0.00000895373685741  0.00000948480574024
  0.00001004886875259  0.00001064374458867  0.00001126340588304  0.00001191285896330
  0.00001258727479773  0.00001328584269794  0.00001400369932806  0.00001472941160490
  0.00001552255157767  0.00001635010643927  0.00001722825827408  0.00001815581376928
  0.00001913434846121  0.00002015217084808  0.00002120628653427  0.00002230931335760
  0.00002343374033815  0.00002458564763083  0.00002579686753648  0.00002707773028570
  0.00002843755827217  0.00002985814064571  0.00003132447337365  0.00003284481175829
  0.00003442525428448  0.00003604211886755  0.00003772859998777  0.00003942762634663
  0.00004121030998856  0.00004312469361115  0.00004506685121012  0.00004705323266617
  0.00004917952904182  0.00005144758564927  0.00005384334022950  0.00005640037185672
  0.00005912152778445  0.00006191445450119  0.00006482444137979  0.00006806456594951
  0.00007146534598230  0.00007511358538491  0.00007898246964840  0.00008304716977731
  0.00008738048546415  0.00009204575180989  0.00009704981216235  0.00010238298455959
  0.00010807719931517  0.00011415038209214  0.00012004746006649  0.00012762848290320
  0.00013478673373529  0.00014352632312851  0.00015321775446509  0.00016375541013815
  0.00017523657049761  0.00018791591622349  0.00020137414496242  0.00021667284974351
  0.00023509817846722  0.00025705705921221  0.00028283166712216  0.00031376471891423
  0.00035177308163998  0.00040023976842256  0.00046339986547843  0.00054958548596346
  0.00066747933050306  0.00083866446540995  0.00110689555826761  0.00154996065067604
  0.00300852227150524  0.01260039917043565  0.05574735532062293  1.00000000000000000
 -0.00222814567758707  0.00892525525761614  0.01889663358463116  0.02904136362751989
  0.03959938005595764  0.05031092029559986  0.06115628772763024  0.07177846067724791
  0.08227047607874623  0.09255099186196761  0.10293447815747135  0.11312103025209638
  0.12304628848769825  0.13285290190271692  0.14215125589736843  0.15173841752538020
  0.16162895789842907  0.17219417093738787  0.18397079371360800  0.19547013096500709
  0.20699085936851067  0.21832976212109273  0.22963453062010633  0.24073927556629751
  0.25163091593053621  0.26232203123024833  0.27270034666027393  0.28316804022374670
  0.29379688091291994  0.30430974104812869  0.31468610279617676  0.32455015857704977
  0.33450907433574023  0.34333740639234156  0.35234351089657612  0.36142135243460599
  0.37133095777261388  0.38108588528549059  0.39090093194462078  0.40074167802788918
  0.41125920946299921  0.42181505241677780  0.43229384049688724  0.44252628312498327
  0.45267458527909821  0.46317268371893139  0.47417670123921507  0.48582241889799194
  0.49763871011211586  0.50925257126331835  0.52060168432480414  0.53196618842799892
  0.54306296967868917  0.55301339231261748  0.56344400477728918  0.57412842462158331
  0.58479025169929988  0.59502522850294925  0.60515967155965011  0.61574915814520059
  0.62650041628243691  0.63730364882416113  0.64833503476616261  0.65949288540871953
  0.67086738479284302  0.68228035253899910  0.69363377638481494  0.70450301894244749
  0.71504413816825285  0.72562967661664401  0.73637519225536918  0.74713085196807294
  0.75802578569831680  0.76905709614903273  0.77947449735970775  0.78949821494182815
  0.80008879454128878  0.81130236942812894  0.82273433552397535  0.83383059912566504
  0.84509932277415245  0.85632441213867672  0.86707465448277965  0.87755155896398074
  0.88776399438257780  0.89831632258419303  0.90914210405354856  0.91957027294930527
  0.92955431418102274  0.93955525639249549  0.94962066264720613  0.95931386822349496
  0.96931230372177912  0.97984545115594890  0.99007286761979063  1.00000000000000000
 -0.00268809429250848  0.00985366738486889  0.02071594601283784  0.03120742487749713
  0.04164554324234243  0.05213375971347113  0.06247730767410756  0.07279496984460243
  0.08296377400297975  0.09278468558366522  0.10212434919767684  0.11215883180643274
  0.12320504018612857  0.13469533563902733  0.14563660366918091  0.15597685742401651
  0.16629061324157340  0.17706022333730331  0.18769494376989920  0.19719316300251452
  0.20631254028042584  0.21527523899245068  0.22451326092683049  0.23409949171234168
  0.24421661730030300  0.25484717034791560  0.26590225136876389  0.27718016896134096
  0.28829065869797393  0.29875787994864539  0.30871154818274998  0.31862837166950114
  0.32874978570143715  0.33920153816216059  0.35022661196167088  0.36093593573817256
  0.37103150630127485  0.38081875910808494  0.39003610695552826  0.39949607591855651
  0.40895798668819794  0.41881954344470307  0.42915327583108670  0.44026550426001154
  0.45139092441945972  0.46216769109731831  0.47308045023554129  0.48416114302091734
  0.49564793258376111  0.50729264819219377  0.51832342363415396  0.52895587206648242
  0.53936077279941685  0.55013268224490630  0.56084649235182149  0.57153603148072796
  0.58262499494063991  0.59415863647559586  0.60596761408849431  0.61818677859828031
  0.63045424859504173  0.64228520403258171  0.65295224493621296  0.66294682180096220
  0.67332922340612067  0.68359487231240901  0.69381157355432099  0.70365334391155798
  0.71393325726858137  0.72425161741429200  0.73500269122729078  0.74593841087144619
  0.75676227311583233  0.76733625310413434  0.77749722754304018  0.78686189202003798
  0.79617229431853809  0.80480808192395914  0.81361238822834858  0.82278299067051330
  0.83270971244683001  0.84352855315206243  0.85495305659676935  0.86626862137340377
  0.87784500168152502  0.88915263331696148  0.90011169790569356  0.91105495158279715
  0.92228542399650426  0.93349446602883146  0.94446546095023443  0.95561321527025844
  0.96700450452933984  0.97833541288307502  0.98943694406394889  1.00000000000000000
 -0.00230780253291101  0.00935046818887421  0.01878118635149021  0.02932686399557203
  0.03966315792576103  0.05000592363802311  0.06061617921649838  0.07209002308305291
  0.08371510441458357  0.09464371685425242  0.10479374965334225  0.11544017227603939
  0.12649205060133270  0.13765024801469461  0.14875445527026052  0.15996691300063581
  0.17185742318073738  0.18331217559852481  0.19419022334620897  0.20470108358739564
  0.21545071175444097  0.22594317827820135  0.23610032727925553  0.24638275539908119
  0.25756452287548598  0.26862545637919477  0.27906389392752812  0.28913381042752767
  0.29944736502651637  0.31020716557134737  0.32082090819419251  0.33078712578064601
  0.34024231367410879  0.34979209278404799  0.35996608785455503  0.37060840400863754
  0.38059398361692393  0.39004213713761399  0.39965533406685416  0.40973878424081728
  0.42023974564550037  0.43102171257311594  0.44177718353398593  0.45357727205845522
  0.46423496804920461  0.47525246101429303  0.48547409712318995  0.49616010822485812
  0.50660076881266292  0.51708992121565278  0.52793166818110138  0.53853100844959989
  0.54918556023390797  0.56014752060505346  0.57106676594802208  0.58199750248273185
  0.59261080334252458  0.60369422490393776  0.61422466274720622  0.62406487961703494
  0.63359534495338499  0.64333909825047386  0.65366491680121386  0.66439894557655099
  0.67575325403973729  0.68715050587944915  0.69784008403047670  0.70794766139264853
  0.71819815282184529  0.72904940510332150  0.74025119609189893  0.75118294634728222
  0.76153670660171746  0.77128908332361690  0.78072660454323817  0.79035570012251388
  0.79995990487806579  0.80973579164374421  0.81944210913741122  0.82925999420637386
  0.83891936346443152  0.84996973656418384  0.86049385256917255  0.87172667650969737
  0.88275352600295209  0.89482940361960650  0.90516880511838838  0.91562834569260221
  0.92559767722151842  0.93555128908654461  0.94594095827544000  0.95640738808684289
  0.96684458110779836  0.97754200277064085  0.98838779269063448  1.00000000000000000
  0.00002975271782908  0.00016916628988114  0.00049087044542406  0.00091799065195685
  0.00137803415146709  0.00175226037940228  0.00212162387471555  0.00252435656076788
  0.00293672436766709  0.00335280360017192  0.00377241435269430  0.00419861870877986
  0.00463313578461559  0.00506914796372521  0.00551073961947384  0.00596010181312971
  0.00641409613498313  0.00688752899972021  0.00737906926320380  0.00785701040953806
  0.00834575972711325  0.00884340301049238  0.00934918997941226  0.00986047703590479
  0.01037498910597202  0.01090977343067065  0.01145650669476728  0.01200873652979270
  0.01256961052447346  0.01314053122142126  0.01372300792496131  0.01431137169725689
  0.01491876122592996  0.01554578682877821  0.01619080598807875  0.01684462626481677
  0.01751425698342038  0.01819585413972839  0.01889519098726292  0.01959192582950702
  0.02029165967520157  0.02099699731794266  0.02172896616786578  0.02249591709355701
  0.02328274417452581  0.02410325889676421  0.02486859439802238  0.02562310492460267
  0.02639581265126887  0.02715557511556331  0.02791699783463267  0.02873460762175977
  0.02954251918628157  0.03035849974330815  0.03121105049059954  0.03204881323967768
  0.03291593862020755  0.03383932344371539  0.03477128965344762  0.03574699352238390
  0.03679098814615322  0.03786658214711251  0.03897033601882764  0.04012091258191033
  0.04151267095500628  0.04295397324222644  0.04419855303350666  0.04537061594051438
  0.04659112887887774  0.04832658410674912  0.05035285465737152  0.05216417603340358
  0.05379259780119655  0.05532834046009524  0.05681762765883580  0.05823830819882560
  0.05980301259695795  0.06137796048100119  0.06313356351465101  0.06524052734175019
  0.06776409084320840  0.07046362923395695  0.07345206173766565  0.07633023758254276
  0.07926096357478547  0.08282780239764588  0.08837300558063206  0.09364714284973083
  0.09955616007024037  0.10599136788095695  0.11430545615611212  0.12253348432447790
  0.13732155852061301  0.20420811193590233  0.52674055696010447  1.00000000000000000
 -0.00274867183752249  0.01165010776809867  0.02372218446570664  0.03635001031000779
  0.04802133264231103  0.05997830095734072  0.07257299695787256  0.08520819989035314
  0.09682098706058553  0.10806568112158677  0.11876434798213731  0.12906723935756553
  0.13918029528546605  0.15028916953502203  0.16154397388105773  0.17311732467061283
  0.18468506029659548  0.19601165360920730  0.20750749490047740  0.21900809191636475
  0.23054082230130848  0.24177568859990320  0.25287840796847122  0.26359507551742423
  0.27446718858715341  0.28515258779486896  0.29566398366720414  0.30619433008036206
  0.31650626635235213  0.32661590616517860  0.33660883581701978  0.34662692719411364
  0.35688531008470425  0.36704498512651523  0.37739972345363959  0.38814125581963071
  0.39901182934611790  0.40961194116906674  0.41976159904520172  0.42972801390110249
  0.43986779443918861  0.45006824811641788  0.46017863689474059  0.47009920644232661
  0.47978403908924583  0.48973007152873804  0.49911840071692043  0.50830049069957461
  0.51737009372215481  0.52662785229810305  0.53597644884608286  0.54529320055786556
  0.55461828266545832  0.56441805358262687  0.57462246466791966  0.58469201489005496
  0.59445120972123844  0.60416128264070079  0.61251662121301953  0.62100700768777295
  0.62977742534465120  0.63891838594535522  0.64759894628385162  0.65569978950970265
  0.66409022615378677  0.67367267693381083  0.68438087296156302  0.69464147626478567
  0.70501136160686606  0.71517077369068749  0.72570414948996032  0.73653695912632944
  0.74710476835014661  0.75741098769323478  0.76760248080691773  0.77785045484329496
  0.78851403841364931  0.79900531553850118  0.80924439908110302  0.81937146781159531
  0.82983482765769967  0.84077613176223776  0.85202753983281709  0.86306010350616158
  0.87342216584732568  0.88349715813988705  0.89408620635100000  0.90520865313756937
  0.91618325224951114  0.92741344971683259  0.93897785103482301  0.95080026892827085
  0.96301857552787329  0.97515793728021671  0.98775493314793439  1.00000000000000000
  0.04916906244950314  0.21064470525788706  0.31460539974632618  0.39584520160874953
  0.45930354755539338  0.51094169800689238  0.55416365419922409  0.59099808678355992
  0.62282332741680302  0.65022243858146200  0.67447187870811653  0.69617421023844150
  0.71572651601713122  0.73351721832208616  0.74990723906464030  0.76488491087887356
  0.77851970964594774  0.79117771800343739  0.80294490120103312  0.81373988845377965
  0.82385189825281724  0.83331039018523312  0.84202030043817067  0.85008868175008068
  0.85749080322871341  0.86430041901866161  0.87071644525039915  0.87674842968801081
  0.88242925104041403  0.88797276407880465  0.89338969302929971  0.89851655488018467
  0.90306121124463801  0.90733793933029949  0.91146602122562115  0.91547391323280369
  0.91931319453601279  0.92286805677168193  0.92641077985444775  0.92982947834323837
  0.93318192781736731  0.93633975889848842  0.93919926461321301  0.94191277960179209
  0.94451590227736970  0.94692517743295102  0.94916790764168923  0.95130163826169212
  0.95335033120401547  0.95536671080121649  0.95734761054620165  0.95917697047600092
  0.96085916231799129  0.96253447563673489  0.96411766737900373  0.96562300536913070
  0.96707719962292105  0.96847552292018757  0.96979495402474658  0.97112007814398726
  0.97240718509835178  0.97365250865938646  0.97485856035940599  0.97605291818101303
  0.97724959387922805  0.97838947960588818  0.97942918449602312  0.98041958586081412
  0.98138455106613254  0.98229973665732095  0.98322204942159408  0.98412338791138854
  0.98501051557701480  0.98589044479454635  0.98675149877612323  0.98750770469977578
  0.98824983588591964  0.98897661537895432  0.98965876226707827  0.99031008001479215
  0.99096956219328336  0.99161968731756966  0.99223164627758498  0.99283737546527939
  0.99342829472076921  0.99399924702285203  0.99455628035796961  0.99508559156919074
  0.99561485262534222  0.99614525332532655  0.99667096474106198  0.99720159359362293
  0.99776658956591491  0.99838733193151674  0.99911370375979802  1.00000000000000000
 -0.02168933944291007  0.10689960457554484  0.14659691776083539  0.17281269291102369
  0.19296733161437743  0.20988051726273912  0.22470964986098274  0.23854500765498007
  0.25109301678903284  0.26261102711012002  0.27375663987942350  0.28454567840987616
  0.29457909245136710  0.30367167459782424  0.31260074439631541  0.32183691511756018
  0.33103618689181002  0.33992070033001098  0.34819286945987415  0.35614823973656207
  0.36384448090053845  0.37136734051654641  0.37856032755677954  0.38540901380947096
  0.39196587800846960  0.39875093064605854  0.40584191156463373  0.41305282883570410
  0.41992406696929341  0.42652931833389196  0.43302300358460766  0.43943695146707235
  0.44554503718523897  0.45184076214319763  0.45845486157173726  0.46521266590090005
  0.47210786404844651  0.47863870512825885  0.48510381379365525  0.49163993534910500
  0.49819888128754897  0.50458348685092880  0.51080327606356046  0.51685910495713783
  0.52268522065763567  0.52852626879069664  0.53444773238276777  0.54048956811813931
  0.54658983942083861  0.55257855879022200  0.55849180700204726  0.56449507858926917
  0.57057674032330563  0.57662721895104008  0.58265238081213988  0.58878332689325474
  0.59503938159776304  0.60134920472105202  0.60752270445041112  0.61365131095877701
  0.61962393695797757  0.62557607627803447  0.63172178586108563  0.63805561671531374
  0.64434375166523106  0.65078843992505420  0.65742122004291870  0.66411812745620680
  0.67084672639486120  0.67760149940969228  0.68424531261413779  0.69064028264562449
  0.69689630134769431  0.70317698580852805  0.70958053182429492  0.71597154708815469
  0.72254062697292509  0.72965322974096514  0.73679127539751388  0.74380949138631824
  0.75050300922443824  0.75757453641544081  0.76498607192388002  0.77260888905507719
  0.78037511651199809  0.78843584656720656  0.79714588582320967  0.80638742875468772
  0.81634742775666358  0.82741235230824017  0.83956214830330966  0.85303028061048281
  0.86846149009792739  0.88728225142717088  0.91864869876211386  1.00000000000000000
   1.1734799611313246E-009  -1.0000000000000000     
 F F F F F F F F F F F F F F F F F F F F F F F F F F F F F F F F F F F F F F F F F F F F F F F F F F F F F F F F F F F F F F F F F F F F F F F F F F F F F F F F F F F F F F F F F F F F F F F F F F F F F F F F F F F F F F F F F F F F F F F F F F F F F F F F
  <DiscreteSampler_grid>
  grouped_processes
  1 # 1 for a reference and 2 for a running grid.
  10 # Attribute 'min_bin_probing_points' of the grid.
  1 # Attribute 'grid_mode' of the grid. 1=='default',2=='initialization'
  0.0000000000000000 # Attribute 'small_contrib_threshold' of the grid.
  0.5000000000000000 # Attribute 'damping_power' of the grid.
 # binID   n_entries weight   weight_sqr   abs_weight
    10   10   3.195116561273817E+003   9.853912562152214E+007   3.195116561273817E+003
  </DiscreteSampler_grid>
