  0.00879875545792066  0.01793488488750351  0.02731276896288461  0.03739308946070576
  0.04748645281078145  0.05847145034365261  0.07022212148012610  0.08163617040819310
  0.09283546924440292  0.10361807944568578  0.11418148772067907  0.12438351046812698
  0.13433756482767892  0.14452457132129634  0.15541525146514956  0.16695093840473374
  0.17863031639918919  0.19006855917809012  0.20089199440208325  0.21108029792081470
  0.22104458945371644  0.23149818179990170  0.24250096391889225  0.25396757416357696
  0.26565345623100994  0.27683861669297416  0.28752965304271560  0.29825063215932901
  0.30917810179616956  0.31999534948510533  0.33054456291636991  0.34171938096798188
  0.35346220587696975  0.36582489888480046  0.37856588157579396  0.39040820545410565
  0.40159405021046352  0.41216072811730126  0.42270288632294994  0.43332081481967788
  0.44395320697336776  0.45432164690236376  0.46427819690269723  0.47394368100212075
  0.48332451815285593  0.49294061047492665  0.50260916122699684  0.51285775980287307
  0.52270374123893437  0.53225834329644683  0.54197047745720095  0.55185722785487112
  0.56193556031711966  0.57269895441616114  0.58369382228437228  0.59439704606891586
  0.60491275787793652  0.61524897132972522  0.62622109253768243  0.63661584838148522
  0.64645227807262284  0.65543778497598537  0.66453109758829410  0.67399226240864829
  0.68394993760107858  0.69389829837291428  0.70436731995462831  0.71535275820800148
  0.72655583619107444  0.73744443017769457  0.74801022042402854  0.75757239625463368
  0.76659220423135666  0.77554507376428150  0.78419960624918328  0.79248222372928800
  0.80072333022286801  0.80926581602294423  0.81884224936369288  0.82973285458583523
  0.84034344956746854  0.85135731178242102  0.86211172494659527  0.87224409925495094
  0.88268315858132762  0.89281569551626205  0.90288496229378024  0.91300641527173654
  0.92311668444018480  0.93358512886155132  0.94406546303532390  0.95445107127238715
  0.96553416930391434  0.97628167308494296  0.98833765735401258  1.00000000000000000
  0.00000264289436493  0.00000274480836897  0.00000282827306713  0.00000291730265777
  0.00000300848223237  0.00000309875889272  0.00000319219793155  0.00000331508999885
  0.00000347500238079  0.00000364770312664  0.00000383096664106  0.00000403458652069
  0.00000425164775134  0.00000448878622135  0.00000473930081027  0.00000500636251393
  0.00000529298543945  0.00000559709621954  0.00000591329900238  0.00000624082971800
  0.00000658963130628  0.00000696628987259  0.00000737040335742  0.00000780300485770
  0.00000827725229601  0.00000877280843247  0.00000927261741819  0.00000984912242220
  0.00001046218040128  0.00001110293711332  0.00001177828182902  0.00001248454301962
  0.00001322375093942  0.00001399605499245  0.00001478639188032  0.00001562835677067
  0.00001647040198971  0.00001735520752809  0.00001829676048418  0.00001928689555461
  0.00002032253696247  0.00002140879714313  0.00002257372758218  0.00002387587902271
  0.00002526836955755  0.00002671234278004  0.00002823267032604  0.00002983582717882
  0.00003153993749674  0.00003334989784655  0.00003523795232732  0.00003725160101471
  0.00003942162033740  0.00004173207647926  0.00004415982452908  0.00004660842839000
  0.00004902599565798  0.00005144476497787  0.00005387234120224  0.00005652344135377
  0.00005947569570530  0.00006276848803530  0.00006635792242210  0.00007033700606819
  0.00007445497495295  0.00007929738100134  0.00008462646298065  0.00009040312785902
  0.00009698833418481  0.00010400074685240  0.00011159487724202  0.00011986355576525
  0.00012885723632680  0.00013855082026828  0.00014911424608361  0.00016127413035345
  0.00017557616143647  0.00019204534236745  0.00021072498613388  0.00023304068309423
  0.00026140841546412  0.00029671244762286  0.00034102280426429  0.00039862709203550
  0.00047279649409110  0.00056282007782080  0.00067935593317813  0.00084395217193262
  0.00109841800866650  0.00147925992795951  0.00220385747939956  0.00381836144020713
  0.00836215116154012  0.02143672180822425  0.17355930844760828  1.00000000000000000
  0.00000233471129311  0.00000262285390677  0.00000286283642132  0.00000311426378954
  0.00000337586850567  0.00000364415789025  0.00000395335327927  0.00000428887437202
  0.00000465149009715  0.00000503361191974  0.00000547134657052  0.00000592199588243
  0.00000638105224018  0.00000685540867253  0.00000734264648733  0.00000783623180907
  0.00000831223156992  0.00000879761221552  0.00000934120766623  0.00000991054831857
  0.00001047175329326  0.00001102350904613  0.00001157099150144  0.00001213355810343
  0.00001274265191144  0.00001339200794739  0.00001408138518477  0.00001481272669014
  0.00001559303552256  0.00001643877703893  0.00001734026971119  0.00001830448356091
  0.00001932297953221  0.00002040304439740  0.00002149508030576  0.00002259326885815
  0.00002373434128551  0.00002493067878481  0.00002619240009246  0.00002746022557579
  0.00002881550173759  0.00003025728757471  0.00003179534565858  0.00003340365090272
  0.00003506561223347  0.00003676965474303  0.00003851337654488  0.00004034834021018
  0.00004234505769961  0.00004447507019641  0.00004676322603148  0.00004915127333661
  0.00005157763756117  0.00005396383663965  0.00005654067440723  0.00005929575145050
  0.00006222492354225  0.00006533041155936  0.00006863061525235  0.00007209650923122
  0.00007563132059171  0.00007962952885726  0.00008379237555661  0.00008836447199779
  0.00009319871480128  0.00009833475674046  0.00010384208255968  0.00011000658590790
  0.00011692051324227  0.00012425999056699  0.00013218713985180  0.00014111708440046
  0.00015125132075156  0.00016277780097099  0.00017555056477915  0.00018946271562157
  0.00020486249465402  0.00022259179628047  0.00024341677859268  0.00026847319742188
  0.00029895458258506  0.00033538544342551  0.00037808680360540  0.00042808304092601
  0.00049109538660503  0.00056976201521664  0.00068294458216496  0.00083237264960048
  0.00103021558272093  0.00133675447921571  0.00189042339651629  0.00302193943187576
  0.00613753879873742  0.01241068476291467  0.23744385976501328  1.00000000000000000
 -0.00269088076021642  0.01024524521621889  0.02125117117195259  0.03169027961476979
  0.04221037654185068  0.05249751106668756  0.06298510405877163  0.07372279229413645
  0.08498186826563141  0.09648782496101210  0.10723891164736638  0.11771917785304438
  0.12795703841010800  0.13871548374118753  0.15023664531522371  0.16188573457346109
  0.17312137329025945  0.18390165572417050  0.19440821238170358  0.20532448721918101
  0.21643119257548959  0.22739701289504938  0.23727218030899833  0.24644534231174489
  0.25558964624776853  0.26490809384191494  0.27413643696566214  0.28315056310390646
  0.29244758537827886  0.30406980861278227  0.31589464124372663  0.32775634628938660
  0.33910225506438857  0.34991231890438729  0.36023702010905462  0.37077482758943564
  0.38194660401951336  0.39307165011979872  0.40342744566449668  0.41333208824534695
  0.42346349135379907  0.43439644198504479  0.44541827382405658  0.45628415038972203
  0.46677224547261936  0.47719623715828102  0.48751561248528646  0.49802838343589484
  0.50876292851079297  0.51983157563911686  0.53036702246962986  0.54109952423464225
  0.55160787691878155  0.56260097835933875  0.57347171144805120  0.58413892479832252
  0.59367311087372965  0.60316319666777662  0.61288878954921411  0.62292374091845193
  0.63327556090028059  0.64343526539895091  0.65384675929219493  0.66468099336088471
  0.67505711780119271  0.68544682369679044  0.69634240815961923  0.70746886801710984
  0.71843516206399227  0.72932684305606288  0.74038406814116819  0.75120683217982409
  0.76136311841738891  0.77183935989413033  0.78261825821338249  0.79453925150485205
  0.80590673117424005  0.81685223734770485  0.82720592501440005  0.83699271196312752
  0.84654289939043570  0.85668923252587514  0.86695642480105994  0.87753184295353392
  0.88806528336289947  0.89777880512200114  0.90739338710219675  0.91769676738843164
  0.92877213414300264  0.93968372870913430  0.95028554924835085  0.96071109509425767
  0.97091492311847127  0.98126537049141171  0.99077018143898088  1.00000000000000000
 -0.00265998580189426  0.00948099162713323  0.02036344366801593  0.03121527815371600
  0.04277259618427493  0.05478087499004881  0.06638040524737453  0.07720228006527030
  0.08762862224860497  0.09783636910834910  0.10785425236191400  0.11831237409187209
  0.12942091746334164  0.14086668198099025  0.15216768058584737  0.16284741041969891
  0.17294439480554988  0.18278419223109379  0.19251643485828107  0.20301597018040982
  0.21414854198046229  0.22519101802180982  0.23643890204800158  0.24810337634887122
  0.25989193993244342  0.27133794698875457  0.28246351961609928  0.29356572236124290
  0.30478613143611910  0.31617532179038715  0.32763167062490034  0.33893128695518249
  0.34963071172712734  0.35953624182919314  0.36903278537370993  0.37901580651103939
  0.38950832476046382  0.40025035027867240  0.41090741059660657  0.42198275612319552
  0.43347863814102161  0.44493920870025533  0.45623148164944849  0.46710023059444145
  0.47769121922525487  0.48833297669248144  0.49942116741565890  0.51096280433198549
  0.52214301703832744  0.53298958417578035  0.54365211890061194  0.55393312977740450
  0.56381767508672298  0.57349791471521239  0.58328568089744914  0.59383084019940158
  0.60483580515012259  0.61608826708686026  0.62719366898816253  0.63771891335982733
  0.64725719744673060  0.65661767306166852  0.66618581307486102  0.67631956787940306
  0.68649847442888523  0.69675443552434857  0.70733318198272832  0.71782276576768156
  0.72782451999903341  0.73750310744424630  0.74705105516926795  0.75675111875240464
  0.76697081718365456  0.77823186343282724  0.78938708333670704  0.79900865441320879
  0.80843058874995244  0.81811009705443405  0.82763751098221650  0.83689483824257427
  0.84619846446724301  0.85573633095779256  0.86588755789001359  0.87611357562791270
  0.88625953709917360  0.89648323091151472  0.90640687978911127  0.91677501458979016
  0.92712273605722795  0.93713850163086132  0.94695374122741138  0.95697289158073495
  0.96795128029027966  0.97882161478137597  0.98954774092549636  1.00000000000000000
 -0.00240968291813711  0.00965861691698442  0.01997789943142959  0.03100184840229470
  0.04185203721545561  0.05262224802194451  0.06340230477273315  0.07401440230637713
  0.08556743278165865  0.09531412858757672  0.10593163953698916  0.11607903922974463
  0.12677429636643295  0.13745201247613770  0.14828459460272952  0.15898656494183086
  0.16886367477273095  0.17820088196319164  0.18737980542530330  0.19651488591957172
  0.20594331642630068  0.21582274589904182  0.22571914777435975  0.23574920947297270
  0.24578116298216338  0.25571558273367018  0.26575775336090324  0.27601065959253734
  0.28620856117107873  0.29695824901464202  0.30788393518178286  0.31886198255474435
  0.32989070363010298  0.34114600364385206  0.35245675688085731  0.36377495434239177
  0.37521766176160842  0.38630413256302071  0.39701362090754810  0.40704310285319101
  0.41764928252027067  0.42869747291000670  0.43949631230399283  0.44952074342797421
  0.46006032373638422  0.47116000395577007  0.48280096250917420  0.49390341840995772
  0.50384809927883589  0.51356602044388444  0.52322019907434403  0.53332837734314253
  0.54377041500556844  0.55355363384743050  0.56339212031027941  0.57388487550912592
  0.58470914827415843  0.59449092005236104  0.60435919896288648  0.61434814201906673
  0.62422753810666221  0.63373026540759669  0.64297024657279089  0.65362224966665594
  0.66592768245602885  0.67826662959820927  0.68997353290692121  0.70076686010374445
  0.71106050336374038  0.72157684310459869  0.73230695146434255  0.74337529470011898
  0.75461070463105351  0.76550041466107288  0.77598641694205561  0.78634198808999212
  0.79671593982528743  0.80731386829670382  0.81818170919799627  0.82964672835408249
  0.84126472362316951  0.85243087101678527  0.86303204990901472  0.87339000155237678
  0.88379908472135260  0.89463269131249212  0.90522145770123141  0.91620366809502385
  0.92747840946594606  0.93914499620823266  0.95070856895389289  0.96164892314193628
  0.97140841418516122  0.98076846682185348  0.98984364845681228  1.00000000000000000
  0.00003092386790248  0.00013930352281388  0.00048448279872317  0.00097018597264318
  0.00154936018218909  0.00199884390815262  0.00240847754579922  0.00286977054855541
  0.00335064646888943  0.00384070332293966  0.00433655718322826  0.00483544885468275
  0.00534231832701129  0.00586172226350710  0.00639315805421370  0.00693873618244374
  0.00749510022070162  0.00803798488864210  0.00856762913795806  0.00909867543992153
  0.00963626044789207  0.01017466852698948  0.01071214042733764  0.01125698745471205
  0.01181605060742426  0.01238522157269100  0.01296853485828210  0.01357969176450413
  0.01417706630253913  0.01481094604126577  0.01546039012841155  0.01611496902035642
  0.01677398484928536  0.01743557746765969  0.01810240352891186  0.01878536914163701
  0.01949776066684059  0.02023127393669402  0.02099599397250443  0.02174430994900280
  0.02245768244696885  0.02312280684252623  0.02378278035725609  0.02445064819571058
  0.02511705192806474  0.02576529080700467  0.02641810300265855  0.02711503461952760
  0.02783457114915126  0.02858051840299781  0.02933066440865507  0.03006028311864885
  0.03078394904491431  0.03149416876233193  0.03224010556510801  0.03299575133115383
  0.03381793282899200  0.03465058434835965  0.03546501276659678  0.03628702639460232
  0.03711651736299698  0.03796396027895366  0.03884177147811040  0.03971499193012081
  0.04060344086963088  0.04153758004518248  0.04255117229898694  0.04361179740605708
  0.04479490417644957  0.04610355387344829  0.04761024678971616  0.04913850575751044
  0.05077989442903677  0.05223876375474452  0.05375274015793947  0.05525367381041853
  0.05696072819238936  0.05848296679360161  0.05987338157070508  0.06127872283096605
  0.06263080294820471  0.06446730470391257  0.06652295758114946  0.06903495764499187
  0.07213491763843795  0.07522498009943837  0.07857606969325316  0.08231794677600833
  0.08796778656773889  0.09380884830684151  0.09968253794855218  0.10686448330694140
  0.11469315970847604  0.13164533609122903  0.19069494511335300  1.00000000000000000
 -0.00210925351357593  0.00860010144556252  0.01958204170882580  0.03075272224056063
  0.04264911050389917  0.05464283062245663  0.06653874245942436  0.07854559374253613
  0.08973298265144077  0.10180321999924445  0.11389980156007712  0.12574402164496193
  0.13696312917860806  0.14752438248791683  0.15804105755044695  0.16886184316302211
  0.18042896722311158  0.19271054457414358  0.20488734693370675  0.21641442421738560
  0.22753980370890214  0.23900080240408514  0.25081895151736266  0.26205625063585591
  0.27352021977146496  0.28494193694026759  0.29654871380218584  0.30873009873369728
  0.31925969749422800  0.32948698570981094  0.33960498378486492  0.34971897445395178
  0.35943004877249191  0.36838737340991118  0.37724796268850241  0.38795622872826324
  0.39879843379679869  0.40917110150975322  0.41906334928727085  0.42885487995118743
  0.43886847377321792  0.44888508472953076  0.45907651246069642  0.46984745070867751
  0.48039728489214667  0.49092993730478079  0.50048492320880922  0.50932625927790798
  0.51804908938976335  0.52737489365007273  0.53642201949526835  0.54514439263856407
  0.55371536462155690  0.56247772230589577  0.57163093063535708  0.58082949885131563
  0.59086575434856137  0.60093530997812605  0.61238254114930457  0.62301879771073632
  0.63360881674739322  0.64341660030216719  0.65245924435728175  0.66146276349313959
  0.67049034855169154  0.67961140237319917  0.68873549695504888  0.69733989840456634
  0.70552037711107329  0.71467592482558695  0.72467156290259238  0.73465407357544377
  0.74434606107656343  0.75412745654173430  0.76439173520858739  0.77433520279072077
  0.78400734254526572  0.79362114170158338  0.80369289673226507  0.81479407115136315
  0.82659935419957098  0.83922911758869956  0.85160073808644954  0.86288958172591956
  0.87419065030436682  0.88578338068027640  0.89771657842710806  0.90891605452606006
  0.91998641856598184  0.93103658977677606  0.94297340154553100  0.95505277096908958
  0.96619680470989855  0.97726660731373560  0.98818746363650545  1.00000000000000000
  0.01077198669508391  0.22541227690443860  0.33178089441422587  0.41306108069703240
  0.47415368119775647  0.52360506474536328  0.56478181398594429  0.60022395049776089
  0.63146879202819028  0.65836680374437739  0.68210271246143639  0.70389034977443710
  0.72318017609273688  0.74030838034037227  0.75608829746231832  0.77060499403911487
  0.78387703240585183  0.79628051347788453  0.80776709677417158  0.81836284373505797
  0.82818883394817788  0.83724455134848674  0.84578780321990421  0.85418981776434089
  0.86173052553150420  0.86883683698544723  0.87550772778707431  0.88157120795678745
  0.88739609013343945  0.89290056193445921  0.89807914614459416  0.90289849582115567
  0.90743826082007584  0.91171983071692220  0.91570138236492726  0.91935911895666200
  0.92279309865873116  0.92611372923888846  0.92935449997713349  0.93245835638356656
  0.93542781784857010  0.93825528444069517  0.94087392321165730  0.94336177378201924
  0.94580882830935176  0.94817775788624314  0.95050153641108481  0.95274647663963996
  0.95492686770863644  0.95706718854225326  0.95900366520050850  0.96075117644979757
  0.96243187124702778  0.96407598160669983  0.96564796863860602  0.96713281605623047
  0.96854553337947091  0.96989989763152673  0.97123211226270323  0.97253751124725674
  0.97377987366069874  0.97495117274620247  0.97604539082617048  0.97710750164873483
  0.97817751100865813  0.97919515659302248  0.98018099426047645  0.98114121667946730
  0.98205975234515630  0.98294879037092042  0.98382634749367781  0.98466764887386127
  0.98547329993075128  0.98625353332246624  0.98700496544946636  0.98772662043623760
  0.98842401419307135  0.98910393194751478  0.98976756701332058  0.99041076623642288
  0.99102508503333431  0.99163049896192845  0.99223618759331478  0.99284134834764370
  0.99343414582053824  0.99400369879891171  0.99455091233277337  0.99507806576148916
  0.99558548826488069  0.99606894478539321  0.99658821231863026  0.99711703590130329
  0.99768050721238677  0.99832635242242662  0.99908379553131765  1.00000000000000000
 -0.02215925868110173  0.10668848530882247  0.14504448332154476  0.17051085925417028
  0.19088561101447851  0.20909221778789636  0.22532343563017140  0.23947271275607351
  0.25207583171482317  0.26354276929750819  0.27448921515094593  0.28485419576588350
  0.29465178117967195  0.30376516771719092  0.31253323990887111  0.32112937582123158
  0.32974734932534833  0.33823619713643771  0.34687327198428314  0.35530820309565658
  0.36316415158126730  0.37062588449686706  0.37808953139915175  0.38554154063886353
  0.39298440562945236  0.40029454899459577  0.40738181099212056  0.41429227025680981
  0.42078713439043913  0.42702063832222265  0.43332458337003354  0.43953475741816789
  0.44554565476704527  0.45148371573637092  0.45746114834305007  0.46366536710083561
  0.46983319074317687  0.47577145813670890  0.48155672602783961  0.48801617863888219
  0.49473060086909781  0.50143698223930910  0.50771521611893566  0.51375181066349751
  0.51970569350107709  0.52588687069054041  0.53219971808728084  0.53852125429756126
  0.54479181198659010  0.55069095564880344  0.55645678676346744  0.56173569628888786
  0.56736858365498055  0.57312709365441383  0.57882197711610528  0.58461682808755799
  0.59045364730565730  0.59622380084000937  0.60175243864407335  0.60739521480046321
  0.61324766479550863  0.61913230436149846  0.62530348648036294  0.63181964925617262
  0.63838572066915966  0.64484111081468620  0.65121274242671157  0.65733771405146713
  0.66373652961253848  0.67037665179766781  0.67728757184192523  0.68432255642476336
  0.69118699320274857  0.69795407413840393  0.70467514570231593  0.71146869650948352
  0.71867988266491178  0.72594606968488828  0.73302535709492944  0.74001653965206871
  0.74683866421581457  0.75366601421338841  0.76071081885994196  0.76831256265263193
  0.77666675709516819  0.78551722820259617  0.79468757908781584  0.80430937796832935
  0.81461605960385419  0.82581301940733720  0.83809626082838062  0.85169425330869553
  0.86751799432759746  0.88807785913240811  0.92058459563585238  1.00000000000000000
   1.1893627226482059E-009  -1.0000000000000000     
 F F F F F F F F F F F F F F F F F F F F F F F F F F F F F F F F F F F F F F F F F F F F F F F F F F F F F F F F F F F F F F F F F F F F F F F F F F F F F F F F F F F F F F F F F F F F F F F F F F F F F F F F F F F F F F F F F F F F F F F F F F F F F F F F
  <DiscreteSampler_grid>
  grouped_processes
  1 # 1 for a reference and 2 for a running grid.
  10 # Attribute 'min_bin_probing_points' of the grid.
  1 # Attribute 'grid_mode' of the grid. 1=='default',2=='initialization'
  0.0000000000000000 # Attribute 'small_contrib_threshold' of the grid.
  0.5000000000000000 # Attribute 'damping_power' of the grid.
 # binID   n_entries weight   weight_sqr   abs_weight
    10   10   6.779260548754818E+002   2.026494973205525E+006   6.779260548754818E+002
  </DiscreteSampler_grid>
