  0.00919520967841848  0.01729976855844066  0.02877888359430684  0.04090734487600530
  0.05225531404276298  0.06278888069048184  0.07322831551316338  0.08410780586247329
  0.09522929629359371  0.10679955226014251  0.11804961083308624  0.12900025604919740
  0.13976706071055578  0.15129231556221387  0.16315773916340851  0.17484369768276803
  0.18588051990570814  0.19681743252518868  0.20794097411492043  0.21857646993234747
  0.22942786292842615  0.24077688195107042  0.25258341798927703  0.26527735795065410
  0.27867503898020490  0.29206116238163998  0.30445978301219334  0.31589008385696765
  0.32675960246772018  0.33770827744743520  0.34854326500663324  0.35956280206486435
  0.37021413071142401  0.38034461686497856  0.39007649583738829  0.39977562479203244
  0.40946042543851746  0.41953062981447853  0.42952111561458461  0.43922598733936086
  0.44883974424385392  0.45884230628235156  0.46972111154686802  0.48058501190439729
  0.49089440088814718  0.50116710157928501  0.51155433599216371  0.52170803204111171
  0.53158967642356758  0.54134077188480401  0.55112274316394416  0.56088123698916481
  0.57061529133895517  0.58060626047739694  0.59124987100977933  0.60218967103742049
  0.61279404670779813  0.62301662895339049  0.63329725098756129  0.64359569306928799
  0.65378165176449665  0.66406027939640966  0.67484254298358881  0.68581555616810841
  0.69684308262989991  0.70832211711464343  0.71988890260551230  0.73094134244143105
  0.74210592573587852  0.75294254955927342  0.76371432906228076  0.77459538089582503
  0.78539216170613191  0.79565642407081294  0.80527267796741575  0.81533567999810275
  0.82620172275588766  0.83699848765862972  0.84627240296561734  0.85569527139654467
  0.86467709477026611  0.87434098089594214  0.88308810977953811  0.89151680062753025
  0.90059656936461763  0.90977829933426124  0.91912612946410233  0.92784879278464083
  0.93659009410635885  0.94575764890802583  0.95551052843746920  0.96571400964965637
  0.97517784677856290  0.98430582824120072  0.99058057950648415  1.00000000000000000
  0.00000235494034831  0.00000346544236612  0.00000429834330570  0.00000568643165879
  0.00000749431810958  0.00000974779617364  0.00001260065898865  0.00001610549262167
  0.00002036608108413  0.00002555326868669  0.00003189760805970  0.00003976033766734
  0.00004957675773346  0.00006167780959306  0.00007712940318215  0.00009577496363890
  0.00011760578268484  0.00014493709655845  0.00017914578655240  0.00021761967837812
  0.00025860841497547  0.00030715070802027  0.00036694901022990  0.00043730687262535
  0.00050983617506320  0.00058697381606026  0.00067357732756485  0.00077147386573330
  0.00087842345076455  0.00099346661001805  0.00111436581930107  0.00123952970625267
  0.00137181099963751  0.00151495557112450  0.00167033930640941  0.00184262695780796
  0.00203394276336968  0.00223425401422197  0.00243426588645557  0.00263155521981885
  0.00284495432633036  0.00308182756369453  0.00331705730807928  0.00354386452390688
  0.00377280058816182  0.00401090112075305  0.00426059968649734  0.00451627879365794
  0.00478197264154360  0.00506299600186972  0.00537217028982018  0.00572767486241675
  0.00612558120712216  0.00654191685281035  0.00694860053452030  0.00735086747815133
  0.00775771828996073  0.00824790835997349  0.00874642367584212  0.00923383711816849
  0.00966775899156567  0.01016073152071398  0.01073847288604252  0.01146634904699068
  0.01227268544697733  0.01307190317674919  0.01384476224169962  0.01458835840143855
  0.01519943520913595  0.01581931504457751  0.01656193352003502  0.01727117100628491
  0.01798731771138109  0.01881631588708252  0.01963957830605379  0.02035301633426222
  0.02104596103152755  0.02169564472764153  0.02248767924157516  0.02356478729324304
  0.02466867697693654  0.02577213839976667  0.02708528103021288  0.02878229432914366
  0.03077969947589761  0.03299889477997649  0.03545551231018727  0.03810560954457275
  0.04060552212901680  0.04805698376962225  0.05846746319409604  0.07075682215493780
  0.09310965332317808  0.19167834631051012  0.40702612178249714  1.00000000000000000
  0.00000212831278402  0.00000387191426774  0.00000552471183680  0.00000738234283220
  0.00000967324687777  0.00001238298335717  0.00001547687160972  0.00001894309727055
  0.00002341277346374  0.00002899482284420  0.00003572457368810  0.00004348529810812
  0.00005278383377939  0.00006385651279877  0.00007704940824376  0.00009252607866556
  0.00010969064185566  0.00012982602961392  0.00015399585815984  0.00018175644160174
  0.00021317803227276  0.00024940904679104  0.00029109778102849  0.00033611475427228
  0.00038211589587750  0.00043224168701633  0.00048718761269376  0.00055555232896759
  0.00063200233454995  0.00071259126451741  0.00079077790289710  0.00087523601320046
  0.00096642122439923  0.00105436447594318  0.00114313911423625  0.00124684063983210
  0.00135984405102774  0.00148048586508936  0.00161028249030372  0.00175507981846908
  0.00190366310279745  0.00206768386319577  0.00225584109728270  0.00247026137819388
  0.00269778598031047  0.00294048129196372  0.00319045393968672  0.00342013706527462
  0.00363496625017958  0.00386495733655438  0.00410964537170663  0.00437167520889884
  0.00466181850033296  0.00495718505039413  0.00526921293796750  0.00561817389038234
  0.00603798217074224  0.00651865180455254  0.00704403590437635  0.00744336403486252
  0.00781517005874011  0.00817323140707218  0.00857253191211403  0.00904085892125171
  0.00956314945860812  0.01009190155685788  0.01054566500205438  0.01104777810795419
  0.01192213979872748  0.01284998231259320  0.01360451111855164  0.01440097809065390
  0.01514350896142561  0.01583199046344112  0.01666708233978114  0.01756565752589496
  0.01847558347696089  0.01945908054759840  0.02080505213035090  0.02248119403589250
  0.02427802979067052  0.02650158776141046  0.02942362836027748  0.03371342679803729
  0.03823014183942788  0.04304334708988422  0.04755256502406933  0.05115202205728785
  0.05524284984074408  0.06009108722849212  0.06530009764683602  0.08014402640624393
  0.10184068478275340  0.15845550121847601  0.21691661120979405  1.00000000000000000
 -0.00263799301555663  0.01044741673488164  0.02058513699991249  0.03079052799324181
  0.04015915233888594  0.05143308948981559  0.06278692917152957  0.07366377333461105
  0.08409015920315972  0.09547324621833374  0.10681930072382570  0.11821229838894022
  0.12898839497055054  0.13955360509606127  0.15041753397094726  0.16109504048298445
  0.17120691384427006  0.18114392203010976  0.19163980198402339  0.20290367127228429
  0.21402037309459215  0.22468918099119592  0.23507289363312139  0.24547259214144887
  0.25579643419996750  0.26633666349538437  0.27709465621879226  0.28719379182975080
  0.29726286389286610  0.30749553158709536  0.31832717835905672  0.32913324541848565
  0.33984776255120558  0.35014599332374680  0.35982351015148561  0.36922985891386695
  0.37911892081714460  0.38984165654165048  0.40072179542783598  0.41128886903596490
  0.42118029506028537  0.43032214605851105  0.43948072773352020  0.44902939887363352
  0.45869605786726386  0.46826138967837044  0.47793184975181280  0.48795928961286045
  0.49817545702309868  0.50851446860746052  0.51917785440628661  0.53000749208373643
  0.54097043036180725  0.55258253743193564  0.56457804282808499  0.57616655747268730
  0.58681647496162392  0.59690205612557179  0.60717858135887837  0.61815354272631728
  0.62931101969131797  0.64053047866187385  0.65203937465862438  0.66385404167390116
  0.67533543826091924  0.68611986618686938  0.69670786139215857  0.70740468103955079
  0.71861764747779144  0.72999390395208785  0.74109565750555528  0.75174794967509440
  0.76204952799402015  0.77223956151060336  0.78252188216713747  0.79309556134255688
  0.80417387206256208  0.81517399644923128  0.82530083338600191  0.83517114479674104
  0.84518334228291769  0.85510338655677087  0.86503584078222306  0.87476781990118446
  0.88527098668175919  0.89539491551993855  0.90524771859959408  0.91546798489979431
  0.92573978455200312  0.93577891976260064  0.94607183308349685  0.95674606232020543
  0.96763013768294182  0.97831212355500852  0.98930002807705608  1.00000000000000000
 -0.00231691340434630  0.00878492174092912  0.01861092014909722  0.02890385218236199
  0.03984164048452091  0.05122636757359265  0.06286254463433484  0.07340403364190611
  0.08467917566403194  0.09674583577689946  0.10878340924622756  0.11924190604942476
  0.13001151955352888  0.14134780167132238  0.15290463345676106  0.16399803761367387
  0.17506222844209582  0.18600412652492448  0.19664255911277037  0.20682766547844761
  0.21670602675329123  0.22665985019758600  0.23696514452335959  0.24747558287208973
  0.25820385437473037  0.26933174657827652  0.28070344005253650  0.29195129730266856
  0.30301282494074611  0.31369147568565142  0.32397970327798592  0.33453489188691349
  0.34529118673468268  0.35598345403342591  0.36655344373566762  0.37658099583188992
  0.38578622041619925  0.39483864374807065  0.40424755201327922  0.41413913028464977
  0.42431689768713321  0.43454772349183113  0.44492417955172758  0.45580021005569177
  0.46570962018016820  0.47542874735057483  0.48512868449644925  0.49490015440484614
  0.50495616085088313  0.51505707768229991  0.52517400604279008  0.53505449684679174
  0.54478443515333153  0.55444466929294989  0.56403766885862072  0.57355081943914521
  0.58331800363379549  0.59344212884811987  0.60350988374020498  0.61369989819262494
  0.62371253177354535  0.63410855840852443  0.64496800287141731  0.65579869644083211
  0.66617258003543245  0.67619503610673259  0.68646870670728477  0.69738034149447514
  0.70843550867076799  0.71889955814301232  0.72919202020234641  0.73998157549025767
  0.75121197947377616  0.76279707546155340  0.77433683465588854  0.78563252889427992
  0.79707305959943653  0.80828268864276331  0.81932580846198044  0.82993039132598112
  0.84035308016931864  0.85027487712120475  0.85978242905599134  0.86951666804133287
  0.87964961078734116  0.89035288383171207  0.90149158969327847  0.91290773673395842
  0.92278701573117172  0.93257148665014600  0.94328741584443698  0.95449364409273685
  0.96527626319306503  0.97572235812469876  0.98714546902656275  1.00000000000000000
 -0.00234594276332379  0.00931088290821974  0.01966714231521444  0.02987331284932880
  0.03932646776744787  0.04890281040975598  0.05857825138231874  0.06897306206332400
  0.07981236693905777  0.09116303703073661  0.10298735440021357  0.11453406378820506
  0.12546590513320341  0.13615152924273224  0.14661605565551400  0.15700725596896442
  0.16802325564690110  0.17938255879953857  0.19013578060646522  0.19947632739551477
  0.20851614569728216  0.21775568462815725  0.22709560135921125  0.23659355104510965
  0.24618023756258686  0.25673670149400696  0.26835805953308706  0.27924138103701585
  0.28988706698504207  0.30071707010914700  0.31210212004559629  0.32340917271631575
  0.33428569962826482  0.34539032728918873  0.35664084225719334  0.36842431558216998
  0.38014135283580597  0.39161159592721545  0.40254870997956965  0.41324560732088450
  0.42424230154823250  0.43560585125272866  0.44664772892355264  0.45690508136112407
  0.46680267193503411  0.47706085292161532  0.48727988802980460  0.49708316351231147
  0.50764307422338151  0.51928972651910188  0.53029461702919689  0.54094423950405857
  0.55107842091344339  0.56121158975993379  0.57161223952589124  0.58220383406993237
  0.59274696981241104  0.60294786018703850  0.61295481705006627  0.62319095955223536
  0.63345277993448146  0.64370190524552295  0.65383678552573343  0.66397348392103539
  0.67416334245953780  0.68419612975502997  0.69445936694895172  0.70512820468359649
  0.71634894091676071  0.72760017015105649  0.73848179255506397  0.74903402929922658
  0.75946652959763239  0.77037410084814728  0.78169206086611864  0.79281144872624898
  0.80329146725158818  0.81376362438014349  0.82453315904284363  0.83531566070603902
  0.84615688519537646  0.85644020851612523  0.86640966102563832  0.87620279013628144
  0.88623082607704462  0.89632130352725436  0.90576702543390830  0.91495563801095636
  0.92490795212633770  0.93572407268113966  0.94668676124584572  0.95778566203765547
  0.96831755864583546  0.97952676048254717  0.98984788661138490  1.00000000000000000
 -0.00054494084894103  0.00233974124919270  0.00470460971627342  0.00662593530581462
  0.00830115312982880  0.00983506602226815  0.01125229969576682  0.01255246585089734
  0.01379898425468478  0.01496277830200715  0.01607308993529692  0.01719246811569429
  0.01836241615133842  0.01952938819187021  0.02067201528674679  0.02179825424139200
  0.02294848580631838  0.02416615238065696  0.02544238273010645  0.02671140708200861
  0.02793939615364359  0.02920326010633181  0.03053765857947613  0.03193355354247870
  0.03325451958926207  0.03454689519275797  0.03580246776426500  0.03703637091268720
  0.03824663409894257  0.03940046257456723  0.04058611845903598  0.04176572562780878
  0.04294575258458547  0.04407709618446311  0.04521577834080298  0.04647764119098654
  0.04771946292523969  0.04874178421776496  0.04979779326549408  0.05081393362752185
  0.05185827219401980  0.05279796362373123  0.05369193876958504  0.05475616575062577
  0.05584766165584017  0.05702533742442027  0.05832221855672901  0.05963022674388165
  0.06093102938524894  0.06234809779679899  0.06392411527161215  0.06552739411774151
  0.06701500418120002  0.06835979645523421  0.06960993720994785  0.07083789276896642
  0.07220347007726134  0.07383285048320852  0.07565435039822757  0.07737882045678746
  0.07903056320067811  0.08066930443446831  0.08234327474896312  0.08407331922872702
  0.08581858652178594  0.08747490016790534  0.08917090243640650  0.09088171887798921
  0.09248166544880752  0.09421064634743027  0.09606492353895325  0.09781131988126396
  0.09949418495879492  0.10090598696497896  0.10229095369643505  0.10382710792111570
  0.10615476984007895  0.10891421574886874  0.11093822962499450  0.11286446008148476
  0.11475515843016301  0.11685800324230032  0.11931925207184088  0.12183582283374741
  0.12422198467404888  0.12626434246205775  0.12867758018893138  0.13253864056818460
  0.13974899609421049  0.14780157277992484  0.15907652558137708  0.17367444279317013
  0.20012048547562455  0.22351903571465703  0.66971058494803815  1.00000000000000000
 -0.00126813458344571  0.00461870228062937  0.01041906649645102  0.01647302631940314
  0.02287997140538735  0.02925086720315886  0.03554154510288065  0.04191658296929412
  0.04846987504807455  0.05537487776534378  0.06244197862664473  0.06979430408708984
  0.07734101267549734  0.08480624951206508  0.09222111173414213  0.09981374583700885
  0.10797397200202155  0.11632696509947553  0.12456002428354467  0.13276573886290691
  0.14145616587328078  0.15072653551153792  0.16026178365881261  0.17027709891355722
  0.18067429629302798  0.19130578598898415  0.20243134376611918  0.21367552511174559
  0.22543956728018710  0.23851641550566705  0.25322999781015554  0.26853936311350429
  0.28219511374071077  0.29551656306853935  0.30997692289267420  0.32524266329142876
  0.34176605967129303  0.35832784450275246  0.37471791085583217  0.39186250361549052
  0.40873325046760700  0.42562125813594887  0.44404126477845535  0.46311264314138062
  0.48212979617845719  0.50091898093368403  0.51983272281693127  0.53817299460315948
  0.55493962965898846  0.57016988254740708  0.58495027673886879  0.60108852893586573
  0.61864255283151048  0.63616381353450802  0.65192828298478722  0.66605084323377883
  0.67946574306254170  0.69225157831807227  0.70396157526899561  0.71503651674011592
  0.72584521862014606  0.73662378344955792  0.74808005700572699  0.75972856338263162
  0.77098851260363743  0.78175878304672619  0.79200183193191831  0.80187601291830424
  0.81172962969199103  0.82183978588989359  0.83202959158145073  0.84161129138398327
  0.85015667276742712  0.85758922862462894  0.86419450900417205  0.87060183695646742
  0.87704010891042528  0.88369713991804366  0.89045147652127710  0.89698187413572472
  0.90343460234000295  0.90960963403519268  0.91578535279445494  0.92212801599111027
  0.92855326227654289  0.93493614021593008  0.94126076871030706  0.94767489155593854
  0.95409893614570163  0.96074401193235237  0.96743212204218243  0.97389466390546775
  0.98005423045669382  0.98676198402666637  0.99342695820623117  1.00000000000000000
  0.01914882396218790  0.21981030562969447  0.35543428998436027  0.45965572946653843
  0.54033094593476050  0.60640895214476354  0.66159249068116899  0.70755265548181667
  0.74528508566416918  0.77764461871060842  0.80595586243745132  0.83024245197315816
  0.85085492601488821  0.86844835134816900  0.88356753164222346  0.89664546951359758
  0.90785650470014756  0.91756938722992065  0.92542390752492154  0.93258987020101636
  0.93885158145625625  0.94385199620207150  0.94825309022113724  0.95222274194176204
  0.95583251747291709  0.95889413172527804  0.96106511606529654  0.96315488580988273
  0.96507557518885123  0.96692155722096873  0.96872741383790884  0.97041972599501092
  0.97195244346434928  0.97336844383216026  0.97469000549571583  0.97593045193512296
  0.97713521243566670  0.97826484633081467  0.97930329272399752  0.98023444858375941
  0.98109779927084184  0.98192728277941188  0.98273627750527126  0.98351762293517109
  0.98425194590593656  0.98494198037513403  0.98560081218082873  0.98623503577699445
  0.98684484617268242  0.98742774538349298  0.98797978138146136  0.98850036846023470
  0.98899581612913945  0.98945777371222188  0.98990341586087105  0.99034565552777609
  0.99076879298058707  0.99117078343388454  0.99155708557738920  0.99192736439352280
  0.99227697590680608  0.99260116603123372  0.99291390714501726  0.99321731696667548
  0.99350676049073483  0.99378322694560428  0.99405382026641642  0.99432833259686115
  0.99458031636708966  0.99482280825121872  0.99506173586969027  0.99529943592088344
  0.99552418804795240  0.99573987470870706  0.99593894449214526  0.99612345871071639
  0.99630409172866585  0.99647976150284356  0.99665475693578898  0.99682950549350935
  0.99700217748842046  0.99717397578582034  0.99734350604839361  0.99751034363170277
  0.99767925987312611  0.99784770084255392  0.99801584665778842  0.99818545198195330
  0.99835074671008894  0.99851774244646729  0.99869204058080796  0.99887470153006030
  0.99907836157489560  0.99931296297535122  0.99961140333586340  1.00000000000000000
 -0.02455816631958044  0.12212837867489279  0.16351819559319025  0.19005006969888322
  0.21091116365867038  0.22886642250208397  0.24619430579185558  0.25971882587396644
  0.27146640389872312  0.28289759744669529  0.29356200082818229  0.30315867621561338
  0.31244276380353164  0.32178145105340433  0.33081546970704040  0.33972751040100552
  0.34845324600517413  0.35664393975637737  0.36425759367942462  0.37138235116076257
  0.37805188684924379  0.38462243815609393  0.39112058545030726  0.39761116589108231
  0.40416658061419580  0.41066251100358320  0.41686498941715444  0.42252598952686593
  0.42829406245484170  0.43410105301505048  0.44023803338784995  0.44647353775077819
  0.45242588763572333  0.45781484984928156  0.46333384739245570  0.46896080990002370
  0.47490486119533759  0.48106002974707507  0.48710811685834793  0.49294397098437798
  0.49864053284814142  0.50433503008595804  0.51014079228546694  0.51599306574242665
  0.52191441328675170  0.52842528074316064  0.53438312929501164  0.54030172848428504
  0.54600820790275795  0.55161608407765284  0.55717791523384774  0.56275908795074447
  0.56813737175882717  0.57338953481208577  0.57876527802299638  0.58416142435872931
  0.58936833190560145  0.59455218042380775  0.59983269616640900  0.60519371750783024
  0.61072384077845032  0.61616661370842796  0.62150006722523676  0.62682155123729266
  0.63211067993143033  0.63740973889677544  0.64280256752907750  0.64854165690720034
  0.65470700067668142  0.66076456663865735  0.66665081727245434  0.67272389752369866
  0.67905693141074275  0.68593219337799294  0.69326750266680004  0.70075609623735668
  0.70778962084534502  0.71434763721417960  0.72101709601880803  0.72769557772600046
  0.73435436149073396  0.74111343364373539  0.74843092489823482  0.75618888533383832
  0.76407647005415635  0.77215211393048411  0.78064815539860788  0.78946757374160603
  0.79920340793587485  0.81042304452220548  0.82306241518928136  0.83603052151883750
  0.85154827158009805  0.87391871613971850  0.91104860342082561  1.00000000000000000
   6.0593479129201673E-009  -1.0000000000000000     
 F F F F F F F F F F F F F F F F F F F F F F F F F F F F F F F F F F F F F F F F F F F F F F F F F F F F F F F F F F F F F F F F F F F F F F F F F F F F F F F F F F F F F F F F F F F F F F F F F F F F F F F F F F F F F F F F F F F F F F F F F F F F F F F F
  <DiscreteSampler_grid>
  grouped_processes
  1 # 1 for a reference and 2 for a running grid.
  10 # Attribute 'min_bin_probing_points' of the grid.
  1 # Attribute 'grid_mode' of the grid. 1=='default',2=='initialization'
  0.0000000000000000 # Attribute 'small_contrib_threshold' of the grid.
  0.5000000000000000 # Attribute 'damping_power' of the grid.
 # binID   n_entries weight   weight_sqr   abs_weight
    10   10   3.938245371914110E+002   4.152791232611872E+005   3.938245371914110E+002
  </DiscreteSampler_grid>
