  0.00893587212258183  0.01839643640940719  0.02856616563528529  0.03701777269261659
  0.04530398414765764  0.05418839366742552  0.06560329459175224  0.07832778722933303
  0.09290492891683577  0.10741527948524038  0.12002410511299211  0.13142537567217380
  0.14215632907527145  0.15246168643754776  0.16240347118490661  0.17327536300482921
  0.18525766798122947  0.19828204699534635  0.21110059618033802  0.22247054337296873
  0.23179071299042711  0.23746697666175093  0.24408882663191986  0.25135831620160759
  0.25961769836500381  0.26689988669140408  0.27402163574987315  0.28093684928177298
  0.28767170432433831  0.29609545167418172  0.30995444487202939  0.32068013087719671
  0.33043912138912562  0.34032677673465417  0.34836842749620656  0.35555045086323717
  0.36315368196172110  0.36984101981172418  0.37671571989006525  0.38624241032120504
  0.39887637689618555  0.40946081657663530  0.42026345906046453  0.43164028953636668
  0.44420348992931130  0.45713069574177856  0.46881557170915034  0.47956465277113364
  0.48969452548182002  0.49909996861210798  0.50940753603975708  0.51983402808656320
  0.52898178067472434  0.53777108651107886  0.54617208089027414  0.55532253676847088
  0.56505142934059072  0.57492745342473894  0.58593730125204935  0.59694196807384714
  0.60972396628900927  0.62524521025757029  0.63927241571020532  0.65227583360597363
  0.66438954657491811  0.67697988686499078  0.68869271486829242  0.69943738747606687
  0.70976833572714393  0.71925941645617453  0.72797582598375121  0.73606089167044231
  0.74420020786551566  0.75343985325519425  0.76413730606054731  0.77564368970446051
  0.78743182861798944  0.79988901370041865  0.81216921308733137  0.82360048154798160
  0.83418420086049416  0.84559428100707312  0.85783020907637719  0.87232061025607410
  0.88589289792830683  0.89779230997216186  0.90860120399427269  0.91985557903763993
  0.93202278437720643  0.94425276458570684  0.95565717015181284  0.96605987827915440
  0.97552817398672487  0.98355098267398744  0.99105598060900013  1.00000000000000000
  0.00000321758070686  0.00000333651316676  0.00000345758929983  0.00000360694450276
  0.00000377554611034  0.00000396333875754  0.00000416936552603  0.00000439478717193
  0.00000464996271079  0.00000493903983364  0.00000527598924549  0.00000562187648174
  0.00000601559804823  0.00000645114517797  0.00000690497532841  0.00000740213652851
  0.00000797350429885  0.00000854574288268  0.00000909565432442  0.00000961872971979
  0.00001011014033210  0.00001068898534511  0.00001130247499314  0.00001205265814747
  0.00001268639815845  0.00001338376516758  0.00001405650614136  0.00001474675627869
  0.00001556541181326  0.00001645736533673  0.00001735779790469  0.00001831563316058
  0.00001939511072372  0.00002058136299894  0.00002177073070090  0.00002294626605517
  0.00002412012271805  0.00002527209105587  0.00002652880426688  0.00002783782373902
  0.00002925950224903  0.00003092317884369  0.00003260217953190  0.00003434306879340
  0.00003647940308818  0.00003858255445290  0.00004076369213605  0.00004294280545115
  0.00004513500578556  0.00004750710517852  0.00005022596170498  0.00005357392418812
  0.00005655635600336  0.00005932134242755  0.00006187254872281  0.00006454607698952
  0.00006742698096737  0.00007073697640300  0.00007418091594153  0.00007795550353123
  0.00008173642428831  0.00008547580963155  0.00008980921647866  0.00009498279526611
  0.00010035497523152  0.00010491970514402  0.00010995675070295  0.00011546727356557
  0.00012146163689301  0.00013046296213315  0.00014193911246992  0.00015543904104625
  0.00016998399332433  0.00018315288737315  0.00019713884991469  0.00021244902388191
  0.00023124210778353  0.00025214277977018  0.00027706360885250  0.00030666787028237
  0.00034192955673083  0.00038205147901002  0.00042432021442906  0.00046660910949871
  0.00052113938951613  0.00059493209578896  0.00068623360007020  0.00080111374344217
  0.00095633510677882  0.00123437473062982  0.00157948817432125  0.00220750236942227
  0.00399839772984477  0.00824332145259774  0.05933562331768907  1.00000000000000000
  0.00000228917548833  0.00000307153914300  0.00000337581094229  0.00000371128360232
  0.00000404484066547  0.00000440105361302  0.00000477134032062  0.00000511601332347
  0.00000545873785847  0.00000581683158280  0.00000622860870118  0.00000664564842913
  0.00000706778527353  0.00000750218196193  0.00000794353116113  0.00000842916055008
  0.00000897043307400  0.00000956398782188  0.00001020825720415  0.00001081772226553
  0.00001144400933489  0.00001211732733341  0.00001283856818213  0.00001358469955963
  0.00001434980708621  0.00001520137507271  0.00001609537292377  0.00001702765158319
  0.00001792463333709  0.00001873984057108  0.00001946036829436  0.00002013624194061
  0.00002086834046430  0.00002148719552136  0.00002204387925668  0.00002255295175181
  0.00002309829336894  0.00002370526469794  0.00002437976108486  0.00002514821555893
  0.00002605277693253  0.00002703893163531  0.00002811315842180  0.00002915195499848
  0.00003038318933611  0.00003186653533681  0.00003390519536826  0.00003627869999218
  0.00003868576280412  0.00004112012156086  0.00004364011602278  0.00004628799318346
  0.00004907008724091  0.00005198241300659  0.00005474342226744  0.00005736755165071
  0.00005996451095135  0.00006269258640182  0.00006578948931422  0.00006945057987370
  0.00007385945795536  0.00007905651770189  0.00008445359150184  0.00008945990294978
  0.00009410610893881  0.00009888242335101  0.00010401729906647  0.00010941538418787
  0.00011726911236176  0.00012564539444750  0.00013461682824131  0.00014371487598679
  0.00015320692060759  0.00016433122375293  0.00017734616100996  0.00019163132978788
  0.00020717966109176  0.00022608582838870  0.00024583204105318  0.00026375804795345
  0.00028162183037306  0.00030501017208250  0.00033816461549200  0.00038020698543806
  0.00042762554015644  0.00048612780621168  0.00055875206512514  0.00065385513775140
  0.00078366038306871  0.00096690078154427  0.00126747368997793  0.00170408867525881
  0.00249292754455837  0.00436239327045964  0.01398496850743414  1.00000000000000000
 -0.00153727837019432  0.00755031048785887  0.01534073496870724  0.02350309947363712
  0.03233984138917868  0.04079583717388846  0.04924254304121683  0.05745864672589386
  0.06711053396266162  0.07923478069805227  0.09134378572671772  0.10068471442987333
  0.10933035613749782  0.11837567985258270  0.12777139210202329  0.13994486176816612
  0.15455660639917113  0.16668631416305149  0.17684062435826953  0.18613153480034336
  0.19485759720768897  0.20414935875540871  0.21606490929566663  0.22612483408617171
  0.23529675204730194  0.24479163334794851  0.25629324121462160  0.26911415381215092
  0.28122835970929017  0.29174115616211188  0.30198257760792596  0.31239899327445975
  0.32291937113322738  0.33309026567749761  0.34207183431398386  0.35048589223909848
  0.35849054178596196  0.36579595239904467  0.37280427307393171  0.37994688121151704
  0.38827851879063202  0.39717931243629490  0.40782632835914651  0.41757070712852390
  0.42670163469437505  0.43642245923988682  0.44689288606820426  0.45888410565612697
  0.47081238037330897  0.48286590877052071  0.49469193810496254  0.50545468287334061
  0.51595625147875923  0.52590058085753910  0.53634051861570220  0.54807166940869534
  0.56007988438755485  0.57112612040651700  0.58203649250274869  0.59359637677236043
  0.60645931800375841  0.61949975383438438  0.63151578243612794  0.64092547158702395
  0.64845170826734744  0.65694231818860338  0.66527665411918124  0.67394849419954228
  0.68594069373857869  0.70242606107382943  0.71637083130132373  0.72841509178193165
  0.73970111306569575  0.75311974654366964  0.76614583447094275  0.78017677849654055
  0.79322896146951150  0.80479117839897596  0.81641037744157885  0.82532770849505499
  0.83530237727642964  0.84582859942140642  0.85697025683558126  0.86786645139435092
  0.87843692375715066  0.88932484312192284  0.90191431543215539  0.91442476557373820
  0.92536117094291359  0.93667883221159876  0.94766507916207465  0.95720600344228179
  0.96620540428037560  0.97571293985749685  0.98748788416709332  1.00000000000000000
 -0.00206100664986742  0.01286284354896240  0.02452786687345351  0.03477225974187666
  0.04502700638505305  0.05594450185941730  0.06683141990804742  0.07662339090293084
  0.08594277133041792  0.09516384489185610  0.10632413634152568  0.11621918553202687
  0.12542552250788938  0.13435421849352500  0.14374568148200409  0.15471863515811626
  0.16591223411402189  0.17857719658202470  0.19128920508766231  0.20337920879517174
  0.21534900080878203  0.22625661890593143  0.23789407583706584  0.24984757558742754
  0.26091125036477403  0.27183919355670622  0.28234897059370972  0.29278175116311506
  0.30413780072153812  0.31488177085592767  0.32462397825426154  0.33434404449632266
  0.34425865718382725  0.35782447983061233  0.37021487944645276  0.38211016900715306
  0.39346706132006248  0.40500846646294369  0.41791477398045074  0.43131238425952384
  0.44512304884980997  0.45755461830087873  0.46771542934528620  0.47805041089548678
  0.48829194286814454  0.49842187005779609  0.50740730784586530  0.51461555850053198
  0.52171649626817096  0.52838441935486902  0.53520644699011233  0.54279251232600190
  0.55139603687614991  0.56064777055604831  0.57203114429069069  0.58518450662262766
  0.59814511650637148  0.61069390572507132  0.62294226367000916  0.63570521531468993
  0.64821824556992946  0.65962337973528995  0.67063953155154510  0.68241048654589886
  0.69189754341689946  0.69853502885809315  0.70367238371152296  0.70877080517873581
  0.71391631761502738  0.71927798989431968  0.72696968768038961  0.73911070012890689
  0.75049578470428269  0.76298405399547997  0.77599202287382052  0.79179068100950312
  0.80422591998668258  0.81538372663312442  0.82628213654293403  0.83758709725636582
  0.84800589922640213  0.85791506385787741  0.86758101149720179  0.87767620833683235
  0.88859553704186678  0.90228168213444893  0.91652593998423848  0.92730713226609063
  0.93714405765420095  0.94621825643493029  0.95626237299295014  0.96603858036737911
  0.97563192808451993  0.98494562304044475  0.99292559810032333  1.00000000000000000
 -0.00224213616006358  0.00762635112167600  0.01632700873368406  0.02647332472962455
  0.03760101480680721  0.04843017594655333  0.05832950749104397  0.06787370927265229
  0.07438137890381516  0.07935610638492334  0.08500193222903274  0.09255863947256815
  0.10072435854309564  0.10777335488113192  0.12030894393181890  0.13236555994031468
  0.14449513376365739  0.15545692023294602  0.16669464774500406  0.17943068351801406
  0.19301918186343883  0.20516903186041097  0.21607684140667011  0.22609359855350483
  0.23575381931490810  0.24537205896191658  0.25494091425920229  0.26547376658140298
  0.27751211665883707  0.28985556032336041  0.30230132753668454  0.31507891880807898
  0.32965446691555356  0.34533193645927479  0.36056440229265907  0.37167968126039086
  0.38223235135581718  0.39283593040159315  0.40365404371158359  0.41456615210892600
  0.42438121875596874  0.43324504467961894  0.44267534160112426  0.45284758210515824
  0.46430956383435507  0.47820006042871688  0.49208342649272041  0.50645893896544147
  0.52169132245643579  0.53121882205382143  0.53968491550352216  0.54804316379556461
  0.55665047722742766  0.56409352488882591  0.57066328286920964  0.57700029686699195
  0.58517713399763094  0.59824251879401591  0.61182951661327745  0.62507086404043366
  0.63707715529377362  0.64789700559544383  0.65861061375215979  0.66907130316578178
  0.67862192132844268  0.68808856529826690  0.69859943792818457  0.70950590528480606
  0.71921275336885671  0.72837507308298299  0.73744143185550692  0.74614172920930810
  0.75465181669596959  0.76336889664137053  0.77288166896693866  0.78369736613253882
  0.79570784879511847  0.80717530821597849  0.81656698179318576  0.82616680849274193
  0.83631050366059512  0.84782929119564987  0.85948801791623042  0.87074534593471320
  0.88208562637631405  0.89159825795482073  0.90110835647156484  0.91059025864491205
  0.92185218258789803  0.93338562163011740  0.94334356185619661  0.95361791791331429
  0.96415207816418746  0.97518156590088523  0.98760076520324058  1.00000000000000000
 -0.00007779263321715  0.00062905817773481  0.00105324811425114  0.00136406201925568
  0.00168317304125666  0.00200714896796223  0.00233392605979371  0.00265173897924441
  0.00297763478768454  0.00331010170018707  0.00364932086326670  0.00396579085078024
  0.00427142676580849  0.00457413360097196  0.00489124145422544  0.00521854866523023
  0.00554376799495262  0.00586317798770040  0.00618133154734925  0.00657930833123947
  0.00695790518925417  0.00732831203731697  0.00769604972164557  0.00807490005951137
  0.00848100323899171  0.00890033771356533  0.00931035262087341  0.00969713417113710
  0.01006697225852067  0.01049500577438504  0.01088513568203427  0.01129011043502020
  0.01173211917950179  0.01220204185127157  0.01264216048119747  0.01297983143287412
  0.01331015532245011  0.01364011275178494  0.01398522526403081  0.01428476589201090
  0.01457073205443127  0.01489472266000216  0.01522088597719655  0.01556446219984507
  0.01592546900756777  0.01634075058154656  0.01685036263790324  0.01739521094194420
  0.01786833559201351  0.01825197788393025  0.01859673707963485  0.01894238684811754
  0.01931939803418595  0.01965884992915777  0.02005235328677942  0.02050154412137035
  0.02097990018762416  0.02137222546014068  0.02172756814995357  0.02208878136686205
  0.02247199941427662  0.02290548350025078  0.02341541611886794  0.02395462544590821
  0.02452396317624911  0.02500630697899273  0.02546593586506102  0.02592011224367298
  0.02634463161043634  0.02675996851108140  0.02718792731590292  0.02777363131483173
  0.02858385897039974  0.02948582255077822  0.03030795432306550  0.03118565123581240
  0.03221060237519396  0.03416110542261109  0.03644609059996703  0.03767650558846055
  0.03829598245226741  0.03887817694625078  0.03968687210427174  0.04085937570810772
  0.04237594789199926  0.04411776971142207  0.04592452706278480  0.04778248854877636
  0.05078097189603647  0.05335279853391400  0.06121016764196752  0.06481684283092705
  0.07820718197359226  0.08818187136747078  0.09436243522107710  1.00000000000000000
 -0.00234745984239811  0.01050023589720370  0.02184084273048834  0.03333871411748819
  0.04439229614839481  0.05434435256518321  0.06417086869690126  0.07389554832807010
  0.08420089462817990  0.09482012036270319  0.10490753767590691  0.11447646525989461
  0.12374384874260537  0.13528498479331730  0.14829279458273420  0.16163073109183337
  0.17470689828549571  0.18696875222410256  0.19742398067546793  0.20625179077553185
  0.21452633704404334  0.22229597463695366  0.23284510222373458  0.24523210918429125
  0.26001900470092798  0.27522200092466809  0.28907350906475660  0.30190981092173913
  0.31399672990370048  0.32629540457589939  0.33974634155476180  0.35405083422452632
  0.36927286988812913  0.38264700557955367  0.39540594445916288  0.40566333582326952
  0.41586199025773735  0.42596769324620865  0.43687569491403655  0.44906167829601323
  0.46079194571654364  0.47257018252617466  0.48358504430696986  0.49418470824023603
  0.50443592176630925  0.51441669985624439  0.52473474521530816  0.53657017710002197
  0.54915936463542891  0.56093487626760463  0.57133098827120110  0.57999494087222148
  0.58885984763897858  0.59732447071411399  0.60540241276616902  0.61283566034687276
  0.62082075829487704  0.62873169335683188  0.63628735503450740  0.64619248312497457
  0.65712984079996872  0.66787071050822000  0.67895012776667540  0.68948011824534083
  0.69987925925697880  0.70837801868615169  0.71660945995442271  0.72485388057638767
  0.73398921960413055  0.74445807821053367  0.75474889352577701  0.76460014178568592
  0.77510876134126239  0.78579321347734832  0.79478276877877774  0.80166042837019835
  0.80899037238010330  0.81505436475701953  0.82138990920440080  0.83181779512599530
  0.84026944116387148  0.84878641499776586  0.85859372475019546  0.86737535724916404
  0.87488995221572274  0.88332711634848493  0.89220318097467444  0.90351301684443097
  0.91658843750204055  0.92818900338615784  0.93884153624782807  0.95012441585523899
  0.96377976783385966  0.97889262505438568  0.99011450437073678  1.00000000000000000
  0.04952705481085871  0.20364973111102463  0.27486593189973491  0.33423601192993846
  0.38751128063796608  0.43380096849779937  0.47326364725948017  0.50800446785651232
  0.54024759336906159  0.56973794607644190  0.59667317405913578  0.62049665640876528
  0.64202255857692170  0.66220932636118290  0.68113264728315648  0.69833557302702176
  0.71434655880076414  0.72999071169812302  0.74460077450809781  0.75784757264714386
  0.77044734047066432  0.78222377223296913  0.79296259716804718  0.80254711976814952
  0.81141897816354858  0.81958521672223084  0.82726688798698078  0.83444416518857534
  0.84105990429661237  0.84750784778402510  0.85395127900725321  0.86024397651156770
  0.86625968664377273  0.87223170176562881  0.87844423279697093  0.88530679511969257
  0.89183932237368291  0.89757960130108083  0.90269511771645061  0.90734572902136312
  0.91168269073692731  0.91568996115457690  0.91929750844502911  0.92286783747566015
  0.92658410823727533  0.93031898981521977  0.93399888349021631  0.93745046029037116
  0.94011789408961699  0.94282079920053863  0.94551658387650950  0.94797502277875911
  0.94999150299689661  0.95193795778254109  0.95377900610834498  0.95550399733287139
  0.95715182405043464  0.95882175222559585  0.96064399192523153  0.96262057665024192
  0.96457621196866072  0.96631215329741427  0.96780124866171235  0.96926720095115171
  0.97072218706753166  0.97217897958308008  0.97369902626159488  0.97516853669657655
  0.97656089956021808  0.97788764748689738  0.97922288254119760  0.98051394065884823
  0.98168011627470464  0.98268036551401272  0.98360375939275446  0.98451241362338549
  0.98543075215290354  0.98640462566221365  0.98737900584504090  0.98835880946043286
  0.98935585355006517  0.99035190595360645  0.99113750580366655  0.99187929667311170
  0.99258967018443933  0.99322438290115767  0.99386305400577879  0.99452869211354977
  0.99528548004854756  0.99597435604421558  0.99660945542130974  0.99721453118360381
  0.99780161657855848  0.99839148451421333  0.99910043818219174  1.00000000000000000
 -0.01465261518090037  0.09603722750052468  0.13479066799816464  0.15797935487696160
  0.17446389819559877  0.18979651646209331  0.20526996410316059  0.21942076974158750
  0.23156662113472193  0.24292586589720480  0.25405278160800837  0.26510153612346188
  0.27560582311134108  0.28573790981675268  0.29586171077967854  0.30548415449164534
  0.31387559806705312  0.32188444928455839  0.32951904139440269  0.33680858277223097
  0.34501528253270725  0.35222939152868576  0.35881191801295736  0.36512663181825800
  0.37128795424623084  0.37825669503001602  0.38559859974270516  0.39405008632059030
  0.40242284040376536  0.40991795955614968  0.41669484197754886  0.42434694657946076
  0.43294404909202328  0.44255748935701178  0.45196973623716874  0.45947958193039695
  0.46718232940245485  0.47496401526671478  0.48175257508122404  0.48938899715775791
  0.49688662436697267  0.50264012398289248  0.50778734534995318  0.51271459749602077
  0.51765945863258100  0.52264849205761799  0.52844486728696138  0.53391067928721825
  0.53952935260164381  0.54450385622401754  0.55017525344688911  0.55524149903899156
  0.56041656183791144  0.56545644097078074  0.57132959669834649  0.57770227199138646
  0.58405574914077041  0.59141768127451488  0.60017011295711087  0.60877607170534942
  0.61684670977812162  0.62463259579389696  0.63218081105638091  0.64010162488564792
  0.64843011477479096  0.65659582169133668  0.66474583417077315  0.67272767044130999
  0.68043094040330776  0.68808610460729025  0.69638129111140246  0.70403069805091167
  0.71142101943621250  0.71841321768756061  0.72463586412571512  0.73099403026840570
  0.73808490125713566  0.74526194149973424  0.75320810383175074  0.76196846273555163
  0.77114817133871072  0.78023608932746324  0.78937996814636890  0.79847618373608831
  0.80627309346156506  0.81345869250826952  0.82171839136565039  0.82968603208124203
  0.83639583314376831  0.84431630914823752  0.85268174735818880  0.86205303467200456
  0.87873032091807668  0.89983374842856068  0.93011794930462199  1.00000000000000000
   1.7713523914640413E-008  -1.0000000000000000     
 F F F F F F F F F F F F F F F F F F F F F F F F F F F F F F F F F F F F F F F F F F F F F F F F F F F F F F F F F F F F F F F F F F F F F F F F F F F F F F F F F F F F F F F F F F F F F F F F F F F F F F F F F F F F F F F F F F F F F F F F F F F F F F F F
  <DiscreteSampler_grid>
  grouped_processes
  1 # 1 for a reference and 2 for a running grid.
  10 # Attribute 'min_bin_probing_points' of the grid.
  1 # Attribute 'grid_mode' of the grid. 1=='default',2=='initialization'
  0.0000000000000000 # Attribute 'small_contrib_threshold' of the grid.
  0.5000000000000000 # Attribute 'damping_power' of the grid.
 # binID   n_entries weight   weight_sqr   abs_weight
    10   10   1.856707631895659E+006   3.445752576445049E+013   1.856707631895659E+006
  </DiscreteSampler_grid>
