  0.00959133220735267  0.01566179303491407  0.02523673613151725  0.03624291926848327
  0.04756941079460381  0.05883298450708534  0.06972055733017206  0.08073810394190570
  0.09123615869541900  0.10183033927135754  0.11264644668984855  0.12368409025699197
  0.13503157186296391  0.14578554998032134  0.15550311955186477  0.16471609162263040
  0.17416043441193635  0.18366639128880918  0.19297229395694596  0.20205665268618880
  0.21069994481870330  0.21934370323884397  0.22836892518591462  0.23830063680683181
  0.24916348586097906  0.25954975803439650  0.26958388230604491  0.27929188239083863
  0.28935384145114268  0.29989577018384395  0.31065903685018820  0.32125127255135077
  0.33194162433001301  0.34237874008804209  0.35303279625552852  0.36403427378823544
  0.37563947399125924  0.38708212319590757  0.39802418649451110  0.40884466095745792
  0.41945259108360516  0.42965256985704503  0.43940372285114870  0.44907681944028799
  0.45930381699081357  0.46988648571232439  0.48085269480956583  0.49173847312569491
  0.50281483978959152  0.51364837381080897  0.52390662279332578  0.53410728835345289
  0.54345832507273617  0.55452162424878415  0.56516796743053999  0.57611711860629466
  0.58675793122888797  0.59710735953085392  0.60722592001299847  0.61741928744078856
  0.62793112379449922  0.63845992076173286  0.64913884692729418  0.66021266636637954
  0.67152729251706267  0.68338763809163527  0.69440958178007028  0.70547624930640640
  0.71618318358158639  0.72694645765288901  0.73841320137352140  0.74831271088186491
  0.75898700927657925  0.76947778692154745  0.78044373573716286  0.79005586783385384
  0.79969222329980194  0.80852270712956531  0.81713320623079122  0.82569479195295337
  0.83519593730867137  0.84585455682581490  0.85651439226711690  0.86692303460570375
  0.87743892978163962  0.88804105880098638  0.89930349530379516  0.91064728129611894
  0.92167932290060017  0.93280446710942522  0.94413707381697309  0.95589509742073064
  0.96738053266674617  0.97880230387096478  0.98947483930379854  1.00000000000000000
  0.00000266928119984  0.00000279830558487  0.00000289416755539  0.00000299228858177
  0.00000309581473780  0.00000322053282187  0.00000335859354318  0.00000350654321053
  0.00000365967805699  0.00000382443893591  0.00000400842389732  0.00000420477575984
  0.00000442035932585  0.00000466103163336  0.00000493148273459  0.00000523190437081
  0.00000555000518948  0.00000586878889622  0.00000623966135600  0.00000657753717921
  0.00000695547857781  0.00000734636481016  0.00000774997650617  0.00000820646692442
  0.00000868858158889  0.00000916859687782  0.00000965938344882  0.00001016229449634
  0.00001069037486735  0.00001126853211147  0.00001188775562732  0.00001252960226973
  0.00001317083044613  0.00001383478553274  0.00001455900343286  0.00001537071091481
  0.00001624874891072  0.00001718954492739  0.00001817985101905  0.00001921048044387
  0.00002028587862411  0.00002142090798651  0.00002261917089040  0.00002388748080041
  0.00002523452658080  0.00002656742901126  0.00002789604011429  0.00002924744163266
  0.00003066644244517  0.00003219406516445  0.00003382915099854  0.00003559524412513
  0.00003746544961733  0.00003943472788888  0.00004143187760065  0.00004365060882662
  0.00004598348079305  0.00004834018510340  0.00005073444582686  0.00005325692405306
  0.00005599538321232  0.00005895924088143  0.00006206209717098  0.00006526539268794
  0.00006868166573439  0.00007223931925616  0.00007595579402763  0.00008004171063059
  0.00008442168036842  0.00008919426452831  0.00009480769521888  0.00010121523254652
  0.00010829180236050  0.00011638920750777  0.00012516137507083  0.00013491755136934
  0.00014608373204128  0.00015850327260277  0.00017247633508640  0.00018782241079031
  0.00020530030522576  0.00022528658906337  0.00024858685182647  0.00027609502813837
  0.00031163409626367  0.00035487729619647  0.00041073268733908  0.00048875472382433
  0.00059473034112521  0.00073242930883352  0.00093405642891553  0.00142045290034873
  0.00265236996442922  0.00866908968830124  0.41553248551063415  1.00000000000000000
  0.00000233773311673  0.00000262731550753  0.00000288537282679  0.00000315655010823
  0.00000343594210205  0.00000372084754525  0.00000402881348894  0.00000434918337620
  0.00000469221961245  0.00000507263477487  0.00000547815854746  0.00000590019578727
  0.00000632388336564  0.00000675215484017  0.00000721105965670  0.00000769824382653
  0.00000820707026037  0.00000873118067620  0.00000926714218571  0.00000982217290917
  0.00001038246602758  0.00001093845157855  0.00001147072449332  0.00001203587729058
  0.00001262857993046  0.00001325162822214  0.00001393273626730  0.00001464513695231
  0.00001537943836378  0.00001614535582422  0.00001692985642903  0.00001777203997439
  0.00001861641140492  0.00001942692120258  0.00002029080585910  0.00002119498159517
  0.00002212089087496  0.00002308196650480  0.00002421562593098  0.00002531659992902
  0.00002655466957450  0.00002790301228263  0.00002930470622726  0.00003074813884732
  0.00003226080398547  0.00003378801598618  0.00003537305074706  0.00003707942548517
  0.00003884913675629  0.00004069390086726  0.00004275210845777  0.00004492458901702
  0.00004710948384871  0.00004934929481510  0.00005169229127996  0.00005418099172684
  0.00005674047847550  0.00005937604252131  0.00006214555753362  0.00006498945079974
  0.00006811115653962  0.00007151196917384  0.00007513258056421  0.00007894989377095
  0.00008295068992966  0.00008714889815480  0.00009164670060285  0.00009653042870196
  0.00010190522572751  0.00010809843042629  0.00011447983316865  0.00012119027966326
  0.00012834649307348  0.00013636046404539  0.00014580068094994  0.00015633400839336
  0.00016819629601367  0.00018146548538262  0.00019676875809474  0.00021491346950275
  0.00023539030414915  0.00025772160111627  0.00028262989856548  0.00031204157143790
  0.00034938762960622  0.00039626224518060  0.00045286189914066  0.00052530500424406
  0.00062422335643591  0.00075964277145704  0.00099458897004310  0.00142244207985454
  0.00251296814276911  0.00771554400574175  0.11364904692165759  1.00000000000000000
 -0.00258052683022750  0.00920153096387528  0.01985821030290082  0.03086359828364461
  0.04218387242380723  0.05310110061429748  0.06364032241820780  0.07376860928295645
  0.08396238367216378  0.09459623826773743  0.10558889209849635  0.11669815383824331
  0.12754813168496706  0.13771513047385459  0.14739021066831404  0.15678768814391650
  0.16648075598060944  0.17636797375419810  0.18646971171246440  0.19695812250455863
  0.20764142382823242  0.21812565750054580  0.22863193837962101  0.23979414902471186
  0.25125646707288324  0.26273402254339739  0.27417648116483029  0.28479170449258884
  0.29378220587741982  0.30208332422508438  0.31073220239324911  0.32004565321767586
  0.32912406825585294  0.33842407907188571  0.34872171264002755  0.35969107734448175
  0.37128681144022330  0.38232070650336508  0.39286597405103635  0.40377254688046710
  0.41512796649020933  0.42666292682131246  0.43805669662954622  0.45002261005388589
  0.46114102932692058  0.47201010730921816  0.48218970815333573  0.49215838011704194
  0.50267719996971050  0.51370497762174749  0.52410710624822154  0.53416940772584365
  0.54373080761412684  0.55385687910871861  0.56473236570084062  0.57546144923806397
  0.58457906922121372  0.59347193659972830  0.60239414828458837  0.61229600606160373
  0.62299354438897314  0.63256967714212320  0.64248398347596702  0.65323426888622582
  0.66456782295037764  0.67586896545788755  0.68723956774879014  0.69870977419852487
  0.71024847556458437  0.72140199459191479  0.73217568573758574  0.74215398733111193
  0.75199721462659619  0.76223918306307348  0.77303846151666389  0.78406049204644124
  0.79482124977582658  0.80542535805789184  0.81595688574956804  0.82655943504661800
  0.83698590087212843  0.84673559361369688  0.85656391652661501  0.86677225824912052
  0.87762737210505837  0.88892194789137080  0.89997752905375217  0.91127523165471269
  0.92317316790466508  0.93488502047290678  0.94637111007941765  0.95715621315026611
  0.96800241009867150  0.97857300133920255  0.98953113427427797  1.00000000000000000
 -0.00189883476449639  0.00791120066014121  0.01768615593693760  0.02744562180320417
  0.03794210750126056  0.04889595919323685  0.05934255784945976  0.07002017558385357
  0.07993274833622141  0.08987472605816348  0.09923316570528606  0.10891156503782366
  0.11903637005649852  0.12938101630260032  0.14006373335561115  0.15098587108155892
  0.16227736626392048  0.17233413729147840  0.18239537818194018  0.19241951085607786
  0.20302024316976142  0.21328686163088201  0.22369075656370488  0.23436284327053314
  0.24563414255079627  0.25732022468372628  0.26946773801092122  0.28108704365655746
  0.29246119832996725  0.30378949390893312  0.31556807177628055  0.32662410395395736
  0.33726115625729386  0.34774192795553155  0.35737554053232901  0.36739613655984588
  0.37774211495392795  0.38856552892569923  0.39952057774578054  0.41072176032798868
  0.42148482095563783  0.43159758329776804  0.44119299808135404  0.45128036038387975
  0.46225721388214175  0.47372937345613980  0.48492597440446877  0.49574353326742709
  0.50540067434528013  0.51536720256356594  0.52562572220983617  0.53642363039704499
  0.54771961053648266  0.55837451072381106  0.56887404984157797  0.57949628686055010
  0.59027009091770133  0.60102653283156937  0.61197730323991173  0.62252451754375138
  0.63201442921821771  0.64103711525470664  0.65084105814241844  0.66098783609111678
  0.67077896892961431  0.68120092495661799  0.69129935118397590  0.70126608882573482
  0.71037822451865118  0.72001787173153997  0.72925620181652950  0.73898825355093689
  0.74869413499502191  0.75874610144176113  0.76930397812830376  0.78029414256651619
  0.79145261225938512  0.80207403017113754  0.81208545486294959  0.82179513626488754
  0.83179088708629667  0.84211149777651151  0.85288036562986402  0.86309569122952157
  0.87319315725309943  0.88385593912497973  0.89535976480131108  0.90707653052797410
  0.91872398055479143  0.93019147887924236  0.94165626515318590  0.95321524931752633
  0.96523964488212333  0.97722337668939185  0.98874689294108409  1.00000000000000000
 -0.00311162483002632  0.01137547037395579  0.02214403471168779  0.03150917508089791
  0.04104368670787619  0.05115369614924702  0.06150681706707887  0.07039985537453852
  0.07875907538769156  0.08793223426026354  0.09836784408103208  0.10873910317131145
  0.11858995452605482  0.12825933074728757  0.13811730646747711  0.14829618834176439
  0.15831350427187665  0.16818220877868922  0.17826092293591525  0.18868680772341676
  0.19965542399234365  0.21101560824462276  0.22242501934465028  0.23383718101976658
  0.24495598620449049  0.25538182288951777  0.26563071543941974  0.27588662917978135
  0.28658341111950442  0.29761335160837354  0.30926111922215904  0.32012425210450868
  0.33007739583447676  0.33988149712434734  0.34992991586981065  0.36101109072484672
  0.37100673830413011  0.38070753199691110  0.39040294883936233  0.40038910443343662
  0.41155748812054382  0.42263893007380721  0.43329446229878965  0.44422070462694085
  0.45538978954519965  0.46642837151381988  0.47722880282049895  0.48786027239543889
  0.49882028850451132  0.50919686826000210  0.51973884378338664  0.52930182646565072
  0.53881079370254747  0.54831994642807402  0.55843394828093085  0.56913397763208962
  0.58015239034884958  0.59174511486061165  0.60336976214536742  0.61460824265945913
  0.62565116225452033  0.63675072679371991  0.64776590389379485  0.65720359819250695
  0.66636196871925801  0.67582844451750135  0.68639336378181670  0.69735856454645018
  0.70762493907764668  0.71791176765077547  0.72844034007255276  0.73890805442666052
  0.74940189089217413  0.76032792770081192  0.77141558971045365  0.78284777424341501
  0.79414583013716489  0.80520131165469733  0.81590293330956654  0.82686173356088066
  0.83844181267477769  0.85033666596140312  0.86176442443934098  0.87286629783420711
  0.88360116260211885  0.89448725912543481  0.90495087073293046  0.91546562935056441
  0.92580905528808777  0.93653368217663024  0.94684315966737331  0.95696807309529186
  0.96705333739755217  0.97771159863952728  0.98871339852522755  1.00000000000000000
  0.00002418876818997  0.00017838525464856  0.00046988216698930  0.00086262146363274
  0.00134198366515390  0.00173854186341340  0.00209439813238162  0.00248380155931457
  0.00288995656487349  0.00330372125677742  0.00372229928068594  0.00414330458806421
  0.00456974408521598  0.00500323171384491  0.00544577594671610  0.00589898283998643
  0.00636179029820471  0.00682955747685489  0.00730631474097751  0.00778952563521220
  0.00828661048227038  0.00879560182898857  0.00931685505671581  0.00984436689655798
  0.01036805416563106  0.01092535563532505  0.01149016339798191  0.01205262599222803
  0.01262228653789951  0.01317721415861831  0.01373692246808932  0.01429654824955128
  0.01485495352834558  0.01543429659246260  0.01603860886469395  0.01666213303341747
  0.01731101276498467  0.01798232022971767  0.01867135670254298  0.01937298998749255
  0.02008274235020844  0.02079944901184905  0.02156528314450722  0.02237862494844683
  0.02317448592699036  0.02399434018616227  0.02480696542663095  0.02561390761766694
  0.02644678643326193  0.02728061344950026  0.02811956089176266  0.02899726789173668
  0.02992110917521692  0.03086099415353007  0.03181303046595773  0.03279235082615252
  0.03380092673108095  0.03481607274397871  0.03589467585881189  0.03702277734203930
  0.03822481395753873  0.03954015817374623  0.04090263078632631  0.04228410999201791
  0.04360594209364055  0.04481232777855346  0.04597379998098996  0.04726970389885412
  0.04870789576103217  0.05036238188988962  0.05209333281476416  0.05385734066683454
  0.05601175011471721  0.05827849612369244  0.06023686110802472  0.06223207311190301
  0.06425086728355345  0.06637745458810855  0.06832207556267365  0.07061318010958664
  0.07328205354591781  0.07607917038914833  0.07911756245747015  0.08279931846719392
  0.08629477878544660  0.09017469398891666  0.09457455734352421  0.09856148629377086
  0.10271358031828119  0.10754582627791591  0.11719531871933363  0.12612177640270344
  0.14257534870565575  0.18628471787874962  0.89756572741829288  1.00000000000000000
 -0.00212552457885653  0.00918441015168281  0.02000170743054279  0.03102429418557749
  0.04302627200601592  0.05586436514782162  0.06853894424082763  0.08123819861695095
  0.09382791118183166  0.10673761168291475  0.11963128321105258  0.13208640213888673
  0.14367219048255878  0.15517698301869595  0.16645722253375267  0.17801206731000013
  0.19033869422915078  0.20334656894106334  0.21581198655856365  0.22753229860509974
  0.23925226370787114  0.25112404873403193  0.26272874176354499  0.27428281389224840
  0.28543197315559582  0.29633466790365082  0.30711379905598679  0.31771596365130889
  0.32865959921311133  0.33939806473900619  0.34900899270397046  0.35825991109682559
  0.36730862118679564  0.37696683568892403  0.38640083469223707  0.39577401830144643
  0.40522654348067799  0.41489477169612993  0.42472011808363042  0.43471122741052343
  0.44491664673436576  0.45463633679767329  0.46321649713885993  0.47188489930332822
  0.48043371080768188  0.48945370900444396  0.49970381852082424  0.50953803611753001
  0.51881735592125899  0.52772168549369103  0.53671574620847828  0.54580938865070305
  0.55474575636496415  0.56376780950089700  0.57335296216799014  0.58337625908037272
  0.59314230946132351  0.60234616845316680  0.61118441932704470  0.62005212365813012
  0.62910887142607463  0.63877513194367430  0.64917840030415286  0.65985326489784546
  0.67044839140234902  0.68097984447433668  0.69146573512967036  0.70148787028986959
  0.71064844555788953  0.71953966450297535  0.72887738987957784  0.73910885171738494
  0.74975180648605311  0.76029692500217905  0.77103844936254962  0.78184120550625835
  0.79259247218189921  0.80324625697042262  0.81411933055274144  0.82542338237479240
  0.83640916355221562  0.84696581355421330  0.85756243694378664  0.86874365819751143
  0.88027830186125100  0.89196381138333281  0.90344793939446377  0.91424865882655049
  0.92420256915402910  0.93379553298032136  0.94408305212676324  0.95489978223363170
  0.96599488120563837  0.97736469880766130  0.98865000147443727  1.00000000000000000
  0.03365560805226625  0.20955355659429067  0.32052940955087317  0.40209127752717361
  0.46387855165295067  0.51630156137335892  0.55884270086230448  0.59479507951869415
  0.62653269317217131  0.65400677916082661  0.67788334862390964  0.69955359549474760
  0.71935446356369470  0.73709730759264169  0.75296267040658560  0.76750427224890161
  0.78099779656122503  0.79342798792863478  0.80509532289701158  0.81594192908034113
  0.82614221994633330  0.83578366230307910  0.84467257909699289  0.85280951013548234
  0.86024471764347521  0.86713095363279191  0.87359380982826185  0.87960048738878827
  0.88527878688203077  0.89075045483885174  0.89585927120348630  0.90050848849126763
  0.90491204065651309  0.90916495919233487  0.91326547636121813  0.91715128709008720
  0.92077426450555266  0.92421573258965650  0.92752506833819848  0.93068498866146565
  0.93374686126945339  0.93665465488609112  0.93935732253586313  0.94188422594784293
  0.94437224008010634  0.94677243576252579  0.94907375715410247  0.95129294244122531
  0.95343529378299552  0.95550919810267287  0.95751334165444335  0.95941787399711576
  0.96119676033269907  0.96287819644776262  0.96450874226505112  0.96607348631361678
  0.96754609162798655  0.96892967783837725  0.97025235086623718  0.97153390597425460
  0.97280317939641092  0.97406929021273292  0.97532655333663787  0.97656464222985939
  0.97776289695858776  0.97889770245283525  0.97997977539652914  0.98099533316557119
  0.98191733120552172  0.98280280691241040  0.98367553749425485  0.98453560091102665
  0.98538276177888040  0.98621019073546989  0.98699331944888535  0.98775816699461427
  0.98851057477612547  0.98926012477191272  0.98999398972561836  0.99068917298689563
  0.99132724220308122  0.99194688621759486  0.99255778241915638  0.99314272604163867
  0.99369259994849479  0.99423622890095142  0.99477118468438008  0.99529442869808327
  0.99580650163288631  0.99630864395000973  0.99680026972415392  0.99730052719533169
  0.99783800059600969  0.99844212094064166  0.99917331519545061  1.00000000000000000
 -0.02243244260816318  0.10767222765232938  0.14585304444351369  0.17109401202523858
  0.19214663668193271  0.20940673818668187  0.22314885673144536  0.23511555291070727
  0.24638052021827125  0.25872467296763774  0.27007652177871178  0.28093733460266201
  0.29113917352786528  0.30102703301617939  0.31048204677673780  0.31980967442431318
  0.32909108751533223  0.33821672551609888  0.34708097147317696  0.35503145128729463
  0.36242960719638700  0.36964424507082511  0.37697352602975687  0.38443235948178517
  0.39166061845101752  0.39880504953815932  0.40577261325280300  0.41251919614681853
  0.41951245992707636  0.42626850655166376  0.43303701330265926  0.43952936507937856
  0.44588494490116570  0.45263888014767512  0.45932082781801098  0.46586120112850599
  0.47226917090146719  0.47862690510903050  0.48493903969633689  0.49132158063083481
  0.49773697858682914  0.50430691113063109  0.51107881828972757  0.51768428662114230
  0.52388363899039003  0.52989328005825131  0.53570455766180047  0.54161970316394414
  0.54796908207999639  0.55472601787712383  0.56137117992301266  0.56807316661091600
  0.57412485278879355  0.58005530582337983  0.58591860908050764  0.59186726113280463
  0.59783099514472904  0.60393064619898096  0.61018563398095205  0.61647174841999530
  0.62269926892733618  0.62885769989314488  0.63500428645858231  0.64124514848186376
  0.64761060317823216  0.65392948688038854  0.65999753238712766  0.66597330963526802
  0.67189499908892947  0.67761592395162984  0.68318750111024273  0.68881319380898931
  0.69452480156810292  0.70068095625882965  0.70729875236993356  0.71437057622304501
  0.72156164370192766  0.72847129058660531  0.73478944212722286  0.74123010626799735
  0.74771594793621265  0.75471199373339692  0.76265556875987772  0.77085826469942897
  0.77946567296932034  0.78873229957215596  0.79834461858529748  0.80835010658031248
  0.81854225864222052  0.82928465142268271  0.84160546749008636  0.85547488087000423
  0.87102222693271514  0.89015961295389534  0.92106244365500833  1.00000000000000000
   1.1581914674093833E-009  -1.0000000000000000     
 F F F F F F F F F F F F F F F F F F F F F F F F F F F F F F F F F F F F F F F F F F F F F F F F F F F F F F F F F F F F F F F F F F F F F F F F F F F F F F F F F F F F F F F F F F F F F F F F F F F F F F F F F F F F F F F F F F F F F F F F F F F F F F F F
  <DiscreteSampler_grid>
  grouped_processes
  1 # 1 for a reference and 2 for a running grid.
  10 # Attribute 'min_bin_probing_points' of the grid.
  1 # Attribute 'grid_mode' of the grid. 1=='default',2=='initialization'
  0.0000000000000000 # Attribute 'small_contrib_threshold' of the grid.
  0.5000000000000000 # Attribute 'damping_power' of the grid.
 # binID   n_entries weight   weight_sqr   abs_weight
    10   10   6.887606361331889E+002   1.471871546470925E+006   6.887606361331889E+002
  </DiscreteSampler_grid>
