  0.00941000078128974  0.01667412442389644  0.02872788199414596  0.03958369982200934
  0.05084854897945112  0.05986379251825493  0.06922198485733515  0.07854724900198808
  0.08752259983820332  0.09670367685641516  0.10703634731352611  0.11794207325764278
  0.12897024930045697  0.13932747612402788  0.14791343999103004  0.15707211860931233
  0.16615812173473415  0.17641129729121002  0.18843163290114628  0.20076858052073757
  0.21336661206945157  0.22597989909404981  0.23737432184023299  0.24922851762112183
  0.26016143518612234  0.27053227903350735  0.28013001728806941  0.29065899737807743
  0.30430018760872679  0.31830589423214706  0.33031719101439228  0.34140183388093698
  0.35216020335327125  0.36279156565801601  0.37335653546401659  0.38408101301776737
  0.39498774831307631  0.40731948999291789  0.41774603354942413  0.42739497782769031
  0.43513901438562541  0.44310707662327303  0.45180325822655854  0.46136960586413323
  0.47189604296002086  0.48391731799721338  0.49705615091099625  0.50976471235663012
  0.52010015740399329  0.52998351561570822  0.53996980677065953  0.54996255568362318
  0.56100781241583841  0.57276136308002601  0.58406201788678858  0.59379849162492393
  0.60218839080070441  0.61013825367394003  0.61773233449399700  0.62609178619135397
  0.63593448114397511  0.64683228180164387  0.65705435795978906  0.66658845506280384
  0.67590534782643596  0.68496328780983018  0.69371560140405097  0.70227486798698879
  0.71210501871493215  0.72315663777531214  0.73481966446703373  0.74624529092232239
  0.75771446911308493  0.76876639863229579  0.77732716096339971  0.78425257460489683
  0.79232865737025182  0.80123157057562799  0.80956303250177464  0.81757374894826407
  0.82509878528973235  0.83193199190540834  0.84176335268076485  0.85423515104051728
  0.86709816278910745  0.87881098533040514  0.88911626287791523  0.89879035541491603
  0.90859372617354106  0.91988894031425217  0.93281735493621309  0.94431835669863839
  0.95466553969243562  0.96591902205546332  0.97793441302465434  1.00000000000000000
  0.00000287105222494  0.00000420368272614  0.00000554360144732  0.00000740615441088
  0.00000981060138818  0.00001288628204739  0.00001609278221219  0.00001955952996377
  0.00002397959996548  0.00003043399314707  0.00003894799590474  0.00004800822482084
  0.00005678885995300  0.00006510067674513  0.00007306623865155  0.00008098992499093
  0.00009107138763803  0.00010229140053837  0.00011376071059075  0.00012631278046971
  0.00013981149845750  0.00015546215829072  0.00017408899613089  0.00019189168203014
  0.00020952409291763  0.00022840596816803  0.00024441459275635  0.00026721596362545
  0.00029011210483285  0.00031588303401656  0.00034373775870685  0.00037468050426723
  0.00041179188934024  0.00045274868380959  0.00049873534953842  0.00054959591848548
  0.00060013965983355  0.00064039643206470  0.00067209645974421  0.00070291128758284
  0.00073650801106284  0.00077187586145872  0.00080929189858391  0.00084825625353525
  0.00088326183296413  0.00091908049162155  0.00095523875032702  0.00099815003348182
  0.00107476774838824  0.00114689551139244  0.00122014879409422  0.00129892460600696
  0.00138444711867943  0.00147417454680813  0.00156840076612352  0.00167008797885983
  0.00177981261440337  0.00191272631405984  0.00206132950872400  0.00222194486552282
  0.00239118978319963  0.00256925462632096  0.00273080143265713  0.00284381641472579
  0.00296319133707758  0.00310300324968392  0.00325277598076748  0.00340524862708020
  0.00355412425137655  0.00381216121382636  0.00405406103498024  0.00429363643113867
  0.00452410824241713  0.00476056620656376  0.00501373002380963  0.00526195512155070
  0.00550305897931680  0.00574380361438736  0.00602052151955000  0.00632770367582901
  0.00664484918716263  0.00703532479798140  0.00749105485379692  0.00794252933452549
  0.00836381090943689  0.00882149600348952  0.00943136132597864  0.01040331753745585
  0.01133826846424611  0.01189046066975212  0.01292102675911790  0.01367686221174054
  0.02118452511777512  0.02955204111763071  0.04008812574101450  1.00000000000000000
  0.00000216048037820  0.00000393851271557  0.00000526264492741  0.00000695566803394
  0.00000929581436551  0.00001206392471867  0.00001513753977315  0.00001852168909355
  0.00002168592074130  0.00002494312807274  0.00002830597458149  0.00003246381070793
  0.00003788763625379  0.00004474883979269  0.00005230762590142  0.00005978734994168
  0.00006701015733877  0.00007425710707863  0.00008182580931676  0.00008994551066359
  0.00009897541967993  0.00010900149393310  0.00012107143662860  0.00013397556885328
  0.00014778964217812  0.00016386974572254  0.00018186901199797  0.00019677128759728
  0.00021156254103413  0.00022652611365833  0.00024150950259415  0.00025901099374404
  0.00027640781831140  0.00029346463505074  0.00031204018186181  0.00033257500604898
  0.00035388698747734  0.00037812577004701  0.00040301594978256  0.00042067140614692
  0.00044045002565852  0.00045976542816028  0.00047976084565263  0.00050101323076064
  0.00052526147817411  0.00055773367963238  0.00058804718644700  0.00062103449307285
  0.00066405839173656  0.00072279108284070  0.00078148275337574  0.00084836132987097
  0.00091351292662185  0.00099009952067947  0.00107817122280872  0.00116927130183404
  0.00125959871158445  0.00135396359392075  0.00145041066768458  0.00153886632823456
  0.00161931749832465  0.00169981437797914  0.00179142110688558  0.00189671909049476
  0.00201291483327319  0.00213200425615999  0.00226278014998703  0.00238540880968931
  0.00258755500288692  0.00278378384620846  0.00315730376257788  0.00347334545554801
  0.00378670909430481  0.00411383849968130  0.00439187609042613  0.00462867382806753
  0.00486175155076330  0.00509352984152908  0.00537184537254470  0.00568791724026240
  0.00603871248442610  0.00637148939322759  0.00670025507389982  0.00698794098760876
  0.00725107847342905  0.00767551631174350  0.00842676026911839  0.00920114920295747
  0.00978377737993633  0.01036813667644304  0.01105687719001859  0.01189783729140815
  0.01616516025052158  0.02671429182129370  0.04152540764826342  1.00000000000000000
 -0.00199055205462303  0.00954167907523702  0.01889550771841576  0.02832829931791232
  0.03842515395407323  0.04891475158035782  0.05794846626994794  0.06690947521795867
  0.07756174612752423  0.08845436292661048  0.10008581514504326  0.11163933590704388
  0.12313305756367787  0.13521019559504063  0.14876486683684423  0.16102442659417651
  0.17368360160031673  0.18554195278307289  0.19775894860583776  0.20934350719728156
  0.22016067840002465  0.23027861751463041  0.24108952447497953  0.25197248748795864
  0.26383801152958342  0.27711152939876876  0.29144924354592117  0.30609138527856894
  0.31390246187011611  0.32136120685527225  0.32855560112471460  0.33517304406600318
  0.34360640595943381  0.35531676763581871  0.36694777510819648  0.37809252794221698
  0.38921726280680635  0.40248014804161691  0.41566498395520673  0.42808096473136986
  0.43985032999068774  0.45172683899991894  0.46303210362682251  0.47313094490995322
  0.48337530216171198  0.49443633354203015  0.50588791394187516  0.51673832739392245
  0.52785694102961034  0.54057351614895166  0.55363312866919057  0.56597173389956834
  0.57753526900467334  0.58923404017470737  0.60093319251421895  0.61181080382586384
  0.62263986340650768  0.63426238685417180  0.64714269292781523  0.65654900698014040
  0.66428270461313565  0.67230901702002754  0.68155428153361963  0.69060901243398232
  0.69970333557541919  0.70851318532956420  0.71874816709999489  0.72882382009979341
  0.73883316737320548  0.74974675406462710  0.76066979899073817  0.77069816916503198
  0.78034274930456993  0.78901395087961657  0.79779597328287755  0.80675285907858452
  0.81648662021646168  0.82688347561885456  0.83723043300349353  0.84775352265123161
  0.85777133254420268  0.86937606939565526  0.88112447453775844  0.89422237863376697
  0.90910335898388273  0.91986928734907192  0.92738736502456354  0.93509607834169717
  0.94250304374031824  0.94935774206766177  0.95589317586747724  0.96292017864701673
  0.97025433780436765  0.97686826142928307  0.98761519126917285  1.00000000000000000
 -0.00211081162167685  0.00973689969124345  0.02038579253479567  0.02939286003449453
  0.03886134688017750  0.04905050084273556  0.05995813838656748  0.07026174230782704
  0.07978209925544101  0.08862041797920357  0.09816597982239583  0.10695566913928943
  0.11553312315881643  0.12642740711481712  0.13749485205893977  0.14834995595979786
  0.15899749042784744  0.16914857153997365  0.17948571070297942  0.18997996474566445
  0.20030324975050043  0.21088410163700716  0.22093712261106843  0.23144656862993745
  0.24255212325758041  0.25527255865684861  0.26669406374152699  0.27775205063900432
  0.28780186699553706  0.29829125586886446  0.30905032526792631  0.32077536528701966
  0.33386563357003413  0.34818211323706566  0.35933281155320479  0.36706245270366838
  0.37451871780178481  0.38219677179274314  0.39030216913056237  0.39802798649084803
  0.40547585997408647  0.41227151391999067  0.42004861578024971  0.42837730526310897
  0.43820764524814998  0.44916233500412811  0.46268606829311304  0.47650458508933424
  0.48979689928925851  0.50136161252270894  0.51098742477681292  0.52093237347416799
  0.53111711131303008  0.54122150847355077  0.54991070719773671  0.55786060391656755
  0.56745698730575977  0.57958052089675316  0.59299088831787894  0.60387650545289828
  0.61477876267260501  0.62512232531632517  0.63583119586935977  0.64642102766792209
  0.65666791124182611  0.66396269756455017  0.67117580195319249  0.67840513256770463
  0.68534082304937671  0.69442555838852538  0.70519224758265375  0.71680583822401223
  0.72887614311463733  0.74122261368348363  0.75469117440283284  0.76902794390781193
  0.78343215144322731  0.79866191981179868  0.81111493046296701  0.82159235985351176
  0.83150868135131062  0.84183161477392365  0.85289786452371308  0.86331199008947457
  0.87381511491170560  0.88522790240082116  0.89686864864631277  0.90824169051637071
  0.91997523304344231  0.93270363113413080  0.94467592403436873  0.95573185849241882
  0.96663060772078857  0.97925574983965180  0.98974436648392394  1.00000000000000000
 -0.00303136943876721  0.01009281451986955  0.02185335426803642  0.03392111405526108
  0.04642679121438945  0.05898397172579115  0.07072186395991871  0.08174203710503516
  0.09232966833022997  0.10173715343516004  0.11145242553670891  0.11909097989254944
  0.12847523707127087  0.13749025447490595  0.14727847825018006  0.15675414516433939
  0.16661430079449477  0.17555536404493802  0.18393562675370623  0.19290042106883243
  0.20308783413465742  0.21441579857381210  0.22536144061311486  0.23700520726726249
  0.24939379701306660  0.26103852932053723  0.27133612136322205  0.28187175322939945
  0.29118031525955335  0.29913183700002283  0.30700632563019264  0.31540342962272744
  0.32743051825424208  0.34174720435777273  0.35512326331583877  0.36360038958412716
  0.37267228190034496  0.38067025364051488  0.38688709451235792  0.39268525365442691
  0.39926988017113485  0.40733995058795691  0.41652766132783708  0.43123590368044284
  0.44667863549231890  0.45960826393170162  0.47108804561246098  0.48227604736601187
  0.49333338052884979  0.50330202336272556  0.51325053957101763  0.52232866398514888
  0.52937563640277674  0.53848817839906626  0.54650568014141976  0.55402246005992750
  0.56170650362891394  0.57091010510232076  0.58083109833709745  0.59055101793533571
  0.60091569697317271  0.61167960367076202  0.62242591303571837  0.63184296633939541
  0.64113553146248181  0.65107555152911745  0.66123369458985148  0.67279821883496738
  0.68442475859912855  0.69705527841329251  0.71115974816997962  0.72489394786187633
  0.73664164973563839  0.74732730105092593  0.75803788452949405  0.76789581674022733
  0.77801916534038829  0.78838155045661529  0.79957147968594389  0.81162244917286064
  0.82203060395994465  0.83213952019291137  0.84299923395328502  0.85495805369525579
  0.86665821012368183  0.87870201188648167  0.89004423060575388  0.90078773987576011
  0.91129994473232590  0.92204546986215385  0.93400732423919208  0.94619996449516164
  0.95955898264518669  0.97255846363401588  0.98614820253399638  1.00000000000000000
 -0.00031837375162859  0.00087884735921798  0.00229355739438428  0.00350542776400513
  0.00459626160287682  0.00562169616094461  0.00656529183946174  0.00745761625339278
  0.00836582808187582  0.00929509378163732  0.01022534805767895  0.01116850468796084
  0.01219300747903862  0.01330203783023337  0.01431782255327343  0.01530012088736574
  0.01620286028311843  0.01700388552639160  0.01778471895521940  0.01861155004514000
  0.01941815671780249  0.02026317824704050  0.02109551399919965  0.02185108199420087
  0.02257320621859836  0.02323668349027547  0.02383184489020036  0.02439345019926486
  0.02493102625233225  0.02549670322219076  0.02619561787833101  0.02702831886446034
  0.02774537752406496  0.02841671270034966  0.02905026323626754  0.02972216772986627
  0.03040141619482456  0.03106519869221289  0.03188567482146739  0.03254911225280697
  0.03316895340038911  0.03378720830582536  0.03435236796002447  0.03501705017649377
  0.03577410559284981  0.03655701209859199  0.03729662140313836  0.03809796671688476
  0.03873809154041842  0.03937042256635295  0.04006051641684633  0.04107750911145251
  0.04245702327459201  0.04347535013981263  0.04415592634751524  0.04478133229433137
  0.04541985727350463  0.04644949014056296  0.04747874662194115  0.04808441370258365
  0.04859247891858885  0.04911476104314121  0.04960591329997618  0.05014325395446730
  0.05087393626273496  0.05235833771863210  0.05363911779484070  0.05474937311181351
  0.05651504511566646  0.05800731007054896  0.05957663151548676  0.06081989029305486
  0.06240486038485094  0.06337506589158036  0.06420017544915431  0.06502914078847097
  0.06588027589045804  0.06754557296186489  0.06930612809981215  0.07212227777770099
  0.07460829379630721  0.07596493287372479  0.07713765816122377  0.07897876822145582
  0.08064261070270712  0.08136721833507271  0.08210315371573902  0.08325512588391552
  0.08435238629926596  0.08574800694420852  0.08833834816161987  0.08973886858894622
  0.09151466232584306  0.09390790774548995  0.46301096134003267  1.00000000000000000
 -0.00207841443724565  0.00919360010506649  0.01933704793964405  0.02993305042629722
  0.04143788307387846  0.05222579045652540  0.06234649866071199  0.07442910331274856
  0.08929335508368913  0.10820857518719618  0.12393097903733681  0.13834058580037331
  0.15367042991782198  0.16280354381245468  0.17545293483511340  0.18853207366244759
  0.20020450804641246  0.21473418174854278  0.22942973044876802  0.24628130748911178
  0.26467413710886262  0.28173781881207477  0.29802498090876917  0.31682253075204408
  0.33870918702867614  0.36643254447935658  0.39473761274431168  0.41964991856811007
  0.44416723435281114  0.46684908766156558  0.48702361877718109  0.50515770143911198
  0.52353159456653842  0.54199259683751044  0.55824840137166587  0.57155654281851165
  0.58319080467624873  0.59469272325043543  0.60653355891882521  0.61788491829538517
  0.62752495512894479  0.63616563105251267  0.64368497109457257  0.65229055578789341
  0.66091814131394921  0.67004924570321012  0.67940258099377271  0.68860401801706028
  0.69773299156589019  0.70646791169243617  0.71266358572450006  0.71772928119004020
  0.72335315162620140  0.72862776749931291  0.73399663700949525  0.73881202317208949
  0.74307763388872383  0.74670994916153910  0.74999362808904313  0.75350590283607966
  0.75786590138998611  0.76314940210444981  0.76837421198876521  0.77346508534037550
  0.77921719994531669  0.78498362122154586  0.79061369492391820  0.79654000192914354
  0.80291026381380037  0.80964375246483022  0.81689913009653958  0.82495451270593934
  0.83317775181672682  0.84014981586232818  0.84654634078763091  0.85257001334851912
  0.85875287886456553  0.86443279623703873  0.86950498787905039  0.87428204157899714
  0.87903876024734040  0.88419155961550910  0.88953870095683862  0.89558075656013891
  0.90419817694252613  0.91247357461403433  0.92064902386062442  0.92902550318557087
  0.93737664513598595  0.94545270121613856  0.95238105904356019  0.96063186652009447
  0.96990109698083871  0.98003177421320775  0.98996298091577661  1.00000000000000000
  0.03389254128629307  0.27810134091202360  0.35807792352335138  0.42832345036804143
  0.48263031677332224  0.52620045368352630  0.56695072421171044  0.60106402424845939
  0.63173360530171996  0.65991335591445588  0.68414267580200649  0.70615983654276349
  0.72897165060793401  0.74889151526171138  0.76676175710437267  0.78220224976804320
  0.79606962474694121  0.80888969466542815  0.82049198457712902  0.83104005186380925
  0.84097519136891608  0.85035568224274583  0.85917268659674106  0.86680594194625327
  0.87367282535662361  0.88011290412763177  0.88653755088287844  0.89271354491568422
  0.89840141318373512  0.90386633862261068  0.90920916380240002  0.91426590996851353
  0.91880418782484308  0.92311337904961155  0.92747621856993168  0.93183668881731474
  0.93592329505210459  0.93962293614185977  0.94301698135175527  0.94617414200191940
  0.94913550261379753  0.95180893878467798  0.95417428279646188  0.95639209283165172
  0.95837038006344033  0.95985086040294076  0.96119452487734769  0.96276379713802418
  0.96433318979708582  0.96582093800594171  0.96721957444753703  0.96861958986238972
  0.96999334377464863  0.97146509250022506  0.97284442105122915  0.97411455028122396
  0.97539710567499294  0.97664906197225876  0.97783089200597306  0.97894328372208972
  0.97997649153970801  0.98094135203269539  0.98187566085086031  0.98279308515475861
  0.98365964131550931  0.98447561551308904  0.98524692793800717  0.98595375904401739
  0.98656022095046869  0.98716241131679938  0.98773287716674985  0.98827117195317105
  0.98885821402283325  0.98940002058282439  0.98993311196787592  0.99047963061251598
  0.99100125323409149  0.99152587951688276  0.99208217066668547  0.99258856151969466
  0.99307183932258070  0.99351936044444722  0.99392362540826784  0.99426986261362871
  0.99461228581312644  0.99494926669410677  0.99530836337592210  0.99569439581536801
  0.99613857203843015  0.99661311691574694  0.99711613470763805  0.99762434853617155
  0.99813742525845361  0.99875353967918712  0.99937460856357430  1.00000000000000000
 -0.01664531739414876  0.09926687456106471  0.13858155157703000  0.16434002788704444
  0.18673462551217376  0.20632770586317106  0.22443663046580026  0.23997097558652811
  0.25488011786947229  0.26806791551753462  0.27651411940630721  0.28362952161206689
  0.29154786776755248  0.29939739368129420  0.30590814603289651  0.31235644521139838
  0.31859145740822431  0.32449453649449106  0.32947105479905781  0.33453524555459235
  0.34223567888248368  0.35127291953296086  0.36118555779834921  0.37064285551810333
  0.37809138068869758  0.38501594380107079  0.39180985110522426  0.39846514061225419
  0.40631530059354509  0.41425648725458780  0.42173233709931573  0.42884867917399611
  0.43625747579278673  0.44413984096015774  0.45167204820832529  0.45866463831041848
  0.46537179424033398  0.47149560927217032  0.47864831820880821  0.48504271726480974
  0.49089967656842648  0.49649951006439991  0.50186621911544083  0.50720255402353942
  0.51252015348592672  0.51959436788110602  0.52559838510903534  0.53086620693591180
  0.53512509002828812  0.53923762795716423  0.54319974306059948  0.54774599036545435
  0.55264941889081465  0.55843672199831074  0.56463588091370664  0.57149597624332260
  0.57741957169133407  0.58367872736141235  0.59008997151804221  0.59668287449737845
  0.60364797528505454  0.61064399450536577  0.61748846121738210  0.62447924258704901
  0.63189296273660822  0.63949068171563450  0.64649993468228106  0.65366354642344660
  0.66097069661725649  0.66756562659841789  0.67427047145079144  0.68209962691189485
  0.68997208954268530  0.69686774468042167  0.70373579715610701  0.71117136736807129
  0.71903010265728518  0.72733302807437616  0.73654513230108365  0.74614328122388551
  0.75560502756828929  0.76456813000343338  0.77304138434636260  0.78101985604628243
  0.78884916691008256  0.79703731475993767  0.80538295044778363  0.81446283844019063
  0.82395770912721511  0.83405016152612133  0.84552326163854807  0.85794849343452706
  0.87220346617823863  0.89467514220546107  0.92927367300420327  1.00000000000000000
   1.7068494579931964E-007  -1.0000000000000000     
 F F F F F F F F F F F F F F F F F F F F F F F F F F F F F F F F F F F F F F F F F F F F F F F F F F F F F F F F F F F F F F F F F F F F F F F F F F F F F F F F F F F F F F F F F F F F F F F F F F F F F F F F F F F F F F F F F F F F F F F F F F F F F F F F
  <DiscreteSampler_grid>
  grouped_processes
  1 # 1 for a reference and 2 for a running grid.
  10 # Attribute 'min_bin_probing_points' of the grid.
  1 # Attribute 'grid_mode' of the grid. 1=='default',2=='initialization'
  0.0000000000000000 # Attribute 'small_contrib_threshold' of the grid.
  0.5000000000000000 # Attribute 'damping_power' of the grid.
 # binID   n_entries weight   weight_sqr   abs_weight
    10   10   1.953189261731764E+006   3.812284970519803E+013   1.953189261731764E+006
  </DiscreteSampler_grid>
