  0.00967232445374564  0.01596678848515139  0.02433278891624543  0.03335454361672761
  0.04289079052760755  0.05287437059997391  0.06295827427880971  0.07347306830318430
  0.08439882314337056  0.09552611138196215  0.10674882159019897  0.11799269853827044
  0.12931292777537917  0.14065298249595123  0.15153349826112983  0.16187271759507962
  0.17225415739368705  0.18276416428837031  0.19308702760349664  0.20314099280844883
  0.21364680201940564  0.22481731875043215  0.23589904680691090  0.24658429058916775
  0.25722553757817357  0.26748646562133033  0.27753561311812946  0.28737970489351133
  0.29759321923506893  0.30805617281663722  0.31866530740788562  0.32926691264629132
  0.33975650451373579  0.34997905773734067  0.36011774014840209  0.37036249827774759
  0.38058756946323186  0.39058949523994291  0.40084412244172224  0.41169012425517670
  0.42253476908674437  0.43318785097657786  0.44381682122750143  0.45407657883894487
  0.46428680253455129  0.47500254205929737  0.48555521833374166  0.49563189978457967
  0.50561345709033667  0.51568917482184018  0.52604709209194733  0.53637774997431908
  0.54670295766794663  0.55700149058357995  0.56722257291176637  0.57725568148457207
  0.58748473855173078  0.59813891182690604  0.60901381321141723  0.61988119901114114
  0.63083123781493711  0.64152263697211176  0.65257578177488251  0.66362630419386448
  0.67399440172187175  0.68394270570594895  0.69440154304989588  0.70507202908642208
  0.71601537502971646  0.72685491312501971  0.73799041509411289  0.74879038371667683
  0.75919137926882752  0.76985044542064629  0.78086247924858165  0.79167983070589343
  0.80130358972724280  0.81134758860809575  0.82163374766252484  0.83180965826300324
  0.84195053809831488  0.85241424458713611  0.86383980351683187  0.87534088792271958
  0.88628698783217086  0.89685933562646436  0.90727687262953061  0.91791498916359771
  0.92831036316088911  0.93887012915139589  0.94988928930626437  0.96120202990803083
  0.97224027819912018  0.98195675083572731  0.99145627966616523  1.00000000000000000
  0.00000244371198819  0.00000252552769271  0.00000257088558351  0.00000262000479436
  0.00000266763364578  0.00000272859530010  0.00000280031886903  0.00000289361806579
  0.00000300030491842  0.00000311800284923  0.00000326078685136  0.00000341818982666
  0.00000358203037688  0.00000376010396991  0.00000395137185077  0.00000415114414710
  0.00000436294672751  0.00000459259348807  0.00000484469027883  0.00000512666826133
  0.00000543184877710  0.00000574678427438  0.00000607828828587  0.00000643115263123
  0.00000681259769143  0.00000722756748408  0.00000767108512844  0.00000813165816345
  0.00000859292051569  0.00000905477366887  0.00000953343621263  0.00001005187169109
  0.00001061469918299  0.00001123716022269  0.00001186865286879  0.00001257578946960
  0.00001333577229697  0.00001412743032812  0.00001496343205045  0.00001584177102185
  0.00001675302492327  0.00001770880511214  0.00001872717061703  0.00001979870425475
  0.00002093829734714  0.00002213860539261  0.00002339542972176  0.00002471818728572
  0.00002610338967872  0.00002756497356616  0.00002915220758892  0.00003090966093078
  0.00003278912896919  0.00003475711975574  0.00003678067686464  0.00003878378302308
  0.00004096181267895  0.00004343717926792  0.00004611903198669  0.00004897263050187
  0.00005194625427100  0.00005507023833256  0.00005834442763968  0.00006181006909194
  0.00006544917472645  0.00006936259440177  0.00007361551580159  0.00007846305374159
  0.00008398621296542  0.00008993268999162  0.00009627320343435  0.00010304282955867
  0.00011041987833465  0.00011867004449041  0.00012809310501500  0.00013908686506775
  0.00015141966249749  0.00016463963191608  0.00017927188850824  0.00019671827355703
  0.00021681092445305  0.00023892114370811  0.00026402113179277  0.00029409035272778
  0.00033128507982702  0.00037649906029369  0.00042860627465171  0.00050354315113147
  0.00061993758901253  0.00077423588832217  0.00103238201164414  0.00149682108546686
  0.00262210333723630  0.00769699760576109  0.46032299656305997  1.00000000000000000
  0.00000235614061940  0.00000262851354188  0.00000288967693500  0.00000315431494030
  0.00000344288140720  0.00000373673899788  0.00000402978133828  0.00000433302393864
  0.00000467785733425  0.00000502934810145  0.00000538438046837  0.00000576733135217
  0.00000617656069225  0.00000661206182796  0.00000705874067818  0.00000752016910813
  0.00000798771664634  0.00000845859118058  0.00000892667241467  0.00000941213784242
  0.00000989747571456  0.00001039695337113  0.00001092392653818  0.00001148052358448
  0.00001208043814802  0.00001270967997692  0.00001339831687906  0.00001414128491283
  0.00001492617927741  0.00001576182787185  0.00001665013126564  0.00001758107488323
  0.00001851812352751  0.00001944146181836  0.00002039709506665  0.00002139962611137
  0.00002245260290590  0.00002357294575831  0.00002476524806313  0.00002601978532752
  0.00002736028132307  0.00002866228948371  0.00002998984073149  0.00003136558468236
  0.00003277620168064  0.00003420109982363  0.00003567013211411  0.00003726896795481
  0.00003891786555708  0.00004067885240471  0.00004253496316826  0.00004450089385219
  0.00004660696892311  0.00004886285779472  0.00005125673934965  0.00005379752345441
  0.00005651503862073  0.00005942228566291  0.00006253103133079  0.00006580846983734
  0.00006933228583264  0.00007305575462820  0.00007706799308246  0.00008122449883935
  0.00008553335712265  0.00009011166622320  0.00009487882550833  0.00009979454637081
  0.00010501036883338  0.00011071407308687  0.00011726139691954  0.00012493677830259
  0.00013352073081946  0.00014275275372110  0.00015323844106984  0.00016477326593675
  0.00017679793454935  0.00018967244691251  0.00020462942142329  0.00022145285397411
  0.00024157414804452  0.00026528955415401  0.00029313054623846  0.00032473310101279
  0.00036267008839608  0.00040965155849586  0.00047057112669749  0.00055207978666468
  0.00067165979662935  0.00084615387398353  0.00108228409934527  0.00148579638600528
  0.00245045588914001  0.00580022593414442  0.16110320101766823  1.00000000000000000
 -0.00240432166599165  0.00924233404811483  0.02031976927456943  0.03086720822686358
  0.04098351456152775  0.05150152937504864  0.06241265482198068  0.07421468167307251
  0.08562593815662861  0.09586279501078934  0.10570740468859324  0.11518859741126303
  0.12487192356472146  0.13428914137158751  0.14332396862546068  0.15327167648649312
  0.16357887836050530  0.17452848252896858  0.18571863790596402  0.19721708533702728
  0.20779643351000560  0.21845259797611652  0.22968216431754490  0.24186115176608786
  0.25324147920527640  0.26402084369286555  0.27503065198627225  0.28669888280388395
  0.29703305398419377  0.30696941763847141  0.31662132530724396  0.32691776030136044
  0.33744245203971018  0.34773635226876498  0.35792073263360613  0.36805366338177414
  0.37815169039312879  0.38832833661714367  0.39858036220475440  0.40888129562994036
  0.41908979695395382  0.42928831016266206  0.43968813529783923  0.45090907700262045
  0.46100116311735861  0.47040109989436391  0.47963292957502623  0.48891757169842970
  0.49779611056428447  0.50621547919987242  0.51483827680463934  0.52367441101823120
  0.53286941757882644  0.54238937653588248  0.55269368173319300  0.56351114748701236
  0.57439886628961945  0.58513015658937650  0.59563073389527121  0.60597021608326229
  0.61620851997072668  0.62664003745864993  0.63708833710721369  0.64740702957670970
  0.65783041430485301  0.66848310188877080  0.67934404646736435  0.69020534005867973
  0.70106281365448264  0.71204061239245786  0.72296135934854266  0.73386168939234897
  0.74484458438889345  0.75633185445866935  0.76803089321856532  0.77986731456383662
  0.79187392498253029  0.80386160020352437  0.81565599543821621  0.82684744840041791
  0.83794940660579631  0.84877963479076124  0.85960358421447247  0.87034363470835052
  0.88124554928160304  0.89201792959524628  0.90294417472781685  0.91369959781997656
  0.92491539746196560  0.93640971403252737  0.94794916644044080  0.95936027575040261
  0.96994689185663585  0.98054114215953803  0.99033447939824415  1.00000000000000000
 -0.00235759497946536  0.00953926305781039  0.01961052205214887  0.03081291530995102
  0.04177010028468382  0.05351831548192294  0.06493590499120985  0.07591793516221708
  0.08649372041374866  0.09744563232996153  0.10881092320184030  0.12011198233532441
  0.13096188210787654  0.14160633446951115  0.15262997653727395  0.16365187195917033
  0.17441110203478641  0.18515967184886328  0.19630600265278927  0.20750079268157234
  0.21826576878989307  0.22888440731465018  0.23970765847881736  0.25046246144997014
  0.26069845763973648  0.27016414060607891  0.27912618585108423  0.28814654304913234
  0.29813814560720736  0.30794128463611314  0.31798901672984026  0.32847258204994900
  0.33864433992135706  0.34862425113765294  0.35866922018628666  0.36847395783847237
  0.37849138701970253  0.38823105676855241  0.39797793293806644  0.40845379304688478
  0.41917925100316505  0.43005308746762544  0.44081874236840962  0.45151258060708838
  0.46234141598519291  0.47307833866400639  0.48447387287628429  0.49629957658753537
  0.50799751578504004  0.51914872927990574  0.53013128873541560  0.54096346116849892
  0.55145639012931902  0.56147672740975152  0.57094098313848340  0.57999486813173895
  0.58911988515891034  0.59841878047773134  0.60848027795763160  0.61918882034353528
  0.63030529667449253  0.64114555027660580  0.65187577020398768  0.66248531022783441
  0.67296518238196734  0.68328045650625435  0.69362585727477222  0.70394966117856161
  0.71424945524410466  0.72469308971418245  0.73514728313109823  0.74598455546195552
  0.75682643781342818  0.76831454153424872  0.77955068684443940  0.79069730162532970
  0.80199609280607320  0.81323620096328286  0.82427451062293200  0.83438110933714793
  0.84385703012004087  0.85331185434388845  0.86327170890548577  0.87336823074424441
  0.88360386216302944  0.89407372819873066  0.90518670302122917  0.91616553681809321
  0.92654827967771891  0.93644688078017535  0.94709301785520394  0.95770502022595827
  0.96818949265987087  0.97870142278392447  0.98950815020711147  1.00000000000000000
 -0.00244409958891142  0.00936613478734137  0.01927742585123534  0.02989037748230616
  0.04154193467395258  0.05090705196271909  0.06049636667363960  0.06997134259747963
  0.07971589305252474  0.08901490195316790  0.09834928639734909  0.10785773047962804
  0.11774851728983815  0.12774673032243877  0.13781199609733955  0.14812553142997834
  0.15826726404218419  0.16858172789293130  0.17921965316324331  0.18959936283596926
  0.19980248998455635  0.20986444493515391  0.22030222613256789  0.23110507051249485
  0.24210180558390501  0.25302690032051350  0.26373727065294145  0.27444247932861565
  0.28512551415012477  0.29602989818433845  0.30751444764529545  0.31882224453029234
  0.33081578258050470  0.34236938754694257  0.35405601583901314  0.36509998979278563
  0.37576229972953734  0.38578113325793661  0.39596539082401716  0.40652257083305693
  0.41740002826029110  0.42841170510180704  0.43915376511921672  0.44997126764743284
  0.46063781583577007  0.47161363485249347  0.48301575880185493  0.49492696001348152
  0.50660115680654250  0.51737138309404285  0.52745013747970482  0.53696357074743917
  0.54671356528889603  0.55701028183054035  0.56786223827268101  0.57926931012455185
  0.59038395507488328  0.60122988609308758  0.61198931598054107  0.62221788544977186
  0.63186104657090647  0.64140189378421608  0.65148061931381729  0.66177127456879825
  0.67125340902983510  0.68056411658145222  0.69032060448804999  0.70106043347226199
  0.71144255265226020  0.72175716311424121  0.73254276837258425  0.74316871734220846
  0.75437175829357961  0.76573979450552487  0.77679935508718290  0.78787801007257496
  0.79865468429333952  0.80928437105178797  0.82029591625204668  0.83129068159444974
  0.84239982281492898  0.85325827826221146  0.86419083985828860  0.87467472571783744
  0.88474702901994418  0.89456095622786225  0.90418071636340969  0.91393803619460490
  0.92443669325593236  0.93559554576084936  0.94669195065402401  0.95752448326065720
  0.96851463874102017  0.97954678865789169  0.98965137781136192  1.00000000000000000
  0.00004294961513761  0.00011212962088550  0.00046891386261906  0.00096841172690789
  0.00155582918302717  0.00192814983480845  0.00232214420690311  0.00274040474949257
  0.00317033106344558  0.00360512050236734  0.00404705243097886  0.00449563613091896
  0.00495334067342944  0.00542120118214146  0.00589182197981586  0.00636989939904596
  0.00685015106227182  0.00733329768216723  0.00782646542689708  0.00833680758947423
  0.00885952694907600  0.00938370396889877  0.00990768516404696  0.01043937977647433
  0.01096621521261582  0.01149840792005535  0.01203146067068211  0.01257414086854878
  0.01312913520053000  0.01369658737557542  0.01427680978136757  0.01486843953662329
  0.01547922641056800  0.01611297486927999  0.01675253591154595  0.01738646904084691
  0.01802768999791019  0.01868546150163077  0.01935181757680267  0.02004682205600587
  0.02073971717302913  0.02142879968832119  0.02212015980704515  0.02283035964003176
  0.02358595848478505  0.02438051466224624  0.02521192602748319  0.02611484438471849
  0.02710390931948536  0.02814786629141451  0.02916071123649593  0.03013022016703053
  0.03105492925088585  0.03198055878617456  0.03291282204593336  0.03387929257867998
  0.03479078754202925  0.03571553728282162  0.03670136439079066  0.03774347010985393
  0.03883567680790875  0.03997719425749521  0.04121424649301288  0.04256640301298547
  0.04399751605784745  0.04547446187536375  0.04696052500275610  0.04851827713849320
  0.05010983165306036  0.05166604211505912  0.05331190808759499  0.05487682910863962
  0.05650781454257340  0.05823995926406799  0.05998071768171232  0.06198097303166829
  0.06410869488333416  0.06597077325195758  0.06790096220572420  0.06983475710145007
  0.07244251060229791  0.07565453618791722  0.07955635490081135  0.08442352955409299
  0.08813765536964810  0.09221059348695364  0.09516600251410023  0.09795850129027035
  0.10127707356091148  0.10529106716152165  0.11314494943474156  0.12177738712684674
  0.14199016347262314  0.17189750762386433  0.52401257479340213  1.00000000000000000
 -0.00267996068106769  0.01102548805950980  0.02255925689317476  0.03313350350721419
  0.04432880477614464  0.05621036034246274  0.06755499003911090  0.07750707852119823
  0.08772241277736710  0.09820620781782527  0.10836776069344407  0.11834498847400494
  0.12950302034538630  0.14177797976788567  0.15347179198882127  0.16435798788778219
  0.17482272527644313  0.18497029031890527  0.19506311220987785  0.20544627021771325
  0.21609918720623886  0.22683043719558824  0.23755679444883923  0.24854675241140531
  0.25963443136083597  0.27047950095598472  0.28119870140239511  0.29177647528690065
  0.30205107749773391  0.31184311756661087  0.32091163893180047  0.32967533548620837
  0.33882370676223539  0.34863183981700013  0.35919613175795306  0.37006326330677125
  0.38081822363041368  0.39119194482128306  0.40138557389734991  0.41155830712650038
  0.42104212547351538  0.42978985539568315  0.43861199188146294  0.44779842181736251
  0.45762660231395969  0.46742752593332043  0.47663296606325817  0.48591254131609879
  0.49537994340079344  0.50496694227928540  0.51448394262155572  0.52419957733715905
  0.53435684969180575  0.54428313048684762  0.55340443853992860  0.56243945721888811
  0.57140046662991772  0.58022281547905130  0.58879568787381631  0.59712211031406592
  0.60559730561648029  0.61545653203698070  0.62532827830694915  0.63530924657683741
  0.64517603905794629  0.65468300962517045  0.66475987355614208  0.67509047943293909
  0.68590310566517998  0.69654670336928004  0.70724799130647187  0.71845368541520271
  0.72957138381658737  0.74087127388749163  0.75191043810005875  0.76299378863639011
  0.77391805133189073  0.78510665750850184  0.79650197480000418  0.80798828328447092
  0.81988182920257069  0.83110918943743983  0.84207382358646632  0.85312381511673296
  0.86491598238363143  0.87715111069634266  0.88899099990985531  0.90064853869136607
  0.91221116352337506  0.92477064155746580  0.93764212773387956  0.95034199578361733
  0.96328710660289141  0.97616159039127215  0.98833752758768578  1.00000000000000000
  0.01008220036789553  0.19032242855345985  0.30098753028634118  0.38198444266399495
  0.44414972860594637  0.49565760337178771  0.53924846622587996  0.57668432056459995
  0.60970185916074415  0.63857700477333856  0.66419531094228657  0.68672842028671677
  0.70677746342959236  0.72504425387323601  0.74203896236809785  0.75745431608773273
  0.77154240110997374  0.78446130250055701  0.79643873240246998  0.80772467108794688
  0.81827566980749056  0.82814173321127171  0.83705546686340282  0.84535623835968576
  0.85313859988315432  0.86040288015036059  0.86729891205332132  0.87388504122926547
  0.88000482467070684  0.88574383102449605  0.89125299043512896  0.89651083327515435
  0.90131413081223977  0.90576521162506363  0.90997945812139769  0.91395655732418368
  0.91772196217173552  0.92117516874349425  0.92445470749109804  0.92768148515413529
  0.93081035790170352  0.93389154156342080  0.93686750395777507  0.93957322270786703
  0.94207521703623742  0.94451581781744920  0.94686300497315534  0.94912753890761703
  0.95132900549857236  0.95347831457302024  0.95559852543337120  0.95765267473630766
  0.95957621841517549  0.96134613269616276  0.96300262038687767  0.96461330344188356
  0.96615717927590650  0.96763217237824883  0.96904449268976955  0.97037766602713826
  0.97163082648551480  0.97282748301032007  0.97398273149528358  0.97512845589343722
  0.97624871757163045  0.97732561589250577  0.97840455134154392  0.97946729936304655
  0.98051800095776465  0.98154123142302319  0.98252019150638426  0.98345412926683495
  0.98434451691715130  0.98519073190816131  0.98599499418697101  0.98676878371577292
  0.98752310141394772  0.98826304943926679  0.98899006523947997  0.98969746176783868
  0.99038520407463682  0.99106339543468636  0.99170096545093778  0.99231742274649082
  0.99291085815011804  0.99348361994207546  0.99404950334230513  0.99461006272459040
  0.99517792453032750  0.99575993612254043  0.99635150040026554  0.99695574540434251
  0.99760946919537064  0.99832805841713401  0.99912721347547973  1.00000000000000000
 -0.02153079353594391  0.10661651123243229  0.14606887263453988  0.17248640512747040
  0.19358761465514668  0.21094919770665244  0.22543910229206737  0.23886491279541242
  0.25137087479154946  0.26209719723190711  0.27212931695198117  0.28198118991042093
  0.29169804751210204  0.30111846668707726  0.31005871040250543  0.31900168785170879
  0.32792364818384562  0.33676310889078226  0.34558048302297717  0.35413543920143703
  0.36265179271470954  0.37117670558362709  0.37918940846867588  0.38637602703259971
  0.39371913974075262  0.40078811569452866  0.40817259757442220  0.41576803196227313
  0.42292489176642944  0.42980127774241672  0.43660122190902045  0.44327721184049090
  0.45005265981739268  0.45678317863470147  0.46312664705608642  0.46923498727001345
  0.47533574346579915  0.48155327780082680  0.48808430670535519  0.49497413889823294
  0.50205441414096108  0.50860649903620592  0.51533051326332446  0.52157813553337085
  0.52764663135745016  0.53378322413445745  0.53977587808541949  0.54564983262919831
  0.55137419103881435  0.55740332095115230  0.56363001824885162  0.56934616705672336
  0.57450925083248738  0.57959700780411805  0.58496095716430019  0.59075621557313496
  0.59638626800812844  0.60182731321492977  0.60727306166316175  0.61271542565789872
  0.61816763787985585  0.62375654138901249  0.62981002558730570  0.63637259895525078
  0.64311210356495063  0.64976031854818317  0.65631585766175404  0.66291916556541641
  0.66946546246430128  0.67609426046837340  0.68255486420566447  0.68933101705759980
  0.69595601944178276  0.70268767168780799  0.70961406083764822  0.71656419956889916
  0.72374356970702836  0.73089678226271027  0.73799285176479534  0.74531529913371286
  0.75293948947278211  0.76057609674436744  0.76847429402248690  0.77615011101281206
  0.78367221193673520  0.79120396723504371  0.79948971356716247  0.80842754490378832
  0.81827065922427655  0.82942947271005785  0.84139778907059326  0.85482579952362614
  0.86986048971668017  0.88864981445233315  0.91807547129044575  1.00000000000000000
   1.1634621738238183E-009  -1.0000000000000000     
 F F F F F F F F F F F F F F F F F F F F F F F F F F F F F F F F F F F F F F F F F F F F F F F F F F F F F F F F F F F F F F F F F F F F F F F F F F F F F F F F F F F F F F F F F F F F F F F F F F F F F F F F F F F F F F F F F F F F F F F F F F F F F F F F
  <DiscreteSampler_grid>
  grouped_processes
  1 # 1 for a reference and 2 for a running grid.
  10 # Attribute 'min_bin_probing_points' of the grid.
  1 # Attribute 'grid_mode' of the grid. 1=='default',2=='initialization'
  0.0000000000000000 # Attribute 'small_contrib_threshold' of the grid.
  0.5000000000000000 # Attribute 'damping_power' of the grid.
 # binID   n_entries weight   weight_sqr   abs_weight
    10   10   2.328115795966633E+004   4.782239168289517E+009   2.328115795966633E+004
  </DiscreteSampler_grid>
