  0.00876444491944038  0.01781104537684005  0.02780038250060329  0.03818660721470839
  0.04845398440181092  0.05934540182897520  0.07058761578288461  0.08206819049134752
  0.09352316125344627  0.10494703437314098  0.11576382444497091  0.12679659164901888
  0.13723055674036871  0.14742939970045255  0.15724278997608093  0.16788717695753613
  0.17785293395443760  0.18775214038498830  0.19747957509086372  0.20737024951089808
  0.21777256512312260  0.22851675976785657  0.23984381011744041  0.25199493657458033
  0.26444290117533908  0.27673490650271226  0.28862654368268942  0.30014791662716145
  0.31143450423653180  0.32233910907083058  0.33288910883153527  0.34330702678602371
  0.35367191225977229  0.36374933401582155  0.37416630089202757  0.38478416076795580
  0.39559014818637206  0.40623139360508392  0.41673128063346593  0.42756263999976940
  0.43833161369834589  0.44877146618784042  0.45907571912560030  0.46940518704709883
  0.47967335616233092  0.48985330113579778  0.50025513876623384  0.51098145584035781
  0.52165543315469953  0.53235661871083062  0.54280849546081755  0.55344275271154264
  0.56413087675277707  0.57559232959403694  0.58646593601493968  0.59706186584753251
  0.60781695507464151  0.61893366488731827  0.63020618713948828  0.64119515330148102
  0.65095782430086901  0.65984343523643207  0.66860057354133118  0.67751464834570108
  0.68727077407157922  0.69741012843249850  0.70729389678942267  0.71760187180887025
  0.72814453215327068  0.73890298990190240  0.74980211320124290  0.76080778327337784
  0.77188530561682944  0.78220517069108431  0.79237668298299668  0.80189551289861871
  0.81101682550670606  0.82035860204788358  0.82976689527664615  0.83971345923319440
  0.84971252866590019  0.85973979117252475  0.86965304261487353  0.87978348370349824
  0.88978694974586925  0.90033927153064996  0.91132695942821662  0.92210820100758772
  0.93247642087384586  0.94241662784603653  0.95352969534156928  0.96358806618689052
  0.97359565298225648  0.98337319689002078  0.99088887502417800  1.00000000000000000
  0.00000247352486726  0.00000311875253565  0.00000360465547684  0.00000426528879241
  0.00000515566412102  0.00000623571160841  0.00000754806516651  0.00000919314140881
  0.00001124291454565  0.00001357172647557  0.00001623323197886  0.00001928126739077
  0.00002278311229676  0.00002672711741219  0.00003098045612559  0.00003593016202891
  0.00004146257343800  0.00004778696095744  0.00005500904423543  0.00006301980547366
  0.00007180035813354  0.00008158865291670  0.00009259215131512  0.00010487075030649
  0.00011839002229532  0.00013314087766708  0.00014909969236314  0.00016666194016071
  0.00018629501811825  0.00020752194888192  0.00022960012167633  0.00025282856480002
  0.00027829135127817  0.00030874173956153  0.00034418139170943  0.00038327596898526
  0.00042556303037915  0.00046963699863002  0.00051528128507548  0.00056495339331270
  0.00061504049270973  0.00066902595447917  0.00072834634906070  0.00079683800753032
  0.00087502047845872  0.00096065180048653  0.00105023909911146  0.00114271939585996
  0.00123597378403100  0.00133255008342235  0.00143553421556940  0.00155027847788470
  0.00168262263454465  0.00182945116874321  0.00198729651338071  0.00216912960614668
  0.00237575259731113  0.00259743802603706  0.00282914424428282  0.00306940732477010
  0.00332239114281111  0.00358660752497948  0.00388392958208498  0.00421714436111783
  0.00456854054879497  0.00494060840005437  0.00533986268335387  0.00576113960373997
  0.00619957567774021  0.00666712684110943  0.00717105054379730  0.00769145494015351
  0.00820859838304040  0.00874820350098996  0.00933050610050181  0.01007641693822814
  0.01089113523784679  0.01190713633648261  0.01296225564937539  0.01408872355854742
  0.01528507228423630  0.01659610648479268  0.01807895638552287  0.01969196042478953
  0.02155246603803031  0.02388831625494197  0.02712570738885055  0.03059797503597446
  0.03464003424128750  0.04051810472144313  0.04927979392705278  0.06495774080468721
  0.08190798440701941  0.12865162995108434  0.37714563947745128  1.00000000000000000
  0.00000224473156682  0.00000322984999194  0.00000425325600505  0.00000552777318706
  0.00000707339843796  0.00000883238560377  0.00001071268999751  0.00001281199875253
  0.00001514703045318  0.00001768354069350  0.00002058987868833  0.00002394335290783
  0.00002776844020846  0.00003198426192961  0.00003653233175580  0.00004144689618664
  0.00004678402180453  0.00005256103894635  0.00005887049892566  0.00006588984450516
  0.00007346617265799  0.00008197310624361  0.00009129951771202  0.00010152646944493
  0.00011264607364257  0.00012455674201519  0.00013718712688642  0.00015078350900296
  0.00016627596694177  0.00018310307001956  0.00020263443480749  0.00022360185105267
  0.00024604840665237  0.00027004203958749  0.00029587562501456  0.00032366562379054
  0.00035317907699201  0.00038443844524183  0.00041765372533333  0.00045356215511953
  0.00049281582732714  0.00053645786362062  0.00058399068381092  0.00063746238914162
  0.00069571594722135  0.00075859132357941  0.00082273763741706  0.00088708971506752
  0.00096077298192498  0.00104038592243286  0.00113060875267420  0.00122718383931976
  0.00133627949937973  0.00145856887704199  0.00158481615798150  0.00172304689592351
  0.00186849176534192  0.00202342187237834  0.00219593384785456  0.00238365498420935
  0.00259219593886912  0.00282678682636334  0.00309436193511520  0.00337436944599074
  0.00365051413354779  0.00393547909534080  0.00424062345747416  0.00458226521342049
  0.00495446419791569  0.00536969744325344  0.00586964646656969  0.00645290230792425
  0.00708211314097901  0.00759976609312487  0.00816740263277655  0.00880954916089811
  0.00952107981646912  0.01026536273435266  0.01105011071113910  0.01223724565348559
  0.01331894193836526  0.01439790933323224  0.01557611835563031  0.01687068882245297
  0.01822431701595459  0.01978200705843723  0.02118270564354799  0.02382609422657950
  0.02826886634546647  0.03458249215375532  0.04044148458479165  0.04461639173850226
  0.04911223167925986  0.05583293436970090  0.22746137782583919  1.00000000000000000
 -0.00261242025645266  0.00977516294305633  0.01984835444504613  0.02976811471871421
  0.03926642781108258  0.04966613433950803  0.06022046101106092  0.07118156108847139
  0.08195338811070438  0.09294608435877109  0.10388988348375146  0.11454517549952775
  0.12544172104092643  0.13629284090969357  0.14699977435173248  0.15751001989220914
  0.16820784292761956  0.17955470925245753  0.19141038776120961  0.20299039382698772
  0.21399033483002153  0.22485314281775287  0.23585475540014705  0.24678908655413676
  0.25715459809016977  0.26719976284945091  0.27717705056472525  0.28748468829228457
  0.29814945771365886  0.30846013156095348  0.31874564811206552  0.32918323823899659
  0.34029861309193088  0.35127332617025769  0.36147572236994430  0.37111201892701645
  0.38087800548332423  0.39141219908184655  0.40234344077736439  0.41272285216726423
  0.42272352726510221  0.43288476321491159  0.44374075377760058  0.45464613799064163
  0.46524232497484536  0.47591845037471114  0.48669060777306866  0.49723803033267278
  0.50707972864141326  0.51681960740205901  0.52714040752409619  0.53769610999177986
  0.54835210315531724  0.55937379218860706  0.56996681441478692  0.58104827304210460
  0.59160729028345593  0.60192155435010486  0.61245517101198621  0.62292831288186046
  0.63363588445507313  0.64474812315395724  0.65663381105402774  0.66821154846552822
  0.67815800911888591  0.68776031801442461  0.69767256027866353  0.70834636128889283
  0.71943080192348752  0.73003159286056807  0.74066594975619071  0.75138550182096508
  0.76212188394881708  0.77275406270138991  0.78357320953897158  0.79420728211654523
  0.80522443764085228  0.81656089777876462  0.82717568959292420  0.83811990968950001
  0.84812301853492755  0.85887494131568043  0.86895684216928049  0.87828718629112246
  0.88736560225353800  0.89690908165393379  0.90689333710782039  0.91738251257629400
  0.92832990751962030  0.93902342056820254  0.94925251668355504  0.95909917248895293
  0.96904557647690126  0.97942441870800689  0.98969581759488712  1.00000000000000000
 -0.00275095498342227  0.01010254736287101  0.02082820358621664  0.03193253436153418
  0.04306663957386315  0.05419928134763773  0.06565936004886293  0.07635640387053386
  0.08673263330327670  0.09656217129700768  0.10624188357536145  0.11624684300662527
  0.12723223250151497  0.13856989879181433  0.14985592478410803  0.16062983516850834
  0.17130754294205261  0.18213848645319675  0.19291578744762672  0.20342336307822681
  0.21355240052790128  0.22398267704494931  0.23490226717515700  0.24566635024346004
  0.25601679810784322  0.26636529143454096  0.27699094601480823  0.28814235376149744
  0.29946324362723209  0.31042388227762280  0.32072515248307915  0.33039194535439537
  0.34005799600503639  0.35007226399056790  0.36041613180865600  0.37051000207951845
  0.38038389365447661  0.39009287197439885  0.40026144387006563  0.41064668813594241
  0.42127857104075322  0.43202165999238390  0.44304514152958169  0.45414573523434426
  0.46487236398282306  0.47518026321203816  0.48514630792033092  0.49496530524711785
  0.50473918425422137  0.51480168802303561  0.52489963826512831  0.53526651009175619
  0.54574406609819315  0.55604691557973762  0.56614511322799776  0.57592020018840573
  0.58596081252120857  0.59652078194415814  0.60729007325471995  0.61802352356155654
  0.62827355620210168  0.63903745797031741  0.64953339662671861  0.66047975602333164
  0.67129857849297125  0.68206750608010114  0.69248168579821023  0.70282516052652688
  0.71312905586204534  0.72352061371104925  0.73395966513048727  0.74472181917301483
  0.75540618683468053  0.76585401165576283  0.77650825552599334  0.78760689644314641
  0.79885526919199956  0.80947576751040751  0.81996453085983911  0.83067150010499746
  0.84133557033503514  0.85188457648615412  0.86212499908037821  0.87273644227635649
  0.88381276972390455  0.89432874833952414  0.90363551430874045  0.91271910447987126
  0.92226647138663254  0.93269971137611896  0.94365442651097609  0.95505109031379565
  0.96619840014408620  0.97753834661560479  0.98891639566966505  1.00000000000000000
 -0.00244724133362290  0.00964509263699072  0.01941566456569174  0.03023618761386826
  0.04086985608277675  0.05162297255612155  0.06223272575282810  0.07298099438357332
  0.08405477647195250  0.09443817459917900  0.10526823944729274  0.11595829824928491
  0.12614593190144419  0.13622882934203756  0.14631413495472498  0.15594460884525005
  0.16580884611529784  0.17512277060842615  0.18546468254285231  0.19526884410555567
  0.20503328499818901  0.21480906515147913  0.22511498319407089  0.23553564778426286
  0.24576971243151965  0.25566443118750870  0.26560648688742455  0.27552465307127239
  0.28558672046739386  0.29616743833268921  0.30720676807987035  0.31818789347264281
  0.32917275104889915  0.34047770624045454  0.35187232468532242  0.36304870296230812
  0.37392116352934718  0.38488790917572019  0.39594388902474448  0.40725865024992203
  0.41906323322534955  0.43113259030694751  0.44297105920090984  0.45397805682913717
  0.46444194168064129  0.47505767514157088  0.48554397649871761  0.49621093668027283
  0.50708808832009578  0.51803517418692147  0.52867901265109041  0.53865014035379999
  0.54854412062207558  0.55847382484537100  0.56913896078448500  0.58001342369940512
  0.59087792246817039  0.60171155809567267  0.61265262549564248  0.62344977822773140
  0.63417420747879472  0.64479829740276184  0.65501655105971790  0.66501976860426415
  0.67511526490840201  0.68585537560607623  0.69667120124168602  0.70687962509390345
  0.71682201886963814  0.72701921643530398  0.73745092441823656  0.74829886631355214
  0.75900525923037410  0.76945829327611681  0.77953999155061549  0.78932030626787220
  0.79935419429638044  0.81011547530846717  0.82164141754036180  0.83347070914232835
  0.84433237980192910  0.85415088814713702  0.86398019768474443  0.87406537223717773
  0.88517715021253829  0.89647417135375840  0.90664100761515065  0.91630109019979078
  0.92604451094247675  0.93670228082577167  0.94769521362751241  0.95880679516421818
  0.96997673509820503  0.98050417532404166  0.99044751464451763  1.00000000000000000
 -0.00018685214446232  0.00084214693584287  0.00200420245237162  0.00311432317822704
  0.00414337964103910  0.00512974812744759  0.00609504703821977  0.00702445540191631
  0.00794189722739750  0.00885942588121754  0.00977014206911593  0.01067332156479093
  0.01156196022353024  0.01243075685870247  0.01328791319328025  0.01414847368659090
  0.01500057311973300  0.01586985852550669  0.01676459757818302  0.01767630364736630
  0.01858548365119101  0.01946521949494858  0.02034985022899759  0.02124046331235224
  0.02216234739086471  0.02311094586751946  0.02406609728657446  0.02500934677312390
  0.02594074056521034  0.02688750967609941  0.02785400962495780  0.02878764650868873
  0.02972553129902642  0.03065268034378675  0.03157827797766903  0.03248630443769718
  0.03337703150534982  0.03431029282864129  0.03532540571603136  0.03634777844233803
  0.03739224836064651  0.03847276650430563  0.03954738731380433  0.04063766206977829
  0.04169868341829300  0.04273394891686853  0.04375001636517060  0.04470235505061133
  0.04562281843790979  0.04652917544585026  0.04749599570379526  0.04851236111319666
  0.04963080883987755  0.05072440674006512  0.05186196767100975  0.05308939087081128
  0.05443954005791937  0.05586178070636964  0.05717726960814709  0.05843665855090681
  0.05964165250956577  0.06080608798266795  0.06199882672310233  0.06332564775903063
  0.06469428574565632  0.06611776815053790  0.06771901157309147  0.06939320302009458
  0.07121927776972520  0.07299694151891115  0.07473468169582058  0.07664129736520757
  0.07868400081877919  0.08082178274153676  0.08286416853989043  0.08489883255618909
  0.08691848032468581  0.08899198549093508  0.09131666515510724  0.09373318209798671
  0.09632053204146157  0.09930816603524434  0.10257932824360244  0.10720829372275559
  0.11243650794294485  0.11720587997506257  0.12171409837668630  0.12663801158919602
  0.13240531129947974  0.14121014307294638  0.15389625458407874  0.16759163730916016
  0.18382706958570541  0.20699234432153488  0.76100346413244591  1.00000000000000000
 -0.00213896367712886  0.00864925608176803  0.01742081759753112  0.02672752911537257
  0.03520759845829684  0.04327025818951261  0.05120240978366739  0.05875151519466359
  0.06631320118442616  0.07355730318811141  0.08055181903963510  0.08723095204459980
  0.09366880064452901  0.09956993217128757  0.10530525439457138  0.11096477121051877
  0.11676852569522116  0.12271664796922371  0.12864819563130700  0.13439036136243382
  0.13999287307818931  0.14557515094241791  0.15117422430776969  0.15684285797485928
  0.16269442621345140  0.16882875090222327  0.17490437639964010  0.18050101813540276
  0.18592023888063755  0.19118838131921420  0.19677389492028718  0.20248752582158672
  0.20797345432276798  0.21326817472670684  0.21855345524194178  0.22384927519214914
  0.22930590507778276  0.23509508952716401  0.24104788413626632  0.24692886445316131
  0.25272137395874689  0.25843236783538065  0.26399947041400235  0.26945271930723874
  0.27508852815878093  0.28027278768901831  0.28628366161203761  0.29256711931697610
  0.29907194547220556  0.30557814751532747  0.31192154649835030  0.31807680063782534
  0.32433008691111093  0.33099056738813476  0.33790457773315741  0.34470568418278663
  0.35145681160737280  0.35841994530708626  0.36538461947210987  0.37322692611818364
  0.38194379525743627  0.39130692223774205  0.40088519247732696  0.41028989931718174
  0.42050424069560444  0.43124264089270642  0.44297845254634699  0.45573282082579614
  0.47008055193543874  0.48526454668574831  0.50132689076997927  0.51941204360349669
  0.53944010077860605  0.56119434684923408  0.58551042164322264  0.61114423181353494
  0.63750742466720045  0.66211594532788220  0.68660138506087298  0.71110667823275053
  0.73417345682868751  0.75626812964351153  0.77913986469253371  0.80264947861029701
  0.82669771099921896  0.84875604180624864  0.87023048749922316  0.88969790313118136
  0.90660799127723579  0.92259891282148754  0.93816507804117055  0.95277308402516314
  0.96613847361689964  0.97813695243977083  0.98948178420717969  1.00000000000000000
  0.01391413446012891  0.24393866903439698  0.37776564348328229  0.47027157663984831
  0.53759393301560998  0.58993938771126664  0.63217041148083053  0.66800266781832152
  0.69808399255898013  0.72450214975041172  0.74769826174482867  0.76759831239613097
  0.78526177689088561  0.80098498441647559  0.81514439841747577  0.82817356659699359
  0.83964269522435697  0.85013591799343891  0.85978112147661678  0.86856249836746136
  0.87653907514984131  0.88380157463399023  0.89062634464711099  0.89688861017681265
  0.90252421429568386  0.90784753415558406  0.91284901178774625  0.91755335654863068
  0.92175268099330099  0.92566865799282871  0.92935231901039705  0.93286512448714887
  0.93622837409987936  0.93932632858447418  0.94219627029779263  0.94492049878125062
  0.94748882039224824  0.94991647440629445  0.95223759303918309  0.95449029185125667
  0.95670982184891729  0.95869846513388768  0.96031362219063476  0.96195492388064652
  0.96355672932749581  0.96508727925500182  0.96654709901385238  0.96795511342206875
  0.96934847221026621  0.97064882520023554  0.97196224394346575  0.97322709289920195
  0.97444502133063349  0.97563583603835913  0.97679654073143574  0.97788178601824149
  0.97890060481293184  0.97984636940549308  0.98072501536997048  0.98159696393083995
  0.98244006019674335  0.98323602681632860  0.98399931117744166  0.98472209572957048
  0.98541184032711271  0.98608082701706612  0.98675011020453385  0.98740641893270553
  0.98803632343005676  0.98865407953735074  0.98924218230501282  0.98979689426007378
  0.99034992046044013  0.99087644898955496  0.99136631675237552  0.99182793926877832
  0.99229194800235654  0.99272826570055439  0.99315045730150031  0.99356413307500002
  0.99397193174855225  0.99437157636950368  0.99475999065083054  0.99513686866181450
  0.99550265042275199  0.99585954574409130  0.99621137891079614  0.99656408565213039
  0.99692134799113963  0.99728370326750748  0.99765219833636043  0.99802805919530302
  0.99842106916650430  0.99884902431021505  0.99935778797754493  1.00000000000000000
 -0.02273299866608581  0.11124587767531589  0.15111143989824224  0.17706945512884759
  0.19771586389767051  0.21484030356809847  0.22973548910800712  0.24415783336739080
  0.25673883610554116  0.26800705676201114  0.27820642911241533  0.28818982048625336
  0.29775221363505722  0.30705816348551002  0.31583850362754456  0.32448173972826971
  0.33305605470810246  0.34135920177989015  0.34970387436102607  0.35779454918870135
  0.36548793273858632  0.37303167460024927  0.38041876635483718  0.38776863036548626
  0.39517349992126333  0.40243132837755435  0.40933079906958558  0.41616678573566307
  0.42299077528928958  0.42990355917745310  0.43701218417438487  0.44387054412505733
  0.44977225568591095  0.45558085499422429  0.46133494399261571  0.46720223088652824
  0.47343648843196839  0.47951038583579247  0.48560692969769337  0.49158901945456585
  0.49786276153297404  0.50362247967709561  0.50926352853642187  0.51460299721664027
  0.51955934912238066  0.52432906124424539  0.52905322047122905  0.53399908936686702
  0.53924267407287563  0.54457940117903958  0.54988148601636033  0.55511193272160109
  0.56041150157493502  0.56610972807347415  0.57209709012301346  0.57816705459592710
  0.58428363194464183  0.59046193434705341  0.59661988503876973  0.60289707263422854
  0.60886588839856348  0.61491146481579062  0.62111170413617800  0.62699282407960699
  0.63252357406101090  0.63810721787992908  0.64356955685963979  0.64957526096731943
  0.65575131433525424  0.66198821645102190  0.66855043955172588  0.67535263750648167
  0.68209575436766268  0.68861914196844720  0.69506382190744287  0.70169222145773258
  0.70856070149035633  0.71557649641955412  0.72264513318455381  0.72976516641507427
  0.73703115282801790  0.74485212561839242  0.75283710860962905  0.76159884223575158
  0.77022523383699870  0.77950972919626693  0.78899071740633198  0.79884100376573908
  0.80911683250176214  0.82011701396785774  0.83217647906333736  0.84548860333215570
  0.86133554990545769  0.88217761641670600  0.91592927232101096  1.00000000000000000
   4.4453619257601222E-009  -1.0000000000000000     
 F F F F F F F F F F F F F F F F F F F F F F F F F F F F F F F F F F F F F F F F F F F F F F F F F F F F F F F F F F F F F F F F F F F F F F F F F F F F F F F F F F F F F F F F F F F F F F F F F F F F F F F F F F F F F F F F F F F F F F F F F F F F F F F F
  <DiscreteSampler_grid>
  grouped_processes
  1 # 1 for a reference and 2 for a running grid.
  10 # Attribute 'min_bin_probing_points' of the grid.
  1 # Attribute 'grid_mode' of the grid. 1=='default',2=='initialization'
  0.0000000000000000 # Attribute 'small_contrib_threshold' of the grid.
  0.5000000000000000 # Attribute 'damping_power' of the grid.
 # binID   n_entries weight   weight_sqr   abs_weight
    10   10   1.644752916236552E+003   6.995255912308389E+006   1.644752916236552E+003
  </DiscreteSampler_grid>
