  0.00947023241007580  0.01617865361881582  0.02565313658077240  0.03669070040931682
  0.04764882400446727  0.05905586352631877  0.07022405429272086  0.08099709338553530
  0.09177462453308868  0.10236436155312702  0.11287167666091280  0.12312102808990692
  0.13391230996108533  0.14495805855226684  0.15548619459510074  0.16531416794384210
  0.17472335452320628  0.18440580684820151  0.19431407349460050  0.20375298359786950
  0.21322176807889714  0.22300243903378469  0.23285642449879976  0.24312550878149480
  0.25321279057655682  0.26340643062309871  0.27389145148500504  0.28432986274406113
  0.29470301851580688  0.30533820252170724  0.31615369584245245  0.32715798225797404
  0.33793730019204116  0.34854621493992827  0.35873234918014507  0.36857666708181946
  0.37864994085118070  0.38923232641618244  0.39978343244332132  0.41045993105322653
  0.42130034827718410  0.43228792384112824  0.44270685222122369  0.45221043067726835
  0.46184999426021039  0.47191531009882498  0.48291674620052893  0.49366727451926384
  0.50432326117785531  0.51521293417062308  0.52601439881536072  0.53652813986414627
  0.54650424085719118  0.55632611773333940  0.56617102895051086  0.57560655713552722
  0.58501486072428022  0.59461750283936310  0.60450399055158599  0.61504921846248828
  0.62532446445610368  0.63617623994874395  0.64708492358126379  0.65824456618927463
  0.66972492894972846  0.68111031739880390  0.69244169758641483  0.70331270297448600
  0.71375436945304460  0.72409176104569772  0.73443936497907225  0.74474533884399585
  0.75509214414154513  0.76493887790671400  0.77450694665013831  0.78403945421098864
  0.79364757217705628  0.80352742037154934  0.81391535154639949  0.82488917746962265
  0.83626376392753621  0.84793087068033046  0.85958893599691100  0.87100095155259827
  0.88232202024529305  0.89364321114213541  0.90537703300648686  0.91727909736125279
  0.92917519242794533  0.94042353643977206  0.95120499854023421  0.96133232292326221
  0.97174747908353942  0.98214589103850380  0.99132516342958565  1.00000000000000000
  0.00000239503922511  0.00000246995902077  0.00000254516176882  0.00000262120053628
  0.00000265447685429  0.00000269394546278  0.00000274302855470  0.00000280993545922
  0.00000287926052078  0.00000295529332833  0.00000303778638551  0.00000312971010409
  0.00000324196411898  0.00000338985277117  0.00000355781308177  0.00000374849963560
  0.00000396061562513  0.00000419441723738  0.00000445439035841  0.00000473827595182
  0.00000505068642854  0.00000539393731737  0.00000575997091453  0.00000614534420100
  0.00000654290975061  0.00000695041798515  0.00000737551896461  0.00000781211611144
  0.00000826893168745  0.00000876756525642  0.00000928452068671  0.00000981989267348
  0.00001039969731270  0.00001103460238393  0.00001172029996263  0.00001242879203455
  0.00001315696679222  0.00001391440108299  0.00001470973556533  0.00001554635333538
  0.00001640309133087  0.00001730297171473  0.00001822857370244  0.00001922709852813
  0.00002029915792802  0.00002141987531303  0.00002260599714802  0.00002384539689788
  0.00002513721706459  0.00002649012999904  0.00002788804759901  0.00002934004699805
  0.00003084710956020  0.00003242216501042  0.00003406636342171  0.00003596960074215
  0.00003798543601742  0.00004016546348084  0.00004258065877616  0.00004520927727584
  0.00004796723997767  0.00005080171455271  0.00005374604915395  0.00005691611935365
  0.00006045175619294  0.00006386443675130  0.00006763315567363  0.00007170212293975
  0.00007607646374163  0.00008084407531312  0.00008600395425814  0.00009152882528177
  0.00009746681289900  0.00010401747377984  0.00011137961074114  0.00011957677259981
  0.00012893968430504  0.00013952030536438  0.00015110032371856  0.00016457607208947
  0.00018039526967261  0.00019876909792856  0.00022090831638798  0.00024810967869917
  0.00028230180073784  0.00032501625865953  0.00037533400532817  0.00043892360023159
  0.00053109394053522  0.00067008807328166  0.00087275487019761  0.00123830171818232
  0.00211992149523372  0.00588836681405454  0.45468034863305717  1.00000000000000000
  0.00000234397723023  0.00000265193228333  0.00000291501189161  0.00000319146760426
  0.00000347255523550  0.00000375414625023  0.00000404006279257  0.00000432795989996
  0.00000463772195386  0.00000496010852816  0.00000529114748745  0.00000566693708496
  0.00000602347955542  0.00000641561829262  0.00000684003860259  0.00000728340993825
  0.00000775070925021  0.00000825642329444  0.00000876368549014  0.00000930182354928
  0.00000988321422211  0.00001048252431971  0.00001108283374050  0.00001168880442505
  0.00001230508901202  0.00001297002682660  0.00001367759274498  0.00001445412470049
  0.00001530157982079  0.00001619147968732  0.00001706898730272  0.00001795931553387
  0.00001888059436953  0.00001983274411586  0.00002082660271520  0.00002187818522543
  0.00002297948598214  0.00002408959115469  0.00002522442367687  0.00002637471070349
  0.00002750861020945  0.00002871816013352  0.00002997634642677  0.00003130642025058
  0.00003270262059532  0.00003415642462914  0.00003568578284428  0.00003732000282390
  0.00003904069821908  0.00004081747141114  0.00004268451276524  0.00004461673095807
  0.00004643393666714  0.00004844303429016  0.00005058679339445  0.00005288869796373
  0.00005545048094130  0.00005822707023410  0.00006114006806524  0.00006414470412113
  0.00006732879356766  0.00007079434450669  0.00007456922280251  0.00007861551765635
  0.00008286842854937  0.00008734655255508  0.00009214216629045  0.00009753048860920
  0.00010335408899086  0.00010955431645915  0.00011627393814902  0.00012352437144006
  0.00013131174168340  0.00013971488694524  0.00014884192829275  0.00015899599623640
  0.00017082994088089  0.00018458124384359  0.00020081765042435  0.00021965365284649
  0.00023988597117544  0.00026199883972009  0.00028748238231985  0.00031830675939379
  0.00035481958471506  0.00039991676890730  0.00046002721555254  0.00054114700661124
  0.00064342246065591  0.00077846100845647  0.00099671360076122  0.00146279898167474
  0.00236344841458866  0.00629638064229700  0.09888671111073694  1.00000000000000000
 -0.00273223125650839  0.00993877302704056  0.02045880217204125  0.03059271623795876
  0.04095192004269555  0.05198605833553929  0.06310162989076519  0.07434838432186394
  0.08594508403683616  0.09861278031179474  0.11079520638663705  0.12231969464865687
  0.13307840855210401  0.14368147461807990  0.15397871814696285  0.16414899883074491
  0.17468289270665655  0.18589833047736398  0.19787917371029037  0.21020758789669111
  0.22192653569764373  0.23268311674060982  0.24295505563071473  0.25310202540985832
  0.26342669491667370  0.27413644166346135  0.28495759548585764  0.29588291067492745
  0.30686591387562701  0.31777002859026365  0.32855003061181837  0.33896811986512804
  0.34891100151059040  0.35888086179686940  0.36881022189735352  0.37862959113527955
  0.38821952419165495  0.39764531445018969  0.40704561193113731  0.41642261325107122
  0.42572443909676488  0.43480486380062633  0.44398873120995802  0.45348541909153794
  0.46293176583030932  0.47254469803210891  0.48254244743816088  0.49298690520049526
  0.50368634797977674  0.51478586587768260  0.52597116668593857  0.53721258619109347
  0.54834583860435671  0.55948032890025978  0.57071568681655882  0.58182132703723888
  0.59220597068636260  0.60256056087509624  0.61278301113504952  0.62276418806673584
  0.63239801180416222  0.64219914356177465  0.65220302285685705  0.66240763117497714
  0.67276271343862870  0.68358622987555284  0.69420035298840110  0.70479586280407569
  0.71565376189331398  0.72688388654683112  0.73795955402066193  0.74920095164552802
  0.76079103762354150  0.77277104409301889  0.78458186553023890  0.79599984087473630
  0.80685695416133008  0.81725194588626060  0.82729500114073362  0.83729415368887861
  0.84714746941438890  0.85713273872451701  0.86689693841715387  0.87681243752467730
  0.88723878948265056  0.89783605939611699  0.90853209725749984  0.91945802045315528
  0.93046955803467013  0.94136919034653088  0.95192003946353421  0.96155687527541822
  0.97085536161855956  0.98008475327484135  0.99004547903860551  1.00000000000000000
 -0.00232663356177465  0.00924399016695343  0.01904901092581221  0.02991303794401778
  0.03997954570796453  0.04976151449481404  0.05940195045427309  0.06992283619226633
  0.08090016317380336  0.09139671852200207  0.10135227304003921  0.11110259890838094
  0.12094682896094451  0.13079350464621584  0.14064606114754402  0.15088302609417140
  0.16118957306481949  0.17145625714211157  0.18157460885686902  0.19194430177425686
  0.20195636036782991  0.21287676442213604  0.22366804888667119  0.23446601297938391
  0.24481160535131410  0.25534030277385183  0.26616178921003708  0.27677716617197917
  0.28722977763939234  0.29621088268630835  0.30473715982395599  0.31377967402403956
  0.32376698290064959  0.33421394746063254  0.34461091562310631  0.35496216999215463
  0.36605721130739205  0.37729505305054062  0.38854327802569372  0.39971841843683786
  0.41109283556313925  0.42223639024999898  0.43345690845992008  0.44480712960695468
  0.45643711925345770  0.46798379118091810  0.47903392368490666  0.48948865886290199
  0.49977360647191382  0.50963882309755681  0.51900240883333848  0.52839732232623837
  0.53848033124832184  0.54987979824475430  0.56178472877413055  0.57372094052810907
  0.58551075915530404  0.59688422477171776  0.60821237195069588  0.61935217704703815
  0.63076593767267886  0.64232083844928678  0.65317528411203984  0.66397552337091337
  0.67499910815144826  0.68615427145680874  0.69666924689714271  0.70677742801267118
  0.71702311483059000  0.72759707307105237  0.73845778115264760  0.74951022674930734
  0.76084944615208150  0.77207663095041534  0.78333243508781247  0.79451541864205022
  0.80551794785600994  0.81657076998779021  0.82750079516149122  0.83781752837374224
  0.84724866820344169  0.85672295503726292  0.86685551585889131  0.87729097983302140
  0.88730524112182407  0.89667423485484365  0.90610426067189664  0.91561410404737720
  0.92486231912704109  0.93383910765972433  0.94347301383331594  0.95442458242165684
  0.96542430343053298  0.97753292478407960  0.98884563231481359  1.00000000000000000
 -0.00275899488467468  0.01015099180035322  0.02097498084117425  0.03201823991334080
  0.04318684966848178  0.05449600092195143  0.06519508842245138  0.07512775592375873
  0.08462511340611216  0.09380512189828487  0.10169427442535164  0.10962869677382635
  0.11764456600035141  0.12663542119707252  0.13668250241863053  0.14734915504636034
  0.15844076068530405  0.17001083444347720  0.18151554941489187  0.19242190617802482
  0.20294671578232312  0.21363191885482713  0.22479455362385645  0.23581822290303783
  0.24647578719784469  0.25681999687573420  0.26736496636045565  0.27874981501621321
  0.29075194391551118  0.30237255014855291  0.31328891964552991  0.32416415051714809
  0.33553638613768527  0.34623824970086037  0.35746553222276778  0.36874588397522923
  0.37995804806719630  0.39100161955316437  0.40178169124797625  0.41230228226665366
  0.42280663926320416  0.43360522742191021  0.44463558281918109  0.45595623180032979
  0.46682610242493228  0.47876927554194226  0.49100821718964272  0.50256489292234030
  0.51386096327886210  0.52450228553293943  0.53511247629291614  0.54559101353318828
  0.55577805207041941  0.56690911896040252  0.57803192175169993  0.58871085934501133
  0.59919983316957037  0.60989477144097326  0.62069773068001655  0.63053805220963932
  0.63929003627521774  0.64788425631249635  0.65679565609928370  0.66684783410542980
  0.67808373766335894  0.68924569786075351  0.69954479705419537  0.70952446979088291
  0.71952641793848282  0.72987240249925189  0.74029676885137352  0.75038194066146102
  0.76015154737442914  0.77020237751252341  0.78064249922291684  0.79140551940993642
  0.80162579019583735  0.81133778531421075  0.82158021091256050  0.83290917019994326
  0.84518859257114587  0.85625925091689703  0.86621714686601148  0.87577546862583977
  0.88580874841819246  0.89644579512792733  0.90718605580795852  0.91764313188802182
  0.92848470667083638  0.93916786698911936  0.94954965563804683  0.96002425998677321
  0.97041631087609304  0.98042704529585867  0.99038938331296156  1.00000000000000000
  0.00004875167517811  0.00013481856265452  0.00046700233806437  0.00092271644671027
  0.00143327039628148  0.00182666325920423  0.00221509751009327  0.00264130987062394
  0.00308344690420954  0.00354358971492127  0.00401923944155108  0.00450875986943858
  0.00500876168763087  0.00550751029948330  0.00601169712148901  0.00651590451877128
  0.00701868798352891  0.00752238821200747  0.00803082596650847  0.00854667306519493
  0.00908056816710075  0.00963580190206021  0.01020491801440421  0.01079180798174156
  0.01138865583072823  0.01197961037618538  0.01256959489854159  0.01316963815949130
  0.01377334910965085  0.01438746754798792  0.01499730179791910  0.01562169276659616
  0.01628065750998291  0.01696889031566900  0.01772671170038326  0.01849375386358843
  0.01925865992367409  0.02002776339711967  0.02076859067886088  0.02151718265463567
  0.02230233156391454  0.02309623129749512  0.02386933461117990  0.02463015242544314
  0.02539186327694799  0.02620209040898139  0.02700749472200476  0.02776067959340701
  0.02849725250401411  0.02923866188472172  0.03002126144492253  0.03085273583378498
  0.03170832911329902  0.03256426545441871  0.03341865068055390  0.03430105625363829
  0.03521528144259693  0.03616737188892360  0.03714761137130430  0.03811991440606488
  0.03908596893410479  0.04003713648399559  0.04097743917262155  0.04193168006984509
  0.04292483799906604  0.04404686855405354  0.04520972149773151  0.04642414077684146
  0.04764100620200798  0.04884707692137763  0.05013543221613438  0.05144765100058842
  0.05311511265082972  0.05454325355043542  0.05595132441502022  0.05745050618210216
  0.05919434543253753  0.06096084512081967  0.06289281800015833  0.06501916897950472
  0.06729043910271089  0.06998656788901658  0.07253169355789377  0.07475077730739939
  0.07703566103065562  0.07964061483106907  0.08401455858821569  0.09186219492033304
  0.09931344569693976  0.10645062765545282  0.11505290362112101  0.12404062634611654
  0.13658054257369609  0.16890476126518303  0.36492553488498841  1.00000000000000000
 -0.00330036664696804  0.01276600583145321  0.02500852177444344  0.03752584362367495
  0.05026894815079940  0.06391636461197811  0.07657371546572382  0.08877583242756115
  0.10101915914570719  0.11292018333711648  0.12514135055563508  0.13822511463690049
  0.15187101053984720  0.16552537569583661  0.17867112998561754  0.19182864743996281
  0.20464131258621809  0.21688155259608638  0.22885481831663376  0.24037782194035975
  0.25143439858085692  0.26235305525451508  0.27291728435563473  0.28325252533610507
  0.29351444171120344  0.30397753647237513  0.31378056164279849  0.32280126641411322
  0.33202031018626565  0.34204564129424408  0.35202751842462537  0.36182571727618479
  0.37129984762448531  0.38086654820584781  0.39108696984381014  0.40061127350441339
  0.41041434240694791  0.41982708907295546  0.42895411650059057  0.43775911208004220
  0.44677599311466032  0.45603906546508527  0.46542358961688562  0.47472660969717362
  0.48394501363443038  0.49338841419215018  0.50300193432721430  0.51248589595198590
  0.52209037147430815  0.53151010774340435  0.54020701217579714  0.54862379894838265
  0.55690071117826478  0.56555192239561736  0.57466666431543512  0.58389051547549631
  0.59325116130072497  0.60278666413446846  0.61258262712837397  0.62267032221070218
  0.63299607313244932  0.64350471556391653  0.65343744310074559  0.66339412472765424
  0.67278954875328356  0.68206902769539823  0.69156801760645792  0.70139793056358823
  0.71157495412843774  0.72136982060417409  0.73099220650550290  0.74113158337859864
  0.75083640110393080  0.76131932218052922  0.77198530835385071  0.78312736799869187
  0.79424309951202754  0.80517852784354538  0.81585166451576119  0.82618357282390054
  0.83656267770650494  0.84715383394740140  0.85774832664480694  0.86880404672645639
  0.87916827253363772  0.88899309307092333  0.89939780164830552  0.91035119612869075
  0.92132370846805944  0.93227800684443130  0.94405573988606728  0.95605438918919183
  0.96766108725442190  0.97882001711448363  0.98969758166877730  1.00000000000000000
  0.06459486694981953  0.21861608292072568  0.32763575995590083  0.40921584144900885
  0.46951655493974132  0.51860544908466555  0.55927504212642631  0.59433351477870910
  0.62581772112166389  0.65332934554375544  0.67748294739470349  0.69893754603031277
  0.71843667263222866  0.73626179092905841  0.75284894369648570  0.76783336556951276
  0.78151114609615280  0.79403350280603502  0.80565941947105835  0.81651478325072480
  0.82667363742565059  0.83620106010703954  0.84501342462298468  0.85341889023915773
  0.86109975848960674  0.86813883404075631  0.87474803858195238  0.88091349225865490
  0.88670273912261943  0.89215945601666746  0.89723046164966702  0.90188445107853021
  0.90630251208384005  0.91060442035903810  0.91472083832991558  0.91864893570155348
  0.92233953910523891  0.92576847650136651  0.92909275001999636  0.93231793216164260
  0.93536553368486364  0.93816985284095800  0.94074973141421292  0.94321625349171401
  0.94562631248812279  0.94796699005051877  0.95024508126405915  0.95252210892640621
  0.95479449019773188  0.95692911231531497  0.95887985136143539  0.96064177046811117
  0.96226052536453255  0.96386159797239945  0.96540213857076129  0.96687936034462618
  0.96828184064999312  0.96967293826581380  0.97103715411240576  0.97233415735671958
  0.97355705772174606  0.97472366220445339  0.97584440447466614  0.97692354245991597
  0.97796729183154063  0.97898308837579984  0.97998127025639703  0.98094962172296107
  0.98188397175561415  0.98280993064772204  0.98370802370052157  0.98458096859576261
  0.98543248366044744  0.98625760114202077  0.98704535476451949  0.98779861145731207
  0.98852588999210789  0.98922929551589578  0.98991995334577410  0.99058520506162084
  0.99119375083021077  0.99178513546289804  0.99237000810175879  0.99294720231404210
  0.99351325386794365  0.99406361188911208  0.99458590568066307  0.99507929702460640
  0.99557460414211119  0.99607892242316154  0.99659214169248378  0.99714107105656991
  0.99773248391617908  0.99838729065089660  0.99914674848872109  1.00000000000000000
 -0.02181890168981768  0.10822819036830034  0.14798263334236059  0.17366398428460086
  0.19426089502048455  0.21212756455032034  0.22797268988117025  0.24224040848842890
  0.25531856210866893  0.26765315906079468  0.27830901219610821  0.28863988731715140
  0.29733627250357220  0.30527357213889955  0.31315312174425614  0.32129127061361357
  0.32997726264299410  0.33868140339440839  0.34715477148179130  0.35529040371237236
  0.36305461430249863  0.37062167661524431  0.37766003773866486  0.38433589783104244
  0.39102592416149601  0.39802273942311567  0.40500438857532695  0.41167508591937829
  0.41800745364363423  0.42426388996313225  0.43051666112945364  0.43693914644810972
  0.44376735971959941  0.45081410426252916  0.45787053130177352  0.46450129267538887
  0.47101935361788655  0.47759109197458832  0.48437248197266652  0.49121918017708621
  0.49778765566990024  0.50395670847017726  0.50975710330302348  0.51621864603799861
  0.52248592778696534  0.52840267589389200  0.53430550597955706  0.54045480367882215
  0.54675273742584740  0.55306049723076456  0.55924889453759574  0.56537399743664718
  0.57170552027879229  0.57814161716355217  0.58463560340018683  0.59104060994217489
  0.59737206153098932  0.60343572868833872  0.60929229998465295  0.61514394579965570
  0.62135124974428046  0.62766006414099618  0.63360093434927056  0.63942282511325754
  0.64532160722646470  0.65132932482508721  0.65732274280359060  0.66304848961081875
  0.66869720241973951  0.67457037098558703  0.68077118886539922  0.68715281618846169
  0.69363772401789103  0.70013362625354270  0.70671003848190472  0.71334208381638731
  0.71997073452361460  0.72644454532673663  0.73302882630267108  0.73988976046658894
  0.74711983548681860  0.75429705909964151  0.76128715925411095  0.76823827242243903
  0.77553399874604789  0.78337570831200520  0.79223683529234590  0.80201527084966739
  0.81229713462171449  0.82353624677230441  0.83614119322508329  0.85032452774095946
  0.86661327638493313  0.88684403164258774  0.91895315127362864  1.00000000000000000
   1.1944095744166465E-009  -1.0000000000000000     
 F F F F F F F F F F F F F F F F F F F F F F F F F F F F F F F F F F F F F F F F F F F F F F F F F F F F F F F F F F F F F F F F F F F F F F F F F F F F F F F F F F F F F F F F F F F F F F F F F F F F F F F F F F F F F F F F F F F F F F F F F F F F F F F F
  <DiscreteSampler_grid>
  grouped_processes
  1 # 1 for a reference and 2 for a running grid.
  10 # Attribute 'min_bin_probing_points' of the grid.
  1 # Attribute 'grid_mode' of the grid. 1=='default',2=='initialization'
  0.0000000000000000 # Attribute 'small_contrib_threshold' of the grid.
  0.5000000000000000 # Attribute 'damping_power' of the grid.
 # binID   n_entries weight   weight_sqr   abs_weight
    10   10   2.603470123500310E+002   1.938520850008390E+005   2.603470123500310E+002
  </DiscreteSampler_grid>
