  0.00882646042804134  0.01771354108596885  0.02756401659913074  0.03788442726334428
  0.04799458243430891  0.05887806968810078  0.07050681337006053  0.08191698847783520
  0.09287301109700724  0.10329749880132758  0.11351587476693889  0.12366246308787708
  0.13370258614988406  0.14397218150456509  0.15496503408934029  0.16665062200085212
  0.17844712764240026  0.18993235904733394  0.20074836452861139  0.21088436271811811
  0.22081214245448569  0.23113457170242749  0.24202264195874160  0.25341643443150169
  0.26517233033420801  0.27659688328406373  0.28742820508616829  0.29811898636205908
  0.30889666219793266  0.31962292652099555  0.33021460674350789  0.34142279278576493
  0.35323650286015079  0.36560700792654843  0.37841337812992609  0.39015210464694255
  0.40119734172796229  0.41159386725009905  0.42190136796555744  0.43233169632947999
  0.44262596536660243  0.45272724765430278  0.46243885435926757  0.47207062529476551
  0.48139795801531088  0.49092007772426077  0.50069580368685174  0.51091969791820546
  0.52085024685641756  0.53041622398233534  0.54006566480782159  0.55004052014447002
  0.55988763757801863  0.57062424897910247  0.58188958612128971  0.59285134658362737
  0.60352312792559237  0.61358094679705300  0.62420166659260501  0.63446561450559136
  0.64448936383372901  0.65363581758271649  0.66281407174576157  0.67233295549607119
  0.68248097309724720  0.69255607042175016  0.70301472691139955  0.71390630764479757
  0.72488702685240325  0.73566199292164192  0.74630688421459024  0.75607425435383979
  0.76512638224524465  0.77411139382865524  0.78292080176958878  0.79136550500975789
  0.79973216104752309  0.80844520313804147  0.81801166207861842  0.82884547410734188
  0.83925595786659779  0.85025646680657208  0.86092188316464358  0.87109793707461358
  0.88115592177482605  0.89117045001792272  0.90116983064751943  0.91129799072173712
  0.92160342255286254  0.93215095328837483  0.94284647959872614  0.95350116686685915
  0.96453744602604063  0.97543280085658124  0.98774722498989709  1.00000000000000000
  0.00000265832325658  0.00000275245525496  0.00000283994700998  0.00000293031953072
  0.00000302433218517  0.00000311656786542  0.00000321524778407  0.00000334638421336
  0.00000350850270402  0.00000368090812610  0.00000387132448492  0.00000408245457012
  0.00000431059558111  0.00000454875189731  0.00000479329453130  0.00000505001102271
  0.00000533190106139  0.00000564186853044  0.00000596839578066  0.00000630393083660
  0.00000665735047717  0.00000703771679019  0.00000744412863884  0.00000788205751535
  0.00000836338243697  0.00000887041049876  0.00000940693470820  0.00000998904930280
  0.00001058949027208  0.00001120907204265  0.00001186975976207  0.00001258946124945
  0.00001334330017269  0.00001411945151892  0.00001492633126615  0.00001575431745945
  0.00001658445238529  0.00001744979340219  0.00001838272185957  0.00001935541327677
  0.00002039989098693  0.00002150488077268  0.00002269288902080  0.00002398870635238
  0.00002537506624981  0.00002682511856943  0.00002837082304817  0.00003000135677909
  0.00003171662163270  0.00003350943328538  0.00003539861638971  0.00003742705650780
  0.00003959464945490  0.00004190009212990  0.00004433579799104  0.00004674881752495
  0.00004915477792194  0.00005157125615859  0.00005406254454811  0.00005679035532978
  0.00005986159372318  0.00006318150484918  0.00006685260762131  0.00007085486422365
  0.00007509760614352  0.00008000857907638  0.00008526492872048  0.00009093250910953
  0.00009724889213256  0.00010411599338084  0.00011162968601158  0.00012000810543460
  0.00012894686348126  0.00013877076121756  0.00014972903174930  0.00016225082675306
  0.00017695390104363  0.00019352753089110  0.00021243607054978  0.00023612828074621
  0.00026530778357870  0.00030323981879013  0.00034904451476302  0.00040850119285691
  0.00048199570442763  0.00057182600260685  0.00068229509113941  0.00085344194285303
  0.00111501936337456  0.00149328065864797  0.00221784875337978  0.00383928126155509
  0.00816550983945105  0.02535221092855403  0.16861504440746961  1.00000000000000000
  0.00000238129028275  0.00000262424126207  0.00000286011043259  0.00000310403274433
  0.00000336444770434  0.00000363050978118  0.00000393226844680  0.00000424450640997
  0.00000458100679088  0.00000492165966537  0.00000531908719546  0.00000575924648884
  0.00000622100181016  0.00000670265618404  0.00000721554407258  0.00000770684221476
  0.00000816852194674  0.00000863488293733  0.00000914539048616  0.00000970006387529
  0.00001025998993334  0.00001081381684788  0.00001137170972969  0.00001193316324233
  0.00001253718449135  0.00001320383973834  0.00001389108588230  0.00001462660837183
  0.00001539919820315  0.00001621539312107  0.00001708161004324  0.00001807814853643
  0.00001907149906346  0.00002011225306347  0.00002118554204441  0.00002228800636476
  0.00002341683210820  0.00002458155724964  0.00002585250102697  0.00002713399751222
  0.00002845955276440  0.00002992530996723  0.00003151652940841  0.00003313376173471
  0.00003478366570130  0.00003651186558999  0.00003828538638586  0.00004005357655672
  0.00004197282061610  0.00004404022520741  0.00004628291934280  0.00004868854560324
  0.00005113598695588  0.00005353235153111  0.00005600015146889  0.00005862193853007
  0.00006141280428288  0.00006433242772398  0.00006754916300437  0.00007113917997972
  0.00007468734945135  0.00007870908505948  0.00008317703310404  0.00008795673184927
  0.00009284658301688  0.00009796094913217  0.00010366834667884  0.00010981808158513
  0.00011665593305706  0.00012414613033232  0.00013215820917027  0.00014099612021764
  0.00015093365175092  0.00016198052553107  0.00017415857988174  0.00018759801257524
  0.00020238417367974  0.00021953925734765  0.00024060794731660  0.00026627347851279
  0.00029672721436851  0.00033240545547359  0.00037372390608886  0.00042363271092823
  0.00048440348305447  0.00056135851006285  0.00067045518280323  0.00082322745685138
  0.00102517583098863  0.00132404778750324  0.00187441443444812  0.00302733326913313
  0.00576358824921133  0.01253608853049547  0.23716384313429315  1.00000000000000000
 -0.00265049020555756  0.01004564759497935  0.02098592646533877  0.03119164539824084
  0.04158207124889021  0.05179781507775002  0.06230698527640118  0.07296652017251457
  0.08406164399351611  0.09532057753321714  0.10626587606240979  0.11678742166484803
  0.12734952839308625  0.13826977397732262  0.14999313018782051  0.16152238381234330
  0.17272812870373605  0.18341728486521677  0.19386958003131782  0.20463509471529093
  0.21566402408679047  0.22660692156050116  0.23665696319646193  0.24591729391307168
  0.25514266194438529  0.26449931470391436  0.27347866633513507  0.28226062364011772
  0.29126550621920733  0.30302496652888622  0.31520135565803498  0.32702441318549291
  0.33842045259017650  0.34922478475297386  0.35969924020941724  0.37028081549066966
  0.38153593207033398  0.39274706505799473  0.40313172221440319  0.41310616140918649
  0.42313639781333745  0.43388380552496497  0.44462806583331999  0.45554395937138598
  0.46607806573967475  0.47637628033751539  0.48655470430492365  0.49697704868248299
  0.50766503909216865  0.51871002608693229  0.52972559860291890  0.54043983971717613
  0.55111648318012973  0.56198357249450848  0.57324665558163368  0.58403082432715092
  0.59346402184707303  0.60297003488296663  0.61263684809078844  0.62274811706720112
  0.63321839420702131  0.64337548018961233  0.65389234113378847  0.66495223360165712
  0.67533864781543740  0.68545521668961462  0.69622097024214125  0.70719541431512944
  0.71813432402549127  0.72885451058167905  0.73995498846443009  0.75090459096781292
  0.76132276093166873  0.77180008934771249  0.78256837950552305  0.79432518457529122
  0.80591329298671854  0.81731545417075768  0.82808168726796605  0.83795794839237803
  0.84731553178381103  0.85723152951895454  0.86743219258723581  0.87816280250364120
  0.88840810676336812  0.89790651211140970  0.90737510013925315  0.91772588432246383
  0.92882269619545010  0.93976097319683494  0.95035046304397930  0.96073243590981106
  0.97091209116301935  0.98130357209295693  0.99076831516191610  1.00000000000000000
 -0.00272708048870929  0.00982846046607622  0.02087676431148985  0.03184924587458762
  0.04344294134550754  0.05533163732874916  0.06685084470052811  0.07767259432754947
  0.08817687207449020  0.09848595710365096  0.10859962604997880  0.11901577429196730
  0.12983015286649258  0.14088036313416344  0.15179632351769190  0.16226372978526740
  0.17213936096117780  0.18182900689761727  0.19170937216148873  0.20243708526068385
  0.21386980713367254  0.22519638988640267  0.23651002959204426  0.24804765929895367
  0.25967577473519426  0.27118439770199837  0.28248883893791255  0.29370733370101254
  0.30488939307641416  0.31612241034642258  0.32745517257275619  0.33865158695143666
  0.34936741539639160  0.35928490786901368  0.36879743821723387  0.37877487903724938
  0.38919925275653444  0.39989121972212521  0.41055533388349719  0.42146998894165016
  0.43277101427799597  0.44409378203098571  0.45536404598111413  0.46636820489341096
  0.47703830329313007  0.48766186250133564  0.49863060422344258  0.51010629548055431
  0.52127783602929689  0.53214940997614268  0.54291465619647827  0.55333150650306984
  0.56336874608377863  0.57319240247085601  0.58306662970840506  0.59362842793275616
  0.60472662125689269  0.61619848302873348  0.62751354868094777  0.63796468437457521
  0.64721830648984602  0.65636699003610921  0.66569296752569007  0.67550969141765216
  0.68548899696480536  0.69574259793030491  0.70640615178882005  0.71689309799661649
  0.72688762460844025  0.73670341259040628  0.74647144749782501  0.75637507496559175
  0.76677971406239120  0.77815094136462282  0.78928324115945359  0.79890759919220367
  0.80822672303832899  0.81787444523910025  0.82745824518910327  0.83679489618686320
  0.84605406009025586  0.85548128994140005  0.86567015521139923  0.87619872200206106
  0.88679739495916809  0.89730375401711282  0.90724469925922713  0.91772600365896473
  0.92822048042385963  0.93832590662375426  0.94828762764693719  0.95847723262168150
  0.96924750762994116  0.97968800450712257  0.98994110770549038  1.00000000000000000
 -0.00234386325897449  0.00922514476945731  0.01933520485376110  0.03026826702725480
  0.04079445785761220  0.05124130486219670  0.06157029018339468  0.07207044211529080
  0.08355158449900071  0.09358665915526249  0.10409634909920958  0.11419493249874356
  0.12406406112775419  0.13417036629480053  0.14443083012321720  0.15528928538154282
  0.16553865247248531  0.17495474423993984  0.18410674010605454  0.19322527443940621
  0.20247899352165810  0.21219928448927453  0.22207145442153289  0.23204668306164158
  0.24222059081359687  0.25250516367612125  0.26269141107447697  0.27307007152493157
  0.28341637673892461  0.29427378325227488  0.30547664197341973  0.31665281163638370
  0.32776182959779371  0.33895623669390340  0.35034602856690916  0.36191442756146497
  0.37346164275193827  0.38448272362444424  0.39515535710683281  0.40516213185351474
  0.41585956003325397  0.42692053448408762  0.43807859155647538  0.44838811058564310
  0.45915757814547731  0.47041099607377168  0.48227891800306366  0.49371008516998527
  0.50397357214632821  0.51447346390862525  0.52431766294119853  0.53524314969312625
  0.54574657926031012  0.55569258187834547  0.56553020336105064  0.57630336438922536
  0.58662632508810142  0.59634408994525234  0.60622772556829407  0.61607047510949287
  0.62592700227566678  0.63546770781075634  0.64483962858033650  0.65555321267392597
  0.66733917302815027  0.67906089629391753  0.69031872241346393  0.70091996253591882
  0.71111241837051020  0.72145414890389670  0.73194126157789829  0.74269741871927986
  0.75372445211467409  0.76452058888366037  0.77488799434034461  0.78507230154482732
  0.79525426298096979  0.80571037072299700  0.81647106846109585  0.82792146833922353
  0.83964029914672567  0.85079077087122501  0.86143389250125446  0.87190138696070862
  0.88247870933152517  0.89348932254388180  0.90422411746041376  0.91532987034481816
  0.92664347681962767  0.93855930555017952  0.95021559929151111  0.96140475131795744
  0.97127034569503357  0.98065374164159136  0.98982175253025451  1.00000000000000000
  0.00003490225448112  0.00014423577575045  0.00048760395618710  0.00096800090410160
  0.00153431373459293  0.00197569149331454  0.00238257311374401  0.00283617471039491
  0.00330482412386189  0.00378117096054826  0.00426430559926895  0.00475378038408525
  0.00525417652429552  0.00577113215938367  0.00630560035803426  0.00685640815838543
  0.00741549244140972  0.00796241210770392  0.00849878797954134  0.00903496224522722
  0.00957690936846279  0.01012310764013787  0.01068075083378449  0.01125210707065080
  0.01182490582238089  0.01241235672532896  0.01302346554998950  0.01364315794126981
  0.01426376126763139  0.01487890460967842  0.01550155116003301  0.01614254773770347
  0.01681006071930854  0.01749904638279895  0.01819579032003141  0.01891395330930751
  0.01967869892512031  0.02045257133352790  0.02125689324518893  0.02198595195956374
  0.02268793140083298  0.02337726548183535  0.02406962223564006  0.02474009256850638
  0.02541511431095800  0.02611343005081969  0.02683237380457493  0.02755404461986454
  0.02826244716964845  0.02900602118973682  0.02973837849357604  0.03048583661949996
  0.03124911865101209  0.03200784147313319  0.03278894568999360  0.03359709786339932
  0.03442870379551023  0.03524490228756939  0.03605919413260535  0.03694122282412686
  0.03788389719857713  0.03888174060743655  0.03992268019649018  0.04103521710942570
  0.04210507865518584  0.04315157847279302  0.04425345190446576  0.04554735769565547
  0.04692489641601655  0.04837726690945451  0.04984767565460359  0.05131684497835350
  0.05286126064685283  0.05448113952809220  0.05607439443696786  0.05764359906351851
  0.05906789309052098  0.06057869241398878  0.06210283050165372  0.06379975232576419
  0.06579183931716440  0.06765717713285628  0.06965505478416464  0.07203296276359764
  0.07457017085519492  0.07758908430643006  0.08062164460562643  0.08405429114036360
  0.08867811964881957  0.09399062916639944  0.09985169400284784  0.10727732761801105
  0.11766863163465659  0.14396124417798672  0.67137926417824290  1.00000000000000000
 -0.00213691926957976  0.00871465156011238  0.01970903054093974  0.03127427848083122
  0.04358628774172450  0.05594281532688899  0.06757322164869257  0.07915348449132804
  0.09001743530533099  0.10155884718027462  0.11308797461782999  0.12428879726816534
  0.13480044503092373  0.14453789497079947  0.15439654873630501  0.16473577902739481
  0.17563940792011207  0.18709337048860952  0.19859045981357712  0.20967205890119150
  0.22023512111364460  0.23096379946732082  0.24235837029808269  0.25316614974907675
  0.26396305736698095  0.27449074995770389  0.28530139547233879  0.29652924322016155
  0.30772904135368534  0.31795420378579908  0.32750080942425497  0.33699355299047240
  0.34652797964088172  0.35551534148630104  0.36402280667980907  0.37252491600412813
  0.38253638395599332  0.39270475955994710  0.40226158658943201  0.41142997726078712
  0.42093939419563786  0.43098476906346184  0.44128372050514547  0.45161125545172964
  0.46162574525293931  0.47168711966709070  0.48169319964157165  0.49122315545908746
  0.50027360783580321  0.50922951283428441  0.51834476346282643  0.52752559241286057
  0.53633052913235868  0.54488211269361198  0.55358689344689327  0.56256283180329003
  0.57232620046163174  0.58266744965120976  0.59354900925313181  0.60438624873203783
  0.61490060123321222  0.62547539789830908  0.63638156911445365  0.64703143561609533
  0.65661047251363058  0.66579585788183726  0.67527484708287056  0.68484640641695294
  0.69409639780299304  0.70307618848741749  0.71284135374384039  0.72354483146136417
  0.73414838807185545  0.74426967824301726  0.75510735387571526  0.76589494585842188
  0.77600370198608948  0.78585737185442650  0.79601588757297048  0.80756562539627297
  0.81988000102221881  0.83299390226988990  0.84567906977734342  0.85777431404612769
  0.86955646214057813  0.88190120505533942  0.89491054047831975  0.90719208888937242
  0.91888332058498656  0.93027035581024076  0.94235709227631470  0.95458386521407701
  0.96583893182656455  0.97698741970786585  0.98805627107763450  1.00000000000000000
  0.01048015719634137  0.22660146587102228  0.33289902306421471  0.41317401181876612
  0.47397579166387932  0.52354006180259638  0.56460303390923383  0.59995819431408326
  0.63135664840533934  0.65849174561504342  0.68227506786615122  0.70397116629237089
  0.72318557679394979  0.74031304356216243  0.75592081809705314  0.77011287736441014
  0.78317871230467029  0.79548204633163777  0.80701901965539091  0.81777833302565872
  0.82776232097901992  0.83697096086784328  0.84563119582217883  0.85401633919148412
  0.86161545284239016  0.86870754430239927  0.87544560900358848  0.88159884301480396
  0.88753090432574389  0.89308435620562554  0.89825590224418927  0.90305804056564531
  0.90759017773969874  0.91187634752592683  0.91584951391057701  0.91949125630630346
  0.92291601316101590  0.92620870765527585  0.92940302859169466  0.93248687421981158
  0.93546707862633016  0.93832870605340579  0.94097122535352951  0.94347581664064983
  0.94593081482889341  0.94830791148624249  0.95065914684580433  0.95292132732813428
  0.95511504297973526  0.95729327475823955  0.95920145295139803  0.96091365484689495
  0.96257910401322477  0.96420090043654461  0.96575166914302657  0.96722994623158076
  0.96864010404702705  0.96999915434313932  0.97133715814296184  0.97263789560958180
  0.97386303991873802  0.97502504276764546  0.97611380009089166  0.97717303665763955
  0.97824050895841252  0.97924956136180374  0.98022343499010078  0.98117053347909700
  0.98208762237507852  0.98298505011729087  0.98387510732454708  0.98473949104539460
  0.98555470307822890  0.98633422146799399  0.98708378593042745  0.98780951551179830
  0.98851514590333178  0.98920137558539079  0.98987242769448403  0.99052234610649159
  0.99114127125171148  0.99175073189003804  0.99235768819247405  0.99295724467894275
  0.99353423406944885  0.99409030643693308  0.99462415635866896  0.99514049946390282
  0.99564057156587771  0.99612134547514719  0.99663627986301306  0.99715674276902633
  0.99771409218925455  0.99835089213854133  0.99910049179091553  1.00000000000000000
 -0.02179675622648985  0.10553683617213493  0.14451818041651016  0.17026590498915065
  0.19084682231937899  0.20944953430301413  0.22604858261756378  0.24028942655245286
  0.25289840467604835  0.26453223467119985  0.27571969751204317  0.28600851221035500
  0.29573967595689088  0.30482516282234356  0.31362883345701925  0.32207025700448638
  0.33075197844464366  0.33930479333445684  0.34801578625931145  0.35638108204828800
  0.36379118785813219  0.37103081274219046  0.37826972758990779  0.38560806832319250
  0.39300286989933769  0.40032524633703498  0.40749403824854946  0.41452330140337318
  0.42105759655663300  0.42737972341383507  0.43391604065059175  0.44023481233381018
  0.44625000308094243  0.45227479957134903  0.45845977048738235  0.46496061485468360
  0.47127319392429334  0.47721203884792640  0.48309142649802062  0.48953550029523252
  0.49621956740654449  0.50292603403575631  0.50912193714918319  0.51507575826881002
  0.52099762802155269  0.52725075944683653  0.53349060773064083  0.53972437419835984
  0.54567254226265460  0.55132698362321353  0.55682568717344216  0.56214733821034668
  0.56785823037866190  0.57358046151777675  0.57921651791100381  0.58505572831367436
  0.59092009322098338  0.59660888059872952  0.60205683070005167  0.60766218757184720
  0.61348632586719598  0.61934981444152826  0.62558173652300952  0.63226495599355048
  0.63891906413764377  0.64539554218986406  0.65178428726139759  0.65774005565001004
  0.66400658458743178  0.67047288567245866  0.67736716907998396  0.68436593287035830
  0.69115453470425403  0.69783356314308220  0.70445773820086810  0.71119076927634306
  0.71827294503297812  0.72531318561171321  0.73227035061255941  0.73926281180596842
  0.74613601889776782  0.75299990655412730  0.76005185879250348  0.76771618432969535
  0.77608173126369340  0.78483857709234273  0.79388618037599745  0.80345662727956435
  0.81391335428700362  0.82524441184972386  0.83747382894537914  0.85109149017265251
  0.86731100460312194  0.88831427055144585  0.92058018951068388  1.00000000000000000
   1.1931630713663174E-009  -1.0000000000000000     
 F F F F F F F F F F F F F F F F F F F F F F F F F F F F F F F F F F F F F F F F F F F F F F F F F F F F F F F F F F F F F F F F F F F F F F F F F F F F F F F F F F F F F F F F F F F F F F F F F F F F F F F F F F F F F F F F F F F F F F F F F F F F F F F F
  <DiscreteSampler_grid>
  grouped_processes
  1 # 1 for a reference and 2 for a running grid.
  10 # Attribute 'min_bin_probing_points' of the grid.
  1 # Attribute 'grid_mode' of the grid. 1=='default',2=='initialization'
  0.0000000000000000 # Attribute 'small_contrib_threshold' of the grid.
  0.5000000000000000 # Attribute 'damping_power' of the grid.
 # binID   n_entries weight   weight_sqr   abs_weight
    10   10   6.933122661891953E+002   2.033439672759787E+006   6.933122661891953E+002
  </DiscreteSampler_grid>
