  0.00920087816524600  0.01627001135146448  0.02696342197685838  0.03783608035328058
  0.04919088258465942  0.06105821354731421  0.07338271241879461  0.08576156297751160
  0.09766113020078852  0.10872098274892478  0.11915051147665602  0.12947128886780479
  0.13970693288993402  0.14978574425499752  0.15960059691174872  0.16945815785846904
  0.17979695878612353  0.19073100950525551  0.20224936379593339  0.21364034190786313
  0.22467895574548141  0.23473216843537228  0.24476504337693947  0.25512057526273740
  0.26550725823883675  0.27505259032219287  0.28427785353044605  0.29424673559473269
  0.30449301168686771  0.31453078291731051  0.32381386425885023  0.33335048121322525
  0.34399930434817910  0.35538768509896529  0.36681857565655734  0.37763429322170872
  0.38719820739568428  0.39712312793002291  0.40680976348445003  0.41713718660433985
  0.42727048328816414  0.43729215336870786  0.44763655811108738  0.45890791824168509
  0.47018543166411220  0.48159460895935713  0.49244687804331483  0.50299535201071777
  0.51307111873845590  0.52309286883043538  0.53352257104889822  0.54430138263894601
  0.55439583507216805  0.56410327873737065  0.57320050165480352  0.58222203218170054
  0.59168773908560124  0.60038095516153356  0.61010113103831898  0.62110633271336868
  0.63324360383463629  0.64583960941763152  0.65801031432935686  0.66978289337996733
  0.68050291513196137  0.69107198070957199  0.70198382670458770  0.71278164931256860
  0.72352227300120320  0.73442841903042710  0.74592901551529955  0.75711477310487552
  0.76765936620671948  0.77731476955816925  0.78721681403613797  0.79725493858205509
  0.80683967047983340  0.81639439385172030  0.82605684230596077  0.83591118916976781
  0.84685195788516887  0.85776651656511349  0.86955712379301731  0.88019234397718582
  0.88920643213006678  0.89820052271183193  0.90689780017474908  0.91614519235417691
  0.92639460657518469  0.93689837401811960  0.94764106251409264  0.95875370709093699
  0.97051229764020841  0.98140603708013441  0.99126985426820069  1.00000000000000000
  0.00000235834780400  0.00000331523756663  0.00000436913111207  0.00000628798942998
  0.00000892462417344  0.00001237178960960  0.00001683041018039  0.00002241757559960
  0.00002866581365883  0.00003538811131509  0.00004306834185664  0.00005343627778166
  0.00006622907377064  0.00008063877377538  0.00009671136432149  0.00011634796344395
  0.00013868999010313  0.00016342707502695  0.00019102329923916  0.00022306906311033
  0.00025992574432246  0.00030037737122409  0.00034468926697082  0.00039419313237406
  0.00045146083985267  0.00051660448074354  0.00058688025877787  0.00066008044361934
  0.00073743446191343  0.00082217023232269  0.00091080208414850  0.00100527313735702
  0.00110287550566848  0.00120271485998479  0.00130208348342081  0.00141205417426116
  0.00153565316838540  0.00167003735223602  0.00181566651021218  0.00197198295100170
  0.00213792025655459  0.00231410869429928  0.00250974898708663  0.00273132063692750
  0.00296634501207049  0.00319815950158983  0.00344157049921762  0.00368362468328981
  0.00390703397387582  0.00413080598775244  0.00436391708026865  0.00461048186627252
  0.00486277029446422  0.00510851796466696  0.00537639766782130  0.00565490128338744
  0.00594673866771328  0.00623660788458862  0.00654866052069126  0.00689050478516706
  0.00725920845946827  0.00765278516339946  0.00804555321024006  0.00845351319013306
  0.00884806678501228  0.00921703093555047  0.00965151018437922  0.01018551125609715
  0.01074939469759832  0.01135509169743266  0.01196254637489480  0.01257600485608175
  0.01329464348150097  0.01424896216461170  0.01524967431332159  0.01614571994592730
  0.01717376459129367  0.01830292371366467  0.01945155200278964  0.02047989876213377
  0.02149708780058170  0.02269703811096356  0.02397891911282657  0.02524859258507518
  0.02639713918643421  0.02750314981663390  0.02882078610250896  0.03034394359428899
  0.03184374714024062  0.03306319803881377  0.04572968482992397  0.06086192847679102
  0.07899943468467406  0.09659866846204676  0.55019243883643476  1.00000000000000000
  0.00000208007650715  0.00000423280658635  0.00000664430816843  0.00000933755712080
  0.00001255422152783  0.00001661780022679  0.00002127810222350  0.00002651132022567
  0.00003273594285019  0.00003975756273538  0.00004806343601931  0.00005827725206154
  0.00007056120020102  0.00008426583126300  0.00009921655524921  0.00011567897348296
  0.00013392021033664  0.00015367561726311  0.00017503405105263  0.00019871698437119
  0.00022551090130360  0.00025561977889253  0.00028869710135691  0.00032461263691100
  0.00036316133418799  0.00040326151561895  0.00044745888582198  0.00049524605039250
  0.00054916718564979  0.00061505410006350  0.00067268909694828  0.00073460555324630
  0.00080339392804981  0.00087930079548247  0.00095808096425471  0.00103938191565991
  0.00112501790625577  0.00121721959373989  0.00131966649576052  0.00143124262541816
  0.00155360242939041  0.00168718168247753  0.00183400359602498  0.00199213050169471
  0.00215620062171024  0.00232399024160190  0.00249534245077767  0.00267686269864687
  0.00287186751396699  0.00306918439647516  0.00326312682947618  0.00348393382564085
  0.00372147281516625  0.00395990604245867  0.00420996649080925  0.00447642677718538
  0.00474884505452365  0.00502662108581252  0.00532730084294633  0.00564924947390944
  0.00597797543042288  0.00634545497577465  0.00680103293797969  0.00730048765661744
  0.00789240344032916  0.00859131947994002  0.00926473410501310  0.00986130671397956
  0.01038418469664185  0.01095650908702169  0.01165268578696539  0.01237508157408128
  0.01326672588674390  0.01417566881260960  0.01513688243377457  0.01635641534786298
  0.01757277458283047  0.01879336823690813  0.02005216056517925  0.02133727402369912
  0.02285346568387242  0.02464901031953572  0.02631411967804664  0.02777471915782537
  0.02876893250732322  0.03182042951222078  0.03510829476555310  0.03912550245364110
  0.04283690815682843  0.04615751932552561  0.04929743272172678  0.05272751532490946
  0.06105381897244139  0.07828212087320327  0.09585430498782603  1.00000000000000000
 -0.00246525157018073  0.00994760907699018  0.02068987615246292  0.03201885738518776
  0.04319869864569983  0.05455967341074191  0.06651559622192882  0.07825305666457680
  0.08975535809981201  0.10077696039240285  0.11127487250463491  0.12174593416199464
  0.13230869871106588  0.14256911545192755  0.15249742122860746  0.16236332456428296
  0.17311560518148958  0.18475650505797725  0.19621424242859950  0.20699229587568355
  0.21769280957602141  0.22793906719993748  0.23825753458176582  0.24862218483324203
  0.25863041881944043  0.26845199438489747  0.27815336592640283  0.28745903548005225
  0.29681244601340834  0.30630708487554098  0.31623476737421374  0.32722139692208424
  0.33775202897016721  0.34800800422208722  0.35831495728607693  0.36911798383805811
  0.37987565625767644  0.38974720713414673  0.39988784564522251  0.41038760275369929
  0.42113190084608382  0.43139683772445320  0.44144202631248114  0.45201094700649097
  0.46184040245308822  0.47171969551266302  0.48171410746216470  0.49293344468146216
  0.50444560766195412  0.51588433532153632  0.52685137318816666  0.53771620664033071
  0.54768182894034378  0.55680175575535473  0.56653790442969709  0.57653086144542420
  0.58655186379933100  0.59636589842737331  0.60589955505887305  0.61713748813370739
  0.62820955585206717  0.63902279204319767  0.64996892169905851  0.66062600817646344
  0.67099253955630944  0.68081701283925211  0.69086577991228637  0.70175184422985482
  0.71328186572251540  0.72488773378944804  0.73595410714553633  0.74669945978452523
  0.75730232904689498  0.76773972386291167  0.77773758345810329  0.78765599689043242
  0.79817695577890491  0.80909767328397020  0.81950492976905420  0.82933884935087832
  0.83933509521871874  0.84926038457209629  0.85919327090588982  0.86894285774532964
  0.87970676782808666  0.89074298665047702  0.90191476605518106  0.91338658027184050
  0.92440990895994590  0.93556567640788380  0.94600937056063195  0.95677312800007108
  0.96744369574318834  0.97748643177886085  0.98887703752721223  1.00000000000000000
 -0.00283634141505229  0.01042133817467452  0.02273530379102122  0.03462675058752676
  0.04601165435569873  0.05648853303879131  0.06688471518881615  0.07726987924089493
  0.08822848757446981  0.09971992878364991  0.11130935065107310  0.12298544968437694
  0.13456684316031794  0.14578761559888700  0.15640938324818207  0.16693742391581368
  0.17740447206044588  0.18789617366035252  0.19843273959266347  0.20914853648953327
  0.22017993408250708  0.23099958704550946  0.24130289347427480  0.25157109127850857
  0.26207456946519675  0.27242711011334431  0.28255667110302357  0.29285458306889200
  0.30335978272105169  0.31378482301166399  0.32380260943093742  0.33378525070593890
  0.34398310267189247  0.35430136060315670  0.36477150248251794  0.37521547896225343
  0.38546431042311985  0.39551059178643766  0.40554980951842928  0.41580885666711076
  0.42602521648302272  0.43615251405339217  0.44599682247346728  0.45593267565666390
  0.46570130167308438  0.47499426572856912  0.48368869231986911  0.49243840472861822
  0.50159186588208704  0.51158689702792692  0.52172785890206486  0.53229873955610696
  0.54379579070316131  0.55537516137846266  0.56627192313115382  0.57630478275560648
  0.58620793587973252  0.59680291350769954  0.60846758648326549  0.62059795153303565
  0.63179018548349231  0.64241056991511880  0.65277525071020370  0.66246188195009514
  0.67340934034354294  0.68422800508745363  0.69497921632681281  0.70600548522705742
  0.71656069547961287  0.72751199528703103  0.73806220242211662  0.74879352077508210
  0.75934743248802361  0.77006154307792696  0.78122678554838942  0.79284136089599033
  0.80425955155114304  0.81559735218416984  0.82706583760523744  0.83722829082805528
  0.84646371498767925  0.85606053274541249  0.86665715826525103  0.87689582874786565
  0.88666229491123827  0.89659563991090330  0.90719070929563517  0.91765313913528868
  0.92708068103015961  0.93690468882737932  0.94698684935420974  0.95687982109494074
  0.96706025245935934  0.97729988930333478  0.98840807706565403  1.00000000000000000
 -0.00151453570998500  0.00651236040367321  0.01524639176664909  0.02431085735121298
  0.03490774231767994  0.04538370707626732  0.05557177094739456  0.06588262966801575
  0.07638052667761890  0.08713004324741437  0.09761012185590984  0.10795160538426504
  0.11822130212098828  0.12829286232558559  0.13857989803209403  0.14945411736256908
  0.16026187419099544  0.17073616437920044  0.18077638131131046  0.19099396664529694
  0.20166572517262082  0.21251926861759504  0.22360140898399924  0.23420391402881077
  0.24500987051308407  0.25604582594210396  0.26778483084195703  0.27916529160890485
  0.29003915000065744  0.30104544032055025  0.31173934110986917  0.32226512615988190
  0.33317898084759018  0.34444663787379060  0.35541339277739975  0.36602512139949350
  0.37629234427652575  0.38696836721908656  0.39759190713464909  0.40825128043808101
  0.41863133696308008  0.42898813867765134  0.43935280079514344  0.45006956557201278
  0.46119721714305273  0.47288427702609048  0.48405583462952728  0.49470713044913017
  0.50498762371809713  0.51500793880369933  0.52532391000129264  0.53563238009168945
  0.54552956100106742  0.55506660344614811  0.56453283448439617  0.57433082964815485
  0.58424680323797240  0.59424751442658241  0.60459937030668087  0.61474665350292612
  0.62485604892093161  0.63541201753360776  0.64619357371388997  0.65638421398624114
  0.66673042551462158  0.67813454008320795  0.68878720550671979  0.69811058583742680
  0.70734217649406583  0.71707799607430234  0.72703218609016707  0.73641183245194419
  0.74550011586677201  0.75488146002783973  0.76508228400715350  0.77640106871446557
  0.78853818994264335  0.80059749998361829  0.81231408413210848  0.82343688073279730
  0.83426933815522342  0.84476660996385011  0.85514638463219261  0.86592066957076264
  0.87735083656057777  0.88933326607351226  0.90102987733291395  0.91198187308597611
  0.92252194757117556  0.93273325737718527  0.94306554267213016  0.95375423556365047
  0.96453441471964696  0.97614079813783261  0.98760954226416853  1.00000000000000000
 -0.00036076084877455  0.00166272900164890  0.00322744503927627  0.00457557538180112
  0.00581967631622524  0.00700289835633868  0.00813553079320659  0.00922291124483050
  0.01027681523554381  0.01129450044037642  0.01228019987387028  0.01324173258206945
  0.01420907153529718  0.01521026255604574  0.01623441103093771  0.01723132286921700
  0.01816863754222344  0.01907082042025116  0.01997198035792808  0.02085992302631740
  0.02181196893960403  0.02278386340608080  0.02378285535859135  0.02479452955287901
  0.02578794180905999  0.02676465751485842  0.02776094266352121  0.02880539324900242
  0.02985719408470784  0.03090389673192722  0.03199911348593995  0.03316783512135154
  0.03434999563549697  0.03539943015201751  0.03642804758764986  0.03739090508949931
  0.03834935037051351  0.03931744048503879  0.04036647571460520  0.04156366426967222
  0.04284375286616498  0.04414705737420585  0.04539314994583541  0.04661698285556590
  0.04782563121554258  0.04896252445304793  0.05008701728825100  0.05129139137232738
  0.05250236823617396  0.05376884730244515  0.05515029661414803  0.05652328365335012
  0.05791652637775044  0.05930773615802339  0.06060846903481242  0.06184830551066112
  0.06314920727507628  0.06454703516893311  0.06621215199020254  0.06813999555006668
  0.07026411942798429  0.07250683862798987  0.07501719992084961  0.07749942495825059
  0.07996329568534255  0.08232968146203601  0.08445497902896497  0.08631298925749419
  0.08812003926002029  0.08989466945209793  0.09159994953147522  0.09362645632616402
  0.09608044388706548  0.09878485222932328  0.10180309559593254  0.10501693724710816
  0.10774638281134093  0.11039078527790276  0.11362819576617689  0.11821679552502762
  0.12226758394378455  0.12578203686033002  0.13060684885557969  0.13589210087080439
  0.13971071063273566  0.14162800780514118  0.14367313485019906  0.14585449927788849
  0.15183343140275324  0.15938017801477988  0.16714767555636634  0.18906832014494443
  0.23343001725132198  0.37515600200627297  0.86425387564652134  1.00000000000000000
 -0.00202844150483771  0.00750664770184010  0.01672239827159415  0.02544858706614958
  0.03389293513211746  0.04226508116033174  0.05026680797361203  0.05814429485376942
  0.06564424656032587  0.07275518725648940  0.07980792276221919  0.08665904243154582
  0.09341312929598614  0.10010094236518152  0.10682187805617757  0.11374994162928130
  0.12074789128175856  0.12765901446228120  0.13449767946895663  0.14134260009593619
  0.14772467841307163  0.15353248622072552  0.15928185957248567  0.16498445825698241
  0.17036212696103156  0.17563062624238346  0.18093033458620092  0.18630165779875002
  0.19173348282713906  0.19724492887018188  0.20283938833767912  0.20858012979702142
  0.21452581479767163  0.22072780547277798  0.22700789774614383  0.23376807077490672
  0.24052974165751115  0.24729162190953727  0.25389955774462092  0.26045850310930380
  0.26764586154278214  0.27460855250634092  0.28176090873369458  0.28909446088800433
  0.29644698282143078  0.30435080178038493  0.31312170503669001  0.32258079841132675
  0.33213448557169706  0.34097060400531715  0.34953665868801748  0.35820897791262030
  0.36733326382679254  0.37745061753786968  0.38794981257527761  0.39882287038581699
  0.41023713646384985  0.42365354890170182  0.43907622510430228  0.45513581269882547
  0.47119135970471132  0.48810436950741470  0.50601267590327892  0.52517183298543535
  0.54258488656955728  0.55930448117126674  0.57573840744230831  0.59176141525249382
  0.60745746972542269  0.62364053402678965  0.63827993414392636  0.65212609122692178
  0.66667289954056153  0.68255373950515419  0.69845006920896613  0.71397134523271033
  0.72980434865950694  0.74613199829307542  0.76216110324227249  0.77812461241536512
  0.79499334848506642  0.81232201714233832  0.82951961614955871  0.84577183031401548
  0.86233477340195785  0.87815148377930752  0.89392213364036632  0.90802360537289228
  0.92159155316277752  0.93427016234208971  0.94648250714969862  0.95833146436046357
  0.96977724821488531  0.98061871582552829  0.99039339877714017  1.00000000000000000
  0.05361835762223519  0.27214640120342620  0.39378036778971387  0.48142579735613555
  0.54938793979713152  0.60396057750859999  0.64915571496819158  0.68710635535558096
  0.71894421116494800  0.74642514349611011  0.77007693676756828  0.79040847212483245
  0.80858050535351156  0.82524042776740203  0.83992442998213623  0.85302581677911316
  0.86452297726484262  0.87491033692505382  0.88443370857832404  0.89325208383463495
  0.90112071235059288  0.90817104544201666  0.91465487727313688  0.92041716000529938
  0.92552276849121584  0.93033455953155653  0.93478363523356178  0.93885399692143623
  0.94245181355186403  0.94577355186399747  0.94894163820206090  0.95189189581061384
  0.95464393906114298  0.95740008992605630  0.95942557156998298  0.96129172355428472
  0.96313495702356688  0.96488248769604401  0.96654076626903218  0.96811853543044069
  0.96963920257668923  0.97108211302399083  0.97244691445494047  0.97375295704003606
  0.97501462250315407  0.97619992978848014  0.97736437714890367  0.97847672928611518
  0.97949629254896242  0.98041690573044316  0.98132024561175191  0.98219326826541509
  0.98303069585247349  0.98381064049355305  0.98454010749180432  0.98522333455904154
  0.98587014966843700  0.98650010799957277  0.98712734494421994  0.98773608207825447
  0.98830276515195159  0.98884486676021688  0.98936593163599584  0.98987161160320680
  0.99036632179584638  0.99084927073110107  0.99131082816444849  0.99173571938333183
  0.99215438321504368  0.99255273376081321  0.99292723960815810  0.99328662316175065
  0.99363961078750151  0.99396768304803795  0.99428307669610794  0.99459320627189485
  0.99489392268931409  0.99518140159609925  0.99546094791614903  0.99572647042833684
  0.99598794231015775  0.99624801022363974  0.99650277276603683  0.99673770535158113
  0.99697050981287316  0.99720514606076804  0.99744078916438139  0.99767207092929000
  0.99789971389899335  0.99812616296088175  0.99836022869321583  0.99860056600633607
  0.99886314557173805  0.99916288483550431  0.99953253063940684  1.00000000000000000
 -0.02291121296872869  0.11601305041717291  0.15776225784110709  0.18446747895440657
  0.20491396327595998  0.22189481218299642  0.23739797463089496  0.25153506707644419
  0.26402124742054733  0.27524483919281006  0.28574576548210473  0.29595815487192567
  0.30568921907168595  0.31540853928031015  0.32442516706615188  0.33328481337269861
  0.34181938884363705  0.35044146632108608  0.35872853576980357  0.36659994931808637
  0.37435852811581632  0.38208496288323973  0.38975356561588020  0.39711459328572402
  0.40404429320930385  0.41058045060385778  0.41692390760265607  0.42329555003692537
  0.42972348654421932  0.43612927598526230  0.44254285088194933  0.44842216843232402
  0.45413262636751039  0.45963424508691725  0.46479572097809829  0.47031166592324081
  0.47556303131770927  0.48092762631358749  0.48629937234240633  0.49179603777444542
  0.49732259143524149  0.50299639776159921  0.50845822730190593  0.51415445847909036
  0.51994272961103527  0.52596548204087556  0.53216355535686499  0.53826553918653852
  0.54414377572991668  0.54972460763345010  0.55490179215574531  0.55991328749231972
  0.56514998284658391  0.57041936180954589  0.57593977355912040  0.58173946194214232
  0.58764235409626941  0.59325705304274667  0.59913991962477164  0.60494117753844057
  0.61051779223236746  0.61620826325701661  0.62193728981617169  0.62757922481225958
  0.63315555978811888  0.63862519943403073  0.64413657824473414  0.64982465678506574
  0.65575782513616010  0.66177759878221110  0.66775272077085712  0.67375328296283354
  0.67975952265988393  0.68572415745310999  0.69177511492800292  0.69785445754408493
  0.70404377932707507  0.71046059018523111  0.71723216758007791  0.72443698762479936
  0.73204279594666766  0.73970942455934408  0.74744245646971275  0.75539528791072275
  0.76384183121991001  0.77279389917321972  0.78196214128673480  0.79156283425654339
  0.80221080967842995  0.81372868214230110  0.82600914651709467  0.83977212540347423
  0.85588808143056316  0.87655063476291639  0.91105537606539233  1.00000000000000000
   7.0137369056097690E-009  -1.0000000000000000     
 F F F F F F F F F F F F F F F F F F F F F F F F F F F F F F F F F F F F F F F F F F F F F F F F F F F F F F F F F F F F F F F F F F F F F F F F F F F F F F F F F F F F F F F F F F F F F F F F F F F F F F F F F F F F F F F F F F F F F F F F F F F F F F F F
  <DiscreteSampler_grid>
  grouped_processes
  1 # 1 for a reference and 2 for a running grid.
  10 # Attribute 'min_bin_probing_points' of the grid.
  1 # Attribute 'grid_mode' of the grid. 1=='default',2=='initialization'
  0.0000000000000000 # Attribute 'small_contrib_threshold' of the grid.
  0.5000000000000000 # Attribute 'damping_power' of the grid.
 # binID   n_entries weight   weight_sqr   abs_weight
    10   10   5.643850997522941E+003   2.592970268540496E+008   5.643850997522941E+003
  </DiscreteSampler_grid>
