  0.00923569066685791  0.01677251672376233  0.02618978051651222  0.03608023051576714
  0.04651318590808146  0.05768618828992930  0.06899643306694841  0.07983511802817084
  0.09157679464812191  0.10337220854114279  0.11470736002938840  0.12507875205125443
  0.13498219172371503  0.14484684637739453  0.15489583410776539  0.16547132371006310
  0.17668693423468082  0.18846549883595098  0.19932678714470928  0.21057341783765368
  0.22064102958473891  0.23134247952855871  0.24201516456440555  0.25323724829294808
  0.26444679825702022  0.27543969598457779  0.28641144643797450  0.29759503399680315
  0.30885946142712900  0.32017868130096450  0.33141840999511890  0.34242579745416896
  0.35289679959297171  0.36291378645773942  0.37295923286432314  0.38375317840214879
  0.39530012537227771  0.40723265212328680  0.41909488286647512  0.43061181376479124
  0.44180697707036842  0.45258819360574237  0.46302894302681591  0.47312044079158300
  0.48314327494991222  0.49332891037961846  0.50320214728385881  0.51259167194253052
  0.52168679819447805  0.53134563220575803  0.54180307891249391  0.55218412043362219
  0.56248009060829096  0.57234421384548995  0.58163958411773908  0.59071090111837821
  0.60027104792224129  0.61081000385026130  0.62150130603273723  0.63201611994589257
  0.64275093861055987  0.65352811710420733  0.66425159392135669  0.67476698812580493
  0.68514294924000596  0.69564366690470758  0.70641886025491152  0.71701968927798110
  0.72763180829617524  0.73796951592711701  0.74784060577760325  0.75730265086473092
  0.76716534586511520  0.77826230279697817  0.78968778846660226  0.80011525429967834
  0.80998279729031564  0.81999598013724972  0.83028211115442230  0.84094291145140387
  0.85162878576959233  0.86263890399846044  0.87356747306082605  0.88379049886663874
  0.89391173406444113  0.90391217937713231  0.91416749067569092  0.92439219040928766
  0.93486449676699013  0.94549268491834992  0.95592299930956581  0.96520437547601245
  0.97400833872215919  0.98284761598343862  0.99100022194587423  1.00000000000000000
  0.00000248856322560  0.00000252140710529  0.00000255357316082  0.00000259751323271
  0.00000264673360173  0.00000269764572864  0.00000274272403177  0.00000281321288970
  0.00000288511748028  0.00000296948255142  0.00000306095415679  0.00000315420993831
  0.00000325515469160  0.00000336511211187  0.00000347995670094  0.00000359879578838
  0.00000373130508589  0.00000390656965598  0.00000411388815564  0.00000432289329837
  0.00000456242877813  0.00000483073538144  0.00000511552052114  0.00000542608050862
  0.00000576517474029  0.00000613686179048  0.00000654820441021  0.00000698404702253
  0.00000745313624047  0.00000794033102340  0.00000844966819034  0.00000898591276046
  0.00000954867096143  0.00001014303858209  0.00001077704013050  0.00001143569757187
  0.00001214202319633  0.00001292368284879  0.00001372619572139  0.00001454707964969
  0.00001539519920219  0.00001628321055650  0.00001723099816530  0.00001825828932907
  0.00001934658276020  0.00002054676957757  0.00002174949819153  0.00002296428592065
  0.00002421585595434  0.00002552651128887  0.00002694185939699  0.00002855791565943
  0.00003030880678674  0.00003217950229162  0.00003415577375564  0.00003623232575904
  0.00003843348475257  0.00004077560225056  0.00004316018771187  0.00004560276281835
  0.00004817735742316  0.00005095778681443  0.00005397822633134  0.00005721006608761
  0.00006061346272873  0.00006429250240285  0.00006830575358957  0.00007267107681867
  0.00007744930120891  0.00008259781379522  0.00008823187391262  0.00009445232361874
  0.00010104473393235  0.00010795135353703  0.00011547077925401  0.00012392428778759
  0.00013366716115447  0.00014494341248624  0.00015795402223958  0.00017284992052270
  0.00018988388748617  0.00020970495428835  0.00023287061322756  0.00026132692550414
  0.00029753470236573  0.00034342247695968  0.00040089480873275  0.00047464813187986
  0.00057200837829784  0.00073067386509473  0.00098962170847918  0.00140816288861742
  0.00243625298860249  0.00633796467016324  0.40673629418951696  1.00000000000000000
  0.00000234895902669  0.00000264284787042  0.00000289669842844  0.00000314413618671
  0.00000339560760050  0.00000366191751798  0.00000395590096418  0.00000426172051949
  0.00000457074153874  0.00000489136671771  0.00000522912033366  0.00000559775048203
  0.00000599687094829  0.00000639985440246  0.00000684983899061  0.00000732458881084
  0.00000782198378347  0.00000833722819240  0.00000886489120550  0.00000939197481086
  0.00000992184116206  0.00001046738785311  0.00001103150939617  0.00001165590344214
  0.00001235772689593  0.00001307636494939  0.00001379585286322  0.00001453599007853
  0.00001532038490510  0.00001615444227442  0.00001699140966905  0.00001789766326496
  0.00001882571139664  0.00001977649158868  0.00002076264505532  0.00002178779668099
  0.00002288292339421  0.00002407223527247  0.00002527840172737  0.00002653314248554
  0.00002781654295296  0.00002915142823896  0.00003049652329797  0.00003192698869766
  0.00003348003555651  0.00003506258843618  0.00003675179739430  0.00003857748558394
  0.00004046997353394  0.00004238743239262  0.00004442370661733  0.00004657405137016
  0.00004880089768273  0.00005111371608514  0.00005356476400527  0.00005624308720791
  0.00005925277904943  0.00006234917653374  0.00006559345507594  0.00006905272476382
  0.00007265965771108  0.00007640773485127  0.00008044056694435  0.00008479548951172
  0.00008951664057168  0.00009462034184075  0.00010001229259308  0.00010568500331329
  0.00011157178313216  0.00011762539764356  0.00012483896325446  0.00013296101358541
  0.00014158315069646  0.00015048037150798  0.00016025482843000  0.00017103671072128
  0.00018223085811468  0.00019392811095797  0.00020645223452465  0.00022213847159921
  0.00024220078650685  0.00026811166134860  0.00029902954285512  0.00033501166428365
  0.00037962066380665  0.00043324571230600  0.00049958408699681  0.00058688741032415
  0.00070538001622979  0.00090587991619839  0.00123661555971111  0.00181965517403816
  0.00357030094090200  0.01846067482276755  0.08354227292512739  1.00000000000000000
 -0.00238402554861513  0.00890533626439472  0.01886657388523649  0.02940967743123759
  0.04031868396607493  0.05169735444775889  0.06310193840187457  0.07377955610068057
  0.08346334426791649  0.09305247449116943  0.10276930631411341  0.11269680284835693
  0.12322073352435603  0.13365979290023197  0.14466079865820961  0.15560714480045670
  0.16662264574618579  0.17698610132279466  0.18745434196266988  0.19760488330317180
  0.20780825304268463  0.21776262100886590  0.22732138204416669  0.23658880111601055
  0.24569424280642127  0.25565503709705467  0.26580450315021814  0.27583201016755238
  0.28517350982687090  0.29498174727787640  0.30557455659813243  0.31634232238589521
  0.32700229888137922  0.33749734516529706  0.34766537513016604  0.35754620717022845
  0.36793345357807200  0.37885130905128667  0.39001195821081913  0.40083647560931368
  0.41152803241144287  0.42203772853854293  0.43251127369010156  0.44314330550121173
  0.45408948869357846  0.46509564703503031  0.47608715076729707  0.48698912743926703
  0.49791506146689229  0.50883156446006872  0.51945270307782643  0.52982485525177603
  0.54022972489508436  0.55082431179323821  0.56131225747751134  0.57174015015341761
  0.58226040530306722  0.59314441370005699  0.60349423539148805  0.61368145540064811
  0.62462336162295296  0.63579930481610225  0.64731207026739790  0.65844854900797978
  0.66998083504555350  0.68155086864330727  0.69326476561333428  0.70450543558217138
  0.71576536934490764  0.72604172360078612  0.73703007767045070  0.74661834593137733
  0.75594783031697177  0.76511008155295257  0.77500108231352405  0.78549854963300036
  0.79581211700396226  0.80582542716679062  0.81562031909681099  0.82596951264328455
  0.83621571590493182  0.84728423586506418  0.85850215740093216  0.86956966090750909
  0.88064671231276259  0.89107472365547946  0.90172711399361616  0.91161699702916132
  0.92211525073245193  0.93309194140739871  0.94497114574947116  0.95689877807683532
  0.96779569659899711  0.97859812274774804  0.98903754071729821  1.00000000000000000
 -0.00269646643194739  0.01010529980835645  0.02000316624178830  0.03009823286176341
  0.04000467244596517  0.04974834631412188  0.05986919351526375  0.07026648875046801
  0.08151623662561998  0.09309339413755276  0.10441868704651913  0.11509504823809673
  0.12561151313734598  0.13598844839324270  0.14625194304786993  0.15636600115313518
  0.16664862595976729  0.17603553894260399  0.18542090148247439  0.19571288293027359
  0.20671645542330708  0.21729286611039314  0.22758346891605713  0.23817170675160385
  0.24929773458168730  0.26046753160972297  0.27183916018972704  0.28339590607018617
  0.29418478232511436  0.30392841859745701  0.31330126843417405  0.32312274220922649
  0.33306707369268440  0.34323478292860587  0.35318320337035125  0.36340541963420747
  0.37400644037902880  0.38492092921294863  0.39600864268965580  0.40736136917504268
  0.41864378686957732  0.43010478897980042  0.44118743719015291  0.45185152203410389
  0.46228943348472606  0.47291224178815022  0.48392337723893819  0.49496657156469626
  0.50570188077093814  0.51633599165474187  0.52683426861390970  0.53739908802195324
  0.54788686134094844  0.55798020086791911  0.56807644537964486  0.57843561339390670
  0.58947610427336061  0.60087643675233560  0.61107828158988109  0.62091382736288958
  0.63014097699125504  0.63971081123900453  0.65019658141269387  0.66119603325162191
  0.67183654331076004  0.68131086241018279  0.69056814458101101  0.70013861726209115
  0.71063194708065680  0.72112223390507424  0.73173838574708971  0.74206283234110604
  0.75201117704669640  0.76206513708090895  0.77237247754203053  0.78265262197206520
  0.79277372966636872  0.80314520959300950  0.81350347099588816  0.82347477650259882
  0.83415590603523493  0.84530340375187740  0.85653081089702965  0.86750104549466522
  0.87841464569305694  0.88935980115222757  0.90009545508105371  0.91099246995230998
  0.92214399002759073  0.93379053453448435  0.94562911223756074  0.95726154514957806
  0.96814610507928800  0.97895897439945245  0.98909344523382725  1.00000000000000000
 -0.00224361500629129  0.00853464893641128  0.01812540225384182  0.02863452629925822
  0.03920307914906310  0.04972668335126550  0.06040906165408417  0.07131829277274908
  0.08178430926420162  0.09177793720131550  0.10191553356317611  0.11262603485657303
  0.12392455902069288  0.13475196716995388  0.14475958677326908  0.15446410315778020
  0.16429655081450220  0.17439138613842251  0.18464821756776592  0.19518954572445263
  0.20588265664514965  0.21634923698568870  0.22695164281554198  0.23803982809826280
  0.24948157439994079  0.26090832365396388  0.27224273747636202  0.28361092016679612
  0.29461523860260191  0.30518849317846691  0.31587631125405213  0.32673006754166461
  0.33730164875339974  0.34736781904180253  0.35664830522075724  0.36561148720875686
  0.37456581713675347  0.38402419063343773  0.39368855492981697  0.40350871571476288
  0.41384822148622713  0.42390537896499669  0.43433752038299206  0.44481420901369545
  0.45580427168847809  0.46564922226991878  0.47495068971269350  0.48437710022641772
  0.49446845858553601  0.50529413357692987  0.51610987255692597  0.52733164326285598
  0.53849506504151623  0.54944839056338191  0.56013538807260821  0.57114908843246726
  0.58207769012655042  0.59271030854014184  0.60337399616816301  0.61431725763785738
  0.62639553030497475  0.63866275444115128  0.65051898328078739  0.66184505740427280
  0.67211378272377709  0.68227725936093397  0.69204810107521952  0.70184037878904637
  0.71172639293478224  0.72197505595909861  0.73227225368923032  0.74304494819939393
  0.75381736891463169  0.76540260056497711  0.77660091931317476  0.78766477067806051
  0.79874910658640008  0.81016183203989178  0.82146599402554321  0.83244278024161811
  0.84265430116875040  0.85249811902126038  0.86219658608277094  0.87184694934354245
  0.88238900632350370  0.89373192954851910  0.90530385578307560  0.91638148719384926
  0.92703254413240510  0.93743088312802436  0.94771529741237026  0.95825450659093947
  0.96904874765002780  0.97977894349101136  0.98978302942145824  1.00000000000000000
  0.00002739388266552  0.00016778118101489  0.00051730497398564  0.00098722012860613
  0.00150981600416604  0.00191773932228737  0.00231196974020942  0.00273425126845194
  0.00316585079709697  0.00360341224917711  0.00403869919878049  0.00447230793940643
  0.00490749770431069  0.00534593089816089  0.00579564131632783  0.00625860298271494
  0.00673958871196321  0.00723846206672952  0.00774850828948121  0.00825966613471294
  0.00877152719767069  0.00928693417224210  0.00981384661700765  0.01036009131359538
  0.01092046799772568  0.01148211680281186  0.01203748050209757  0.01258527516553721
  0.01313519632759109  0.01369289261241299  0.01424659972075478  0.01479328056109515
  0.01533332161404654  0.01589576843031659  0.01649503711773694  0.01709703738869073
  0.01772509849387256  0.01837484610176321  0.01905362553616025  0.01974186614514037
  0.02042855724208095  0.02115877733967117  0.02193393727177384  0.02268750338420582
  0.02343390789164643  0.02420381046560869  0.02501922545979108  0.02591567592838188
  0.02688391016402871  0.02783348983465540  0.02874089099272797  0.02959605663246616
  0.03043093665892279  0.03128340674490990  0.03220909259026446  0.03317495123411120
  0.03421148776960838  0.03534486613258291  0.03636968329044506  0.03748734139157382
  0.03863674016729166  0.03976512640831968  0.04096371339130248  0.04220530684561440
  0.04337003565324125  0.04451615550552790  0.04572891422029651  0.04699281414702044
  0.04835999935353987  0.04970587647702111  0.05098880156770049  0.05227668003531711
  0.05361086319800272  0.05533989465737358  0.05763700721862815  0.06007597869059397
  0.06204534115604231  0.06410221904145788  0.06625018154209689  0.06873267587701076
  0.07109339378483390  0.07341750147346360  0.07565910811340988  0.07854667603204125
  0.08184725219141741  0.08526745427388913  0.08945474765664801  0.09409138176937853
  0.09829443725410113  0.10279466976138293  0.10934842541798524  0.11842265236308248
  0.14548191348900322  0.16995601093182167  0.50409084880740407  1.00000000000000000
 -0.00246195556026231  0.01045669318798823  0.02145978539089050  0.03318111424977889
  0.04562401226596738  0.05826712180029671  0.07051780321643225  0.08260977603516988
  0.09373084489379274  0.10482908539454874  0.11608200839328178  0.12763711390861870
  0.13909165356410785  0.15065846303852784  0.16280448906623474  0.17516948362476162
  0.18765069419061337  0.20041113510248096  0.21305888030502243  0.22535246572966294
  0.23752409809531289  0.24934888670297503  0.26058773311432520  0.27164383506815692
  0.28283485036209038  0.29422151533996782  0.30501585973261064  0.31498362202363139
  0.32458682759772695  0.33450762863959482  0.34510462759125493  0.35542348682494312
  0.36565431331511444  0.37573485760681813  0.38590246813885792  0.39605784863085430
  0.40628911170973997  0.41693387185457770  0.42753855441246097  0.43798310694170839
  0.44748717500263363  0.45619447620449011  0.46413525245830239  0.47228243283023308
  0.48104576313639352  0.49059229571708524  0.50014573987978317  0.50866255345991074
  0.51734979799909753  0.52597986897172466  0.53488133892645195  0.54387068334605815
  0.55292923219083701  0.56206614784027686  0.57136113284239709  0.58078960816127101
  0.59029841224948454  0.59980964891538169  0.60866366226963808  0.61739858687453275
  0.62643604434107281  0.63621721748215831  0.64590115427184014  0.65566634421104197
  0.66536670385335805  0.67496394889790190  0.68484354954685178  0.69520722030394344
  0.70577174227359873  0.71608357626835595  0.72597603256668231  0.73580033908758158
  0.74564830231025281  0.75516535851473010  0.76452598172855712  0.77408738038122271
  0.78393533166910889  0.79401540877122312  0.80395740610467492  0.81467510158789347
  0.82637855213215716  0.83761110881250089  0.84916514880276894  0.86050264947174893
  0.87169184639209096  0.88236816508069527  0.89341435920320522  0.90510997086944089
  0.91713206976917638  0.92916560794668968  0.94083341546450650  0.95210217775045913
  0.96355894673389331  0.97496717251391496  0.98712341896001043  1.00000000000000000
  0.04298026954430516  0.21613199219694149  0.31936797597242661  0.39686109649971135
  0.45710332974251933  0.50687402868651721  0.54906692392967582  0.58491083648635089
  0.61618566206944936  0.64299737984308680  0.66687633394856194  0.68873704598426733
  0.70870553497418698  0.72696549709190506  0.74356556615397784  0.75857423818173564
  0.77230653015450257  0.78522873456671638  0.79716233511538592  0.80813470659690423
  0.81829253240872757  0.82799674965235548  0.83701154879934769  0.84520551124682075
  0.85289366541922451  0.86005106029115896  0.86676401838526673  0.87319222122717699
  0.87926622703160529  0.88497633655979635  0.89032551722294007  0.89537544004589797
  0.89991243370614493  0.90423564272992130  0.90832384669048982  0.91227400206548015
  0.91608217803137326  0.91963279878672954  0.92309183633457259  0.92639400471744293
  0.92958243865180434  0.93263401142406577  0.93562610646508593  0.93840219806720104
  0.94094287332785775  0.94339798898407357  0.94583504062212520  0.94811251966465671
  0.95031937900495955  0.95242157357212209  0.95451115338065340  0.95653467840294393
  0.95848966539364966  0.96034798210315531  0.96210772516316112  0.96380054188659303
  0.96543095296637127  0.96699617824086181  0.96851929279145799  0.96999146691726912
  0.97144185171402997  0.97283720118860828  0.97415739373598043  0.97542491326421032
  0.97665211551817910  0.97783207470459022  0.97893725679199795  0.97991938992552130
  0.98093036979394532  0.98191397676473480  0.98286257088994666  0.98376570497240290
  0.98462943331617370  0.98546475300793412  0.98626528118176437  0.98702388075918968
  0.98778070610569146  0.98849404488047787  0.98918338287530450  0.98986145983410478
  0.99052335575385309  0.99117272843005055  0.99179339383395382  0.99240656616465928
  0.99301670153242039  0.99362347240452908  0.99422255925772274  0.99478709796297959
  0.99536216741466432  0.99593553432772808  0.99650058080701964  0.99707533933473180
  0.99769773045911647  0.99838048757919173  0.99914850397315569  1.00000000000000000
 -0.02124236357817042  0.10416613307084073  0.14333866138963083  0.16825170566575670
  0.18843101130619577  0.20548849242482539  0.21995266450850073  0.23296467815509306
  0.24486411049055290  0.25602250273182214  0.26652849736815598  0.27705149576050458
  0.28735698051364322  0.29758549791644229  0.30759854439093859  0.31749898163109036
  0.32645489420490653  0.33489532936312100  0.34265403841308295  0.35041549015040008
  0.35855519900158306  0.36680805453195220  0.37496996742579775  0.38285676724035334
  0.39058230877746125  0.39825371506256313  0.40640926406165084  0.41417516096102208
  0.42197017329644609  0.42896831119305145  0.43579622003881358  0.44257633382330347
  0.44923892792022596  0.45560838070515103  0.46195309069408341  0.46818275462632053
  0.47471508584525957  0.48142116303536719  0.48819941699373337  0.49492854678017889
  0.50148093487896761  0.50795253937100371  0.51451877500087639  0.52111154378471314
  0.52749532310162739  0.53357036572125793  0.53930213617249545  0.54487919742660507
  0.55054713705633795  0.55637326178722435  0.56243930183186674  0.56856210585602729
  0.57469275766446815  0.58096614500881760  0.58745172213969576  0.59315401037392401
  0.59900055995810675  0.60459751737943679  0.61045189466313210  0.61648285311333784
  0.62281734566993119  0.62902200124044905  0.63485089697859531  0.64030807144994784
  0.64563959410838812  0.65108265276060007  0.65656036625922998  0.66216271659800907
  0.66800471333902789  0.67411832090150436  0.68050160330342346  0.68702451577228296
  0.69367410621708592  0.70004126708720393  0.70612858810680412  0.71251208870893623
  0.71920496391558120  0.72619596883066917  0.73318648829942035  0.74020566314842118
  0.74741246211431800  0.75497346195552828  0.76291482150839973  0.77113595793579348
  0.77999865712387817  0.78936901153291772  0.79899068400943740  0.80867770462052269
  0.81865261571063919  0.82946258347341206  0.84183149120545020  0.85555483017057765
  0.87099122709206167  0.88957751098747151  0.91992547840867589  1.00000000000000000
   1.1707271714513669E-009  -1.0000000000000000     
 F F F F F F F F F F F F F F F F F F F F F F F F F F F F F F F F F F F F F F F F F F F F F F F F F F F F F F F F F F F F F F F F F F F F F F F F F F F F F F F F F F F F F F F F F F F F F F F F F F F F F F F F F F F F F F F F F F F F F F F F F F F F F F F F
  <DiscreteSampler_grid>
  grouped_processes
  1 # 1 for a reference and 2 for a running grid.
  10 # Attribute 'min_bin_probing_points' of the grid.
  1 # Attribute 'grid_mode' of the grid. 1=='default',2=='initialization'
  0.0000000000000000 # Attribute 'small_contrib_threshold' of the grid.
  0.5000000000000000 # Attribute 'damping_power' of the grid.
 # binID   n_entries weight   weight_sqr   abs_weight
    10   10   9.336285150612746E+002   5.758959096770933E+006   9.336285150612746E+002
  </DiscreteSampler_grid>
