  0.00896503369739329  0.01802568946018190  0.02742629749275895  0.03525756888628621
  0.04320947439320692  0.05139080411060223  0.06133870317540049  0.07164573755216683
  0.08158213885189587  0.09545862514044171  0.10823595850908793  0.12003464660437882
  0.13049801458895263  0.14025546077122303  0.15000041192415992  0.16051156241201006
  0.17266434124850658  0.18548091488797278  0.19759608394394548  0.21060692014946705
  0.22178222484744498  0.23151672588576983  0.23705194999689957  0.24317353393540081
  0.24974833339843688  0.25735559146287623  0.26460703506775057  0.27136914000472240
  0.27819192655057723  0.28512687089123245  0.29346048897246046  0.30514021601607588
  0.31685011113382006  0.32677598735216018  0.33732395969228324  0.34584022712031748
  0.35193861991676434  0.35838038641195658  0.36511614368606177  0.37205884435047931
  0.37944340856239661  0.38985542505224141  0.40114095887827000  0.41240912222542486
  0.42431448005323080  0.43918751711294757  0.45220949589982168  0.46319435510988433
  0.47374090623940934  0.48411126970899920  0.49493155265953409  0.50589454640592890
  0.51631965454727957  0.52556016281666518  0.53421148581974953  0.54295877994929109
  0.55233461137626139  0.56242936210956962  0.57312469624296603  0.58488745010016108
  0.59728461911688568  0.61128638036013894  0.62501011151060759  0.63852042224720040
  0.65138336965042309  0.66353178429280135  0.67599675434004192  0.68825741018559139
  0.69816125508543458  0.70927463563330251  0.71920004267994497  0.72917212529619713
  0.73861793762869232  0.74919801040433653  0.76156261910485767  0.77468349122096114
  0.78733086944740438  0.79970035354061753  0.81191204216458956  0.82348084570856772
  0.83438941832440605  0.84522900618921082  0.85638541037886695  0.86897411207910913
  0.88364211124191838  0.89555105591537265  0.90682435429270958  0.91777641622044559
  0.93034707251630688  0.94289918374774773  0.95422343712700308  0.96479876203147630
  0.97504091593898901  0.98338774147057451  0.99092814363343829  1.00000000000000000
  0.00000321440219295  0.00000335167140638  0.00000349022819786  0.00000362086047625
  0.00000377776543374  0.00000394716155052  0.00000410573827415  0.00000425817752745
  0.00000447161074202  0.00000473504965627  0.00000502718073038  0.00000533140647660
  0.00000565173330178  0.00000600212591401  0.00000641978600343  0.00000690314827713
  0.00000742688867324  0.00000797425800630  0.00000852185712416  0.00000906713210663
  0.00000961700464806  0.00001011190739827  0.00001062830715072  0.00001118339620971
  0.00001180878240238  0.00001252376193167  0.00001333445087526  0.00001422835720196
  0.00001512426796052  0.00001600055785949  0.00001690394058736  0.00001785610610183
  0.00001885553269923  0.00001992355072768  0.00002101266442074  0.00002211424234920
  0.00002322662028698  0.00002435194883137  0.00002568486525423  0.00002709721615995
  0.00002861371082225  0.00003017268260124  0.00003171729940128  0.00003335631967534
  0.00003532520255306  0.00003745963897876  0.00003970823384867  0.00004187915962968
  0.00004410334024748  0.00004656482032476  0.00004944609909953  0.00005283495909987
  0.00005642721345879  0.00005934806850754  0.00006189414665646  0.00006447613834481
  0.00006723009004721  0.00007038665848570  0.00007338749655217  0.00007681811282985
  0.00008069330688229  0.00008441944086356  0.00008915766357371  0.00009417796624407
  0.00009893435801945  0.00010426568284663  0.00010992926327113  0.00011513748332681
  0.00012276097251430  0.00013154190286106  0.00014171942581009  0.00015295909318907
  0.00016596382407382  0.00018026147880574  0.00019692581511760  0.00021444655642287
  0.00023346641674035  0.00025385810010153  0.00027882560084991  0.00030896882101166
  0.00034831695870468  0.00039185090423242  0.00043294085949965  0.00047625251028130
  0.00053176741091617  0.00060416663990548  0.00069368307897690  0.00080607176403987
  0.00098847486574199  0.00129328151274081  0.00168130478604214  0.00229227360811099
  0.00374460502637598  0.00716291744109317  0.06043901539382576  1.00000000000000000
  0.00000229232060372  0.00000300596721205  0.00000326312505056  0.00000352160375380
  0.00000379618429173  0.00000414475998576  0.00000454920081624  0.00000494238954618
  0.00000530688305833  0.00000567263555556  0.00000607869372075  0.00000653058132244
  0.00000698461771365  0.00000743066433370  0.00000785713268631  0.00000829787783705
  0.00000879167866651  0.00000928381654234  0.00000985849382702  0.00001047749716541
  0.00001111244069259  0.00001175019218186  0.00001246817093904  0.00001325876326909
  0.00001404096966393  0.00001485073907730  0.00001572308128923  0.00001664981511444
  0.00001762601313049  0.00001854303781073  0.00001938411437992  0.00002015616477403
  0.00002087000511439  0.00002152364550409  0.00002214586803764  0.00002275512632971
  0.00002338422863137  0.00002407914066356  0.00002492440937418  0.00002579584961762
  0.00002672257924150  0.00002774608303623  0.00002884477484073  0.00002991904665740
  0.00003150055168014  0.00003355820092254  0.00003581214628320  0.00003813455799679
  0.00004051083398851  0.00004289039277855  0.00004529720223452  0.00004770332425491
  0.00005009213117079  0.00005251590493530  0.00005538383384217  0.00005821921999207
  0.00006107173086228  0.00006398140274999  0.00006697242922884  0.00007035056604970
  0.00007397512159482  0.00007880740937699  0.00008443209469730  0.00009014640489794
  0.00009567465902048  0.00010145308007770  0.00010785373511691  0.00011589582578251
  0.00012561071664451  0.00013545238026765  0.00014476834433873  0.00015423121538498
  0.00016519749234213  0.00017820204873363  0.00019154549766276  0.00020430885229328
  0.00021786202678921  0.00023588429054516  0.00025200193581701  0.00027089387929912
  0.00028979497283190  0.00032192442904594  0.00036341020770947  0.00040999378458802
  0.00046372967820725  0.00052723447098982  0.00061162137677917  0.00073077214088109
  0.00086615848399838  0.00105419505483172  0.00134904269465560  0.00173865882615925
  0.00245092736739503  0.00438311337472685  0.01406380726510879  1.00000000000000000
 -0.00155799345667477  0.00773854465000015  0.01623797053293082  0.02522828311607977
  0.03453354193015461  0.04285275890868768  0.05052633555462841  0.05801140810098139
  0.06771364353723609  0.07985618035500285  0.09185174714174055  0.10257157945544965
  0.11352751153192818  0.12533172108892146  0.13866404054775561  0.15351218862031324
  0.16740148093196872  0.17868946580321587  0.18854718217067074  0.19756656043930113
  0.20619335740001177  0.21606298434091378  0.22500392903577240  0.23420702252806383
  0.24364995728570721  0.25492352228241461  0.26694599522784529  0.27972943634117742
  0.29142472054468216  0.30246184715819002  0.31288035697646693  0.32351852038032847
  0.33342436518408353  0.34227135044209772  0.35076170516448796  0.35937211159751570
  0.36767764720160129  0.37591551657949657  0.38441137133199660  0.39360430233759164
  0.40384467542115021  0.41445493604140038  0.42485589708492505  0.43467011093085406
  0.44459551586271379  0.45530915180018017  0.46701135462960508  0.47906387461190780
  0.49128554516094874  0.50291626874313800  0.51365106394888638  0.52446733383359034
  0.53544488940242974  0.54773178810328704  0.55898113802467608  0.56930340418779446
  0.57987052219858304  0.59109004824437272  0.60244643678046006  0.61515816582422167
  0.62778564408581428  0.63873655403352358  0.64579435630857196  0.65263533279067398
  0.66029492376871379  0.66842811986012851  0.67657133812813086  0.68979872673773135
  0.70410829285344601  0.71618706751475514  0.72739482551336299  0.73904820296559315
  0.75085259673791493  0.76471261915424260  0.77840910656630757  0.79309342469643085
  0.80586279216556866  0.81685884011592946  0.82633720037266689  0.83467039243311036
  0.84437636849245312  0.85477459659605404  0.86580954545537459  0.87638990820363949
  0.88679135185222668  0.89908161118206553  0.91128865780157131  0.92178838514136408
  0.93203574773314934  0.94285890528934213  0.95332663622357228  0.96289127888349679
  0.97245385442494370  0.98169914319250062  0.99146000780480559  1.00000000000000000
 -0.00296045012561796  0.01240301933417335  0.02401581912360240  0.03517925923459836
  0.04655715659834679  0.05731336134982046  0.06721457925742272  0.07646647077340148
  0.08567520088920973  0.09515894275419312  0.10499797034500950  0.11424667830134633
  0.12309242852266970  0.13164608884445567  0.14051347889205912  0.15078781796524443
  0.16247855661124697  0.17433448067939014  0.18762724885430260  0.20006723740613339
  0.21307569623382094  0.22552542931321110  0.23810331276424496  0.25041531175003401
  0.26153995248621159  0.27096747935469429  0.28047279778171041  0.28968549077958922
  0.30079388800513834  0.31141016651184739  0.32268755054795206  0.33447333764177778
  0.34820758574069993  0.36192024523286304  0.37543346227783486  0.38871192428609680
  0.40288450088929267  0.41831145674818387  0.43311193891534283  0.44715601339875910
  0.45981612652380022  0.46986276950100603  0.47962732139583530  0.48918047533492848
  0.49888432805970900  0.50755414558235623  0.51485333405460065  0.52218366231845004
  0.52959768205429048  0.53688737667932718  0.54363361411035549  0.55040710343955812
  0.55841763338289985  0.56927201848262876  0.58286542478451764  0.59582999726477603
  0.60834045207843690  0.61964994018570629  0.63223773745256417  0.64511029090251137
  0.65764198280654496  0.66837952798176536  0.67951223890091850  0.69064752779826377
  0.69696789507163648  0.70165603732105197  0.70648076181338570  0.71131128881523265
  0.71671997363231288  0.72237443513933985  0.73122575556489666  0.74200717828820373
  0.75315276888258276  0.76478739767241921  0.77746760382662938  0.79092667874156830
  0.80251666274520705  0.81309736990376924  0.82452564678302420  0.83634832043450913
  0.84743310067789823  0.85843978886804628  0.86774532023430706  0.87847195387243948
  0.89011181835509767  0.90427287595957995  0.91664962579286391  0.92615159184879237
  0.93479624096779135  0.94272720462229820  0.95192252437763680  0.96236145738902090
  0.97260206577822717  0.98213503869271901  0.99118314445744893  1.00000000000000000
 -0.00244634027872352  0.00871357385503352  0.01820623978846789  0.02875211559973560
  0.03905094689689897  0.04780323297168646  0.05565126575119406  0.06291707703156776
  0.07012892791857796  0.07643230729534585  0.08261540728012901  0.09065295327638147
  0.09891514340621642  0.10624201038402520  0.11822772127737215  0.12987415142754066
  0.14147997104560889  0.15203680008910661  0.16294216364631428  0.17483860415542640
  0.18839911984096025  0.20045112341685967  0.21260343361668577  0.22366882513629741
  0.23407617463582425  0.24333343165269600  0.25288417119721773  0.26237984385960195
  0.27268603134351010  0.28339754673439521  0.29549536914861513  0.30746482194861274
  0.32080421857679736  0.33522494714666173  0.35232819531102849  0.36487119535810714
  0.37561651053245909  0.38589697639490211  0.39618825562558418  0.40686825122181591
  0.41664367687730203  0.42679867498697521  0.43803141981781007  0.45051368448877072
  0.46455764764577429  0.47902918362226610  0.49388555337437318  0.50921483857250116
  0.52240084148224097  0.53147742437571199  0.53943054966464909  0.54751778167662357
  0.55705866236967216  0.56462208486032561  0.57152945748254735  0.57812128345936431
  0.58745117424016502  0.59825276021256946  0.60915459568719432  0.61951019540988583
  0.63034559869675533  0.64123844660852647  0.65240512808841555  0.66354948266439906
  0.67288353075920571  0.68171210877001609  0.69127684295001979  0.70245323119636327
  0.71351074215740140  0.72306243216674870  0.73229208212746710  0.74020037665517835
  0.74786578187539965  0.75575970566124417  0.76528970390628825  0.77611310978043524
  0.78754457015597767  0.79736304012478043  0.80667399939037077  0.81579379677229791
  0.82591552511571131  0.83785399371179170  0.85024255982070129  0.86163676095000041
  0.87209333201784567  0.88345833943250363  0.89574292373221853  0.90789495549767130
  0.91952515092435338  0.93068734332492342  0.94148328194871667  0.95227202400305766
  0.96331183440370394  0.97361177459572890  0.98633073832740514  1.00000000000000000
 -0.00008181605654649  0.00064229069383540  0.00107722335935257  0.00139274283799563
  0.00170786882606090  0.00202624396764716  0.00234780934795021  0.00266534167930104
  0.00298671747641999  0.00330859037334339  0.00361629551417585  0.00393848128444248
  0.00426528413166287  0.00459335096624261  0.00492387902151676  0.00527225294800673
  0.00561873415216696  0.00597971790490543  0.00636447057570198  0.00674945469798086
  0.00713059892220079  0.00750093162708088  0.00784990269612693  0.00823169334385019
  0.00861519976280141  0.00899989313118603  0.00938944076944983  0.00979611607539342
  0.01025726773682069  0.01076063241671094  0.01127967382673946  0.01181713074852438
  0.01231440489220677  0.01274891009918879  0.01315632393592539  0.01351884349241170
  0.01392990723733690  0.01427973796217420  0.01462131943995702  0.01493439140285060
  0.01527749221808642  0.01567414277467941  0.01610701028076946  0.01657048750506137
  0.01697111729393985  0.01745184992464890  0.01799652280018506  0.01859876932218060
  0.01914064949622072  0.01956996281858537  0.01995661446730156  0.02035572443275529
  0.02078840710524289  0.02121388683444473  0.02161227758525452  0.02205109122527255
  0.02255001432664480  0.02307796873951938  0.02363153323429058  0.02429182882013957
  0.02494901614646143  0.02548990804973973  0.02607330415291630  0.02665761643931471
  0.02718764069395219  0.02769195601701732  0.02834492758486903  0.02953018236638810
  0.03084586719304901  0.03204831650997325  0.03308863282872033  0.03394765434451503
  0.03560940555105305  0.03717527674593616  0.03791603929770394  0.03862959341996836
  0.03929310924220789  0.04012245925739938  0.04125235836847749  0.04276919712978242
  0.04474821965255331  0.04652845355943643  0.04796426172233152  0.05070782530491953
  0.05248823249070424  0.05416311515072840  0.05569813722343959  0.05662154445210482
  0.05829334490478442  0.06360110092381531  0.06973635283413875  0.07874825357909965
  0.08649057217316600  0.09150456700626128  0.09436243522106665  1.00000000000000000
 -0.00233516128205078  0.01122216858148819  0.02265977383052794  0.03391262851648238
  0.04475690391319022  0.05518844055183997  0.06537796118428714  0.07546938389138172
  0.08633437739819957  0.09665655372037706  0.10618471168287620  0.11526361413981911
  0.12436226401353415  0.13631403655196370  0.15008550893846917  0.16400726829992957
  0.17564063972607533  0.18631332422200933  0.19558413004662642  0.20403403175441154
  0.21177023663896194  0.21981111685409857  0.22964700097472820  0.24311005440393457
  0.25785398420773381  0.27198303807766194  0.28528245443547068  0.29815281817535250
  0.31075692603141430  0.32312042847350647  0.33566256262052635  0.34855360109642580
  0.36125430065621306  0.37330501871298183  0.38527441183729905  0.39600317281660941
  0.40663673196447248  0.41749813662051266  0.42882256212388364  0.44137995125634411
  0.45389829525389086  0.46571830790541630  0.47595919535725162  0.48466972432586841
  0.49321409126167604  0.50183863966455333  0.51146844194553509  0.52281547106647952
  0.53518331200573321  0.54758712771000673  0.55866901108067835  0.56787839873779744
  0.57736062513342923  0.58656991582351636  0.59563511113620871  0.60480028352503323
  0.61481040433748013  0.62476024296948296  0.63502342054152883  0.64572034663545830
  0.65705694611717835  0.66916136805564763  0.68118475121198607  0.69263985747795753
  0.70253017400036732  0.71074332435204990  0.71891079604612840  0.72737296576487542
  0.73814282121535180  0.74857375955126948  0.75776205318895751  0.76727623066840389
  0.77846911451653988  0.78933359770412370  0.79763519503421276  0.80538356407695688
  0.81211393235022955  0.81790517695109255  0.82862487721044964  0.83771012110203225
  0.84581164524286034  0.85444183570340770  0.86245213349524252  0.86891860296230805
  0.87507548117466072  0.88217109812403849  0.89040359759494836  0.90122676578942951
  0.91433899673569130  0.92618038788231372  0.93655215226810162  0.94765185806993035
  0.95991362256036117  0.97516094780908025  0.98799540719614332  1.00000000000000000
  0.05131039933202598  0.19193997612500721  0.26719990238309521  0.32660521846025398
  0.38150690331769160  0.42820141543389739  0.46768216601404489  0.50259600251087211
  0.53593377516574092  0.56708492139758682  0.59433855705890248  0.61803821164529338
  0.63939172694993507  0.65906985944733376  0.67782523276081208  0.69531937758281170
  0.71132049618042792  0.72687508335546280  0.74093546145671385  0.75404725696374963
  0.76609709446355911  0.77782282829728178  0.78936636605626131  0.80015114201074378
  0.80979800762119869  0.81803719783745621  0.82556703314777835  0.83276603933853111
  0.83956717323476282  0.84606523779385567  0.85246702508710348  0.85866651420089812
  0.86454775259440575  0.87006426400404901  0.87571504742840645  0.88197910272710733
  0.88816051660022333  0.89413445124118063  0.89914426545882264  0.90458175402421537
  0.90952673692186181  0.91399039522727366  0.91795880733012125  0.92155835277847331
  0.92527994627770815  0.92899323002279499  0.93265655817857840  0.93609432101806955
  0.93907626268119448  0.94185499988539001  0.94466688559169343  0.94742826281656689
  0.94997337023586681  0.95228012515679250  0.95441366013324047  0.95634122462740678
  0.95814941219429850  0.95981820364944315  0.96156313844425745  0.96346764469243640
  0.96530557111139126  0.96695808593671750  0.96836931907919799  0.96976167557670967
  0.97118532053941942  0.97262011972999562  0.97408263275192586  0.97554634493003456
  0.97694969454699454  0.97827252069270032  0.97957206508152839  0.98075632458002449
  0.98185459242973039  0.98289582158690714  0.98386070083849153  0.98478397083777636
  0.98569662075060605  0.98666398442652614  0.98763954915664498  0.98862427220343307
  0.98961350179441765  0.99054072642509805  0.99133292782869609  0.99207794518302672
  0.99279285440357790  0.99342913733596894  0.99404034272880015  0.99464847136276691
  0.99528780770327352  0.99587843536941356  0.99649445746700582  0.99712158469033330
  0.99773812967689379  0.99837753162115883  0.99908990592436708  1.00000000000000000
 -0.01533538138344900  0.09849726838951232  0.13709531352348672  0.16011396916061829
  0.17638627539941010  0.19106473209643696  0.20637925228546733  0.22050859369000039
  0.23201799875047738  0.24276141002206753  0.25351856642814752  0.26312666451191641
  0.27259039938690172  0.28117935989419524  0.29032589583428042  0.30019276220662944
  0.30903805386390121  0.31697506621276800  0.32424649584308879  0.33116770666426387
  0.33843097176773074  0.34675923253022184  0.35490059825220921  0.36178311557717180
  0.36802279410983113  0.37421040432021224  0.38057479216318707  0.38732898031514718
  0.39466128339648471  0.40285375185465327  0.41060388613141430  0.41826953635793573
  0.42668647194993542  0.43441444755133779  0.44213835159429371  0.45002132768789971
  0.45796255082301146  0.46588948583872525  0.47388720952646129  0.48219797679347065
  0.49066476744145243  0.49887495424094647  0.50509027440651810  0.51031985254047707
  0.51565648632999295  0.52086149515581526  0.52631612468661648  0.53202569202072292
  0.53717797523650435  0.54226257782305920  0.54766797601148243  0.55361073465575206
  0.55926732177338123  0.56476251700249092  0.57097712584206206  0.57805452612559038
  0.58569189572669578  0.59441737635383285  0.60304824491834030  0.61088181338644232
  0.61823454199091932  0.62567140054045611  0.63320988675368572  0.64143332195738734
  0.65005239564652628  0.65844777049044501  0.66686520907689828  0.67448289128670869
  0.68238606480293573  0.68968684219123955  0.69663795463757505  0.70349714024719212
  0.70968613789274093  0.71646171775134782  0.72282877920298816  0.72928712506134918
  0.73639091400228329  0.74359748193822850  0.75104552772575661  0.75920919379696650
  0.76770901193495189  0.77659881720410429  0.78544578013893462  0.79470643765877269
  0.80446852903132726  0.81257098634721536  0.82098132227548781  0.82874293888010064
  0.83511502003541604  0.84259692006448861  0.85067828192015738  0.85950057967219839
  0.87405081298392473  0.89413804938371277  0.92499199292758649  1.00000000000000000
   1.8131422083166745E-008  -1.0000000000000000     
 F F F F F F F F F F F F F F F F F F F F F F F F F F F F F F F F F F F F F F F F F F F F F F F F F F F F F F F F F F F F F F F F F F F F F F F F F F F F F F F F F F F F F F F F F F F F F F F F F F F F F F F F F F F F F F F F F F F F F F F F F F F F F F F F
  <DiscreteSampler_grid>
  grouped_processes
  1 # 1 for a reference and 2 for a running grid.
  10 # Attribute 'min_bin_probing_points' of the grid.
  1 # Attribute 'grid_mode' of the grid. 1=='default',2=='initialization'
  0.0000000000000000 # Attribute 'small_contrib_threshold' of the grid.
  0.5000000000000000 # Attribute 'damping_power' of the grid.
 # binID   n_entries weight   weight_sqr   abs_weight
    10   10   1.870614615610172E+006   3.497549239038959E+013   1.870614615610172E+006
  </DiscreteSampler_grid>
