  0.00959335649957714  0.01627127487922222  0.02476977121885634  0.03365944725042016
  0.04290001804374173  0.05262135880018205  0.06255389851730483  0.07293109225040841
  0.08377419177167106  0.09499198734077269  0.10646927651670468  0.11805747318144348
  0.12972307394037613  0.14133932784988409  0.15245608120326984  0.16293912442419936
  0.17337550142762584  0.18396157021767265  0.19437004670157584  0.20464931213930951
  0.21541596243474753  0.22654526014980111  0.23728814029260095  0.24767348548387247
  0.25790542006964473  0.26785149211849452  0.27760702817724719  0.28726045468902339
  0.29755497682130772  0.30796246740168276  0.31859789088129853  0.32912223117950695
  0.33975510780867196  0.35032670071132732  0.36115773812296970  0.37161064642262426
  0.38166360124898790  0.39102699366686067  0.40101360532267677  0.41172364353829827
  0.42289526728524335  0.43376331018239683  0.44451506528157841  0.45493023315421627
  0.46547406340440844  0.47646696509506603  0.48687124357737016  0.49674770291890763
  0.50652257898303887  0.51617420700307171  0.52643745126728403  0.53649891846886522
  0.54684337027366625  0.55726995708244542  0.56762938011905761  0.57798718747796585
  0.58897378306741632  0.60035954581404960  0.61165235039853449  0.62250546879261837
  0.63294713988800322  0.64336921209464226  0.65401730175664297  0.66469557365804754
  0.67458947181990014  0.68427268707613631  0.69428889167353880  0.70480346037819863
  0.71541868853820823  0.72595854582070252  0.73718344934719371  0.74800657182415342
  0.75830133427467661  0.76870314416315977  0.77976949716112132  0.79085371131960658
  0.80093967245657338  0.81100708232514052  0.82100070658755464  0.83072297752854796
  0.84043801606403101  0.85060358695470129  0.86182643474056453  0.87344548571310066
  0.88476906008999379  0.89578546940317594  0.90666278205835282  0.91773451860834998
  0.92848047308156478  0.93928851615637121  0.95062614825869218  0.96194147257440232
  0.97272596112274723  0.98210207033485708  0.99144624913653956  1.00000000000000000
  0.00000253420411067  0.00000255618891966  0.00000260146203756  0.00000266307974726
  0.00000272966467484  0.00000280356724834  0.00000288549704510  0.00000298927824376
  0.00000311439303153  0.00000324686732056  0.00000339915068131  0.00000356463241732
  0.00000375143228523  0.00000395953621857  0.00000417319863340  0.00000440112782164
  0.00000465878799113  0.00000491316696161  0.00000519125888026  0.00000550235021730
  0.00000582227764844  0.00000616799188807  0.00000653148644817  0.00000692155171384
  0.00000734069851704  0.00000778316314884  0.00000826316962643  0.00000876812461411
  0.00000928603365327  0.00000982570052224  0.00001036764477804  0.00001093605941199
  0.00001157686406648  0.00001226280043538  0.00001301407899722  0.00001381702300340
  0.00001465351817684  0.00001553039017583  0.00001645967610702  0.00001744695547733
  0.00001847635067461  0.00001951716760954  0.00002067640688388  0.00002193181374351
  0.00002321816084309  0.00002457266684493  0.00002601852914502  0.00002752811175580
  0.00002901079577241  0.00003078452542624  0.00003255958087999  0.00003445762543004
  0.00003650086697378  0.00003865551329665  0.00004089783997531  0.00004328698226274
  0.00004598085222813  0.00004868792657576  0.00005143433645653  0.00005438160064238
  0.00005764562377164  0.00006120188426548  0.00006501204482940  0.00006906120127161
  0.00007329231213625  0.00007791006383167  0.00008382810834376  0.00008997071003646
  0.00009621512010714  0.00010311771467317  0.00011071244567754  0.00011939873162032
  0.00012857498858074  0.00013928204936845  0.00015189834512597  0.00016599772813078
  0.00018131712087962  0.00019807403222569  0.00021680628688664  0.00023882193322718
  0.00026645048642388  0.00029853598685308  0.00033325069993243  0.00037774823794048
  0.00043484890068708  0.00050792232096857  0.00060747387796838  0.00075138966739963
  0.00097177246730054  0.00132776442498201  0.00198335434078945  0.00329495860493890
  0.00674359813788684  0.02260367172258008  0.46136285088109064  1.00000000000000000
  0.00000236828729852  0.00000264722723990  0.00000291988672360  0.00000318847989838
  0.00000347302257271  0.00000377504284731  0.00000409335612785  0.00000443559941650
  0.00000477945296180  0.00000515822099820  0.00000554588080041  0.00000596446823361
  0.00000640290209980  0.00000685619691039  0.00000731719010191  0.00000779162847114
  0.00000829219433409  0.00000879489587685  0.00000931285753869  0.00000983033928162
  0.00001035217272525  0.00001087654592058  0.00001142864458007  0.00001202815406821
  0.00001267887052111  0.00001338253429390  0.00001413824278501  0.00001496051484698
  0.00001584214651229  0.00001676652375160  0.00001773893576076  0.00001874954101746
  0.00001977689752939  0.00002080262854286  0.00002183834586353  0.00002293746103575
  0.00002411509398811  0.00002534106962656  0.00002661656149662  0.00002796687722072
  0.00002938271476895  0.00003080087504357  0.00003227016301787  0.00003376735623402
  0.00003526103234651  0.00003688328161198  0.00003857486356868  0.00004034168172673
  0.00004222654336125  0.00004424375762497  0.00004640212583132  0.00004874659471059
  0.00005131240259033  0.00005402755262582  0.00005687762222234  0.00005991725059895
  0.00006310995616646  0.00006659223429956  0.00007035475800425  0.00007431750765888
  0.00007842484207552  0.00008267632708526  0.00008700607217728  0.00009150513344598
  0.00009617992939190  0.00010106865038438  0.00010655125790657  0.00011252718408088
  0.00011922675968556  0.00012713514390738  0.00013622106472868  0.00014620210297520
  0.00015747781657076  0.00016944191518160  0.00018225140028532  0.00019617701245292
  0.00021198803411173  0.00023062262329617  0.00025292710984220  0.00027964365056990
  0.00030936127624345  0.00034402899144075  0.00038729622214399  0.00044065156976418
  0.00050896400499994  0.00060066200963402  0.00072609532884655  0.00089863782147910
  0.00114068989358070  0.00151621412297605  0.00219307101536497  0.00365978170584414
  0.00703472822591575  0.02641628339541678  0.15340754155301536  1.00000000000000000
 -0.00251266955996567  0.00969448607914343  0.02093644355223003  0.03168616183288121
  0.04207967822343640  0.05287851413018843  0.06399683323115650  0.07591178922496725
  0.08688526476303615  0.09723098749369204  0.10734586329138603  0.11731331914120603
  0.12721013545380810  0.13656080459642528  0.14588442871237453  0.15592868673465102
  0.16635152126919625  0.17733317208018465  0.18846396876268401  0.19979369308319384
  0.21044972784199675  0.22119686401507141  0.23245073960283338  0.24424949462558732
  0.25571858071787662  0.26682285515917414  0.27813609828229996  0.28955117711099687
  0.29977185815654017  0.30994450668060802  0.32015299039428313  0.33106822511489348
  0.34197410514377036  0.35249926849111346  0.36278534358163400  0.37268891182108788
  0.38258510512001553  0.39281348180021664  0.40309067819355165  0.41359615563654528
  0.42391946713923984  0.43444095955496959  0.44532511550619097  0.45715038230703381
  0.46649731740895106  0.47611670272761220  0.48536982565092740  0.49499134721221999
  0.50355834067713567  0.51199110360478317  0.52058214858225194  0.52955248050811066
  0.53869825077251610  0.54820207626357109  0.55842566516949554  0.56915665754325695
  0.58002462269145605  0.59063069331053009  0.60087035845339176  0.61109366109179375
  0.62156364008683551  0.63228217758971661  0.64280755003217382  0.65304290951489241
  0.66343278911558368  0.67422718553573990  0.68549051880185818  0.69633951415051965
  0.70665808319894119  0.71667718662210123  0.72661912986572241  0.73688596591915412
  0.74771955001083434  0.75909258211805963  0.77064456054480834  0.78232379979773192
  0.79437760281730585  0.80655060919343102  0.81831035735713087  0.82919068522000139
  0.83988406480400812  0.85045720425451621  0.86120635779707932  0.87162617791419206
  0.88200526904483068  0.89245396106256669  0.90327782723124483  0.91434026158778026
  0.92595816758775651  0.93760152857818568  0.94886865008953858  0.95978426458898813
  0.96993145298752803  0.98032446772816950  0.99006588433602116  1.00000000000000000
 -0.00228081235179343  0.00954759918015735  0.01991094054098684  0.03117933775505811
  0.04214781146648090  0.05371631831637624  0.06484262486294820  0.07581139918871863
  0.08628450142285528  0.09701882183961717  0.10803862944508835  0.11919584718585843
  0.13031317967314351  0.14140245462811374  0.15256900612193469  0.16396471894233350
  0.17492014496308908  0.18615463841224061  0.19765566280713284  0.20903896399456939
  0.22014337585234270  0.23100319673253078  0.24175874195293914  0.25216398830959003
  0.26213267476689633  0.27149600373141669  0.28033454016006587  0.28937698985963917
  0.29917207195478662  0.30873057272841864  0.31852645276913444  0.32879280758951612
  0.33901457198704865  0.34896617174455424  0.35882548521083724  0.36857462043845501
  0.37851735320810026  0.38829267698057429  0.39808529792842967  0.40849474112903655
  0.41912351638828432  0.43010402288632921  0.44094698281257366  0.45149856584376263
  0.46178958602229725  0.47201941340835785  0.48284155832064080  0.49423507705413611
  0.50582313149435942  0.51693516308531995  0.52760914141841453  0.53767053502776252
  0.54759653422873900  0.55731046725728417  0.56729876194428086  0.57667798473656684
  0.58582766470038938  0.59515975889679840  0.60502753326572289  0.61524996469871518
  0.62615426668581498  0.63698164471557539  0.64757435259711960  0.65797713933510327
  0.66832191212416170  0.67887731112745098  0.68934635747358952  0.69995599454116408
  0.71064464052737020  0.72179735298395442  0.73269017474599718  0.74350731588695906
  0.75403451037036362  0.76490692988192077  0.77608905269926820  0.78677525816829252
  0.79783753941730973  0.80857245624531404  0.81986418611232015  0.83062764601937078
  0.84051623749186777  0.85043872064051840  0.86064756416747290  0.87133818546193353
  0.88179465165999604  0.89235669759690339  0.90344934005148192  0.91453679784973418
  0.92515529582899136  0.93527768992497340  0.94621258359793048  0.95726695184575350
  0.96789927882340698  0.97857032395592691  0.98936133163308171  1.00000000000000000
 -0.00235803911761607  0.00876853421018242  0.01831896792758992  0.02885431271200035
  0.04077823588568387  0.05034107139667805  0.06005812212513357  0.06951261142506239
  0.07899525537667071  0.08809983749989522  0.09723920670488580  0.10654654497999234
  0.11649376294034915  0.12648187671561026  0.13680815261209059  0.14708222143391930
  0.15732394906206332  0.16777147005153484  0.17850752499451628  0.18897440766918461
  0.19918337611452291  0.20959975610445519  0.22045795328523432  0.23184105406713751
  0.24291745481963953  0.25380720463385970  0.26467880989777814  0.27554589679945379
  0.28639488324231965  0.29708591589983097  0.30819829773402618  0.31935852543124138
  0.33079158835638178  0.34188777415439303  0.35316572008288999  0.36404504616587768
  0.37458974209442908  0.38445834756563640  0.39445410738905828  0.40492775582967883
  0.41587274519550693  0.42706691803447294  0.43780707963169962  0.44878455798162370
  0.45958021901848872  0.47060394768629626  0.48209658690456386  0.49413089992724618
  0.50574869931844824  0.51614782265160031  0.52594580515807632  0.53551720460646357
  0.54570136847654072  0.55658284284236503  0.56775988817434786  0.57928566215870880
  0.59042048984939366  0.60122264633309841  0.61179696945157447  0.62180246607780876
  0.63134460390580582  0.64097179304761365  0.65116687728517864  0.66145491199916195
  0.67135638648546214  0.68128971958364692  0.69181749525016578  0.70264126696775331
  0.71334638622501301  0.72390190466896576  0.73437980367268230  0.74471358624757711
  0.75580612477841236  0.76697778399442551  0.77796507093365719  0.78891181745483885
  0.79953947245322488  0.81006376954733350  0.82092474882707533  0.83202154838002895
  0.84314057494552364  0.85403705365869798  0.86480340520472510  0.87553593310890920
  0.88519543684533086  0.89419297031484768  0.90304572316189380  0.91243929317694694
  0.92274552071808136  0.93383827001750475  0.94486833687941651  0.95594105479117752
  0.96722057717857357  0.97888968946970301  0.98935328835358671  1.00000000000000000
  0.00003546435578090  0.00013202340814652  0.00048532513596896  0.00097912464888139
  0.00156962217569062  0.00198054503248888  0.00238427747793748  0.00281991875622121
  0.00326909043807349  0.00372161632264112  0.00418416509119375  0.00465894048703619
  0.00514487327783814  0.00563759354693503  0.00612922851666538  0.00662996521031046
  0.00713464477802834  0.00764536340386961  0.00816747026829923  0.00870651150577559
  0.00926198914223388  0.00980820093317560  0.01035275738380799  0.01089074978888983
  0.01143055861791627  0.01197115941831207  0.01251859354035959  0.01307946807762029
  0.01365122494428810  0.01423160524867329  0.01482736794611429  0.01543951685192796
  0.01606913564998750  0.01670854760760642  0.01735405667093214  0.01798751391054812
  0.01864273452282972  0.01930855365637904  0.02002390286947660  0.02074893679632077
  0.02148799517713236  0.02223193152025809  0.02298707222595990  0.02377608790269032
  0.02458500582398822  0.02537598615470912  0.02618024457190741  0.02705369763469050
  0.02798401762977626  0.02895664934225942  0.02991534599695147  0.03090676957869157
  0.03188601666102402  0.03285722338743913  0.03383159503494789  0.03478997061453745
  0.03587307838454579  0.03705706724740893  0.03834858369765949  0.03959994968773795
  0.04091042090389077  0.04226920413359486  0.04377597236746950  0.04537863788324126
  0.04700382530090990  0.04863319971085146  0.05022330527753972  0.05179210789675320
  0.05350189448146112  0.05543829172772725  0.05745476274086729  0.05948729608719650
  0.06156736525101657  0.06357473431057188  0.06561442637067601  0.06781518958197119
  0.07007076739763760  0.07232368153364026  0.07467892532791554  0.07775526517637352
  0.08075716087263855  0.08387319139405867  0.08670520268041473  0.08936596684554746
  0.09214394512151701  0.09559126945070016  0.09917623331914419  0.10275329128709013
  0.10730388073425076  0.11227602447682022  0.11890817765970464  0.12582575255686720
  0.14461554210857586  0.17260005014607557  0.52209382263964843  1.00000000000000000
 -0.00230535176302755  0.00966286613315913  0.02037399542511728  0.03058088210120205
  0.04104794694416081  0.05243401611943711  0.06416267925667962  0.07453977236750345
  0.08457239815090883  0.09455175911302516  0.10404801335644272  0.11316544733359203
  0.12249913002019991  0.13328070173811163  0.14467483365080078  0.15515835613042553
  0.16519796006566567  0.17507583438013599  0.18491691977685942  0.19489624834382874
  0.20522961270908813  0.21590865698767542  0.22667766847391946  0.23741433110507668
  0.24826122966851960  0.25896311000447281  0.26938356224584409  0.27997940023192841
  0.29043535650101515  0.30069554357061362  0.31022114344783425  0.31923654594900180
  0.32809955658233347  0.33745519780316879  0.34774083297184855  0.35839385235977317
  0.36937991121262848  0.38010716210651346  0.39034634446293770  0.40011481445467090
  0.40928367148602046  0.41795825962807642  0.42660257385269412  0.43558376918494973
  0.44518546633165579  0.45519679748790509  0.46470861395076857  0.47375239155309645
  0.48299006235525088  0.49273798635761418  0.50271369167431812  0.51274628570230352
  0.52300655551476904  0.53357471886514274  0.54410614421618064  0.55361611920523868
  0.56317976416135795  0.57256473868987900  0.58151254822910114  0.59009894351832626
  0.59866926422418332  0.60843248723921983  0.61903677122742828  0.62940747099746341
  0.63938506109790816  0.64906735255965364  0.65912611313183367  0.66989647594302504
  0.68107558930032164  0.69224091061443649  0.70303343672417895  0.71422477034448684
  0.72580663268077505  0.73773222213794876  0.74979839365514900  0.76186302938505879
  0.77359478534531856  0.78557374028805793  0.79750689201780689  0.80924765692327250
  0.82120857756732135  0.83228093313843532  0.84348195221715139  0.85480999441364680
  0.86674859886890865  0.87880639831608409  0.89058251471349903  0.90257086329920666
  0.91425745750825682  0.92697587009211846  0.93961019144792679  0.95214648836662474
  0.96485959193935100  0.97695334745423013  0.98855681937915907  1.00000000000000000
  0.00929162931126443  0.20575649386874753  0.31926152714115702  0.40089282496755946
  0.46155485362176046  0.51221937411929608  0.55402930315016385  0.59068076185405904
  0.62302922608291300  0.65098399198728174  0.67583207589083927  0.69743752750914412
  0.71686915197564405  0.73454153665754685  0.75086682680520245  0.76564922077597952
  0.77905199846005335  0.79134840229324976  0.80280170274794604  0.81372977895317800
  0.82384265494364017  0.83331397025147158  0.84193032849299754  0.85003669929472980
  0.85753416149534867  0.86453071176893326  0.87125832538100734  0.87757352987310655
  0.88348224186780000  0.88912911425337271  0.89455181031690201  0.89961509812231044
  0.90429646384180973  0.90874414423927696  0.91296101860797874  0.91682618802519933
  0.92039520404007447  0.92370004834616060  0.92695696258899729  0.93015850782201903
  0.93319797883510247  0.93616563382088391  0.93891463696548338  0.94148811551954781
  0.94398413621202359  0.94639990766775639  0.94867920812528495  0.95085707450715873
  0.95296427744917167  0.95504072520477379  0.95704396103351452  0.95892351242735618
  0.96072232005272851  0.96244348282400005  0.96410375061906539  0.96569736105173154
  0.96722553423236834  0.96868160081652899  0.97007599283478263  0.97136987969079092
  0.97258156604106416  0.97373305785999797  0.97485109959867766  0.97596309709781648
  0.97704189935513708  0.97808682677185221  0.97911867953477449  0.98013566454909551
  0.98113798617772263  0.98211827244907690  0.98305792734239772  0.98395509902104772
  0.98481956547154770  0.98565549043937117  0.98646168695805836  0.98723861973730254
  0.98800037282603592  0.98872546768875991  0.98942139543737506  0.99009459988971349
  0.99075888031923653  0.99142095045658252  0.99205346026480301  0.99266580431658247
  0.99324429162999794  0.99380251464348757  0.99434908624040330  0.99487755207761508
  0.99541713619175520  0.99596420543101460  0.99651510579464664  0.99708802007460418
  0.99771214591849899  0.99839794069084553  0.99916267191811858  1.00000000000000000
 -0.02159842995356654  0.10582824772375798  0.14522675940609592  0.17132559099071895
  0.19235865077931502  0.20982692741421763  0.22466137351845483  0.23837434197358873
  0.25118855980371158  0.26186466811713172  0.27195071095268658  0.28192140054765963
  0.29175444750559260  0.30080741262127325  0.30927499788966512  0.31787241971614438
  0.32664095733378851  0.33543207191991647  0.34420040659393858  0.35266734871307359
  0.36110950313700690  0.36981000184100943  0.37818571107425664  0.38578761062786937
  0.39342453077488093  0.40059284686868135  0.40789187326880422  0.41535429120269485
  0.42248758797537567  0.42938220311594166  0.43629382798502075  0.44313589489762090
  0.45002619472018823  0.45683556895621807  0.46319830823472752  0.46936706694166441
  0.47556632332166104  0.48175440502574723  0.48828017742497914  0.49509423638183236
  0.50209570980606844  0.50877834345397921  0.51568439634423147  0.52205880607435795
  0.52824272798948202  0.53445391282077825  0.54057805134879189  0.54658051093407767
  0.55248006607938671  0.55849471267913631  0.56464145736338145  0.57028782878642281
  0.57542501576358729  0.58054343623517046  0.58595769300166201  0.59177669929194066
  0.59751115316380066  0.60308331592686293  0.60864113373577777  0.61408857786371651
  0.61951313727472346  0.62517895753778818  0.63141066187537964  0.63779059052166331
  0.64415728807661599  0.65051755832471436  0.65703826508470242  0.66383337974121592
  0.67047632571682247  0.67716031701810020  0.68368323782396279  0.69069149693814591
  0.69723469943924166  0.70397216005132335  0.71065588773934485  0.71745463106952756
  0.72448929547237839  0.73151056053288788  0.73847807763605766  0.74561645458074588
  0.75302884291133898  0.76058986641323356  0.76844072617661074  0.77617288172382404
  0.78385764577545203  0.79164987164666656  0.80017554617822062  0.80912456494604224
  0.81949679913613505  0.83044212506893156  0.84186857597395015  0.85450045336219393
  0.86925016436680713  0.88823668554381152  0.91804190674810116  1.00000000000000000
   1.2206512258418394E-009  -1.0000000000000000     
 F F F F F F F F F F F F F F F F F F F F F F F F F F F F F F F F F F F F F F F F F F F F F F F F F F F F F F F F F F F F F F F F F F F F F F F F F F F F F F F F F F F F F F F F F F F F F F F F F F F F F F F F F F F F F F F F F F F F F F F F F F F F F F F F
  <DiscreteSampler_grid>
  grouped_processes
  1 # 1 for a reference and 2 for a running grid.
  10 # Attribute 'min_bin_probing_points' of the grid.
  1 # Attribute 'grid_mode' of the grid. 1=='default',2=='initialization'
  0.0000000000000000 # Attribute 'small_contrib_threshold' of the grid.
  0.5000000000000000 # Attribute 'damping_power' of the grid.
 # binID   n_entries weight   weight_sqr   abs_weight
    10   10   2.653694729846264E+004   6.288373615757212E+009   2.653694729846264E+004
  </DiscreteSampler_grid>
