  0.00965156911511674  0.01556871353830988  0.02501088761310211  0.03597407767281932
  0.04735562940499139  0.05864534915401426  0.06966295184234397  0.08085218937073525
  0.09153752625086420  0.10223881192230216  0.11305944887559562  0.12393389375545200
  0.13500604132767047  0.14555484664428620  0.15522852531309964  0.16440927398699084
  0.17372595280821462  0.18304965112284094  0.19215928670440999  0.20126924051849621
  0.20985982417767235  0.21815779304487501  0.22689976868327721  0.23607573065238521
  0.24639486218111439  0.25631807834624626  0.26634925815827254  0.27597653894246160
  0.28594313156994200  0.29604260338038946  0.30675881015095557  0.31719556686254735
  0.32783724801581382  0.33807241045865988  0.34838717463785257  0.35889270724209416
  0.36989491632465871  0.38104866321177772  0.39190985274131462  0.40239569002672249
  0.41275167151592751  0.42305133769606407  0.43325871590935111  0.44308013653457096
  0.45292184522447027  0.46298910036137242  0.47359233497138947  0.48436267159516050
  0.49528054159847351  0.50616480377400930  0.51683784402256017  0.52739048582148140
  0.53717799785233356  0.54719466814968964  0.55763054572054083  0.56829451117609620
  0.57906723996282672  0.58961416211176287  0.59977787008903538  0.60958893355807864
  0.61945425780697494  0.62956467453964549  0.63997670538920415  0.65071313095006211
  0.66158277349371430  0.67247549464070333  0.68320042699138406  0.69354131344063219
  0.70397796823105818  0.71465528411879753  0.72553235754607326  0.73685046057300452
  0.74834171922336423  0.76008745279133905  0.77172496312364902  0.78240846338464143
  0.79236387036048495  0.80188323191188537  0.81061321485272508  0.81885312164997215
  0.82734473558224320  0.83697200266211058  0.84749495315916246  0.85805993440092831
  0.86872771978326058  0.87960024283381844  0.89071429156148640  0.90210207277028864
  0.91328936842758746  0.92415815456937167  0.93510692798666817  0.94620856390347485
  0.95740876424819932  0.96849576805030901  0.97960281726411991  1.00000000000000000
  0.00000268247820530  0.00000280189980830  0.00000289872690188  0.00000299712289303
  0.00000310104144608  0.00000322365994760  0.00000335545448425  0.00000348983354729
  0.00000362932550550  0.00000377694975322  0.00000395005489332  0.00000414129850066
  0.00000435544589054  0.00000460224173472  0.00000488067738866  0.00000518217055282
  0.00000550617043284  0.00000581266574845  0.00000617723817644  0.00000651096343551
  0.00000688828978204  0.00000728271314925  0.00000769353448843  0.00000814373201266
  0.00000862083456432  0.00000911206731272  0.00000961817395204  0.00001013551121363
  0.00001066304711197  0.00001123597222118  0.00001182127991532  0.00001246129259211
  0.00001310527906543  0.00001378732680712  0.00001450884508916  0.00001528988265275
  0.00001616233951619  0.00001709319042855  0.00001806330373337  0.00001907308147382
  0.00002012393412538  0.00002123483491995  0.00002241457418436  0.00002365889689437
  0.00002500479159470  0.00002635232391640  0.00002773705778212  0.00002914254247281
  0.00003055558391446  0.00003206701991985  0.00003371701548970  0.00003550913665339
  0.00003739100505434  0.00003933745074854  0.00004136447625079  0.00004354187068222
  0.00004583557174321  0.00004833166580145  0.00005086600366579  0.00005346191559115
  0.00005622493325639  0.00005912660882814  0.00006212621106467  0.00006530473471615
  0.00006879399221927  0.00007228770050357  0.00007620289343515  0.00008038913419657
  0.00008488026297633  0.00009008819403121  0.00009576486437435  0.00010193362221595
  0.00010897956575205  0.00011684011063702  0.00012592811492379  0.00013606357439275
  0.00014751814381762  0.00016019825581475  0.00017461885176384  0.00019118869437233
  0.00020980456412202  0.00023062786130188  0.00025460658856442  0.00028320163218554
  0.00031855311295455  0.00036237246860069  0.00041784910855846  0.00049202817174004
  0.00059676685167408  0.00073101943476315  0.00092763946112174  0.00131073076450180
  0.00227412462204106  0.00535922052114860  0.41397001953313273  1.00000000000000000
  0.00000233974380952  0.00000262754864854  0.00000287901318695  0.00000314276698057
  0.00000342034555144  0.00000370761842071  0.00000402207300594  0.00000434561335190
  0.00000469346603531  0.00000506917386408  0.00000546813672838  0.00000588538726027
  0.00000630533790574  0.00000673884116967  0.00000720090390478  0.00000768340872673
  0.00000817799355422  0.00000868979153812  0.00000922437923201  0.00000977676984523
  0.00001033379491805  0.00001088477957003  0.00001144038139721  0.00001203291514887
  0.00001266673847330  0.00001332549206232  0.00001401582445067  0.00001474692422382
  0.00001551074991156  0.00001630497610674  0.00001713167573342  0.00001797284291273
  0.00001878436312106  0.00001960013343415  0.00002047884626335  0.00002137012888579
  0.00002234397403515  0.00002339949103417  0.00002454025266242  0.00002575940471418
  0.00002708015937981  0.00002844945748146  0.00002986987944765  0.00003133105645620
  0.00003282384189275  0.00003436400113998  0.00003597572735169  0.00003768579967031
  0.00003950896258927  0.00004145254425171  0.00004350961270501  0.00004562852679528
  0.00004784465120313  0.00005016701203165  0.00005262040799676  0.00005521175778154
  0.00005791790379102  0.00006070601428155  0.00006356888028330  0.00006666690838760
  0.00007000357825848  0.00007347595272951  0.00007733825162163  0.00008129451480803
  0.00008533403023402  0.00008972111582623  0.00009446583739360  0.00009945422423452
  0.00010509911091473  0.00011115582179103  0.00011732177253000  0.00012427013497922
  0.00013145605814621  0.00014027555433162  0.00015063165278324  0.00016233504385250
  0.00017534946281770  0.00019025253302745  0.00020755928797325  0.00022719417695933
  0.00024917087756717  0.00027361815433329  0.00030153088427039  0.00033387521170658
  0.00037410866508383  0.00042339847790459  0.00048820421983410  0.00057378573916759
  0.00067753504332962  0.00082635242165113  0.00110781584164670  0.00161705464242195
  0.00264765138454744  0.00770376283504032  0.11599344345608860  1.00000000000000000
 -0.00272908215810535  0.00981100319156027  0.02042693966064841  0.03121378999880667
  0.04229269064695866  0.05313550248865219  0.06367493100459927  0.07394366163619832
  0.08437780089565042  0.09529737125382749  0.10648657607629856  0.11764476560457948
  0.12833862891660541  0.13832814530425930  0.14783954071660313  0.15732957353683669
  0.16737008994992708  0.17772869584517667  0.18781666332796762  0.19791601677333726
  0.20797318052059655  0.21798730261525304  0.22826946816548863  0.23937729927588761
  0.25077699242093981  0.26234198007415671  0.27405613103452581  0.28481219671722691
  0.29405564538983614  0.30278692642855481  0.31180481179966785  0.32090956841542417
  0.32939897321011335  0.33815446539071159  0.34803234935080629  0.35923905215630381
  0.37082244839088985  0.38177059218901244  0.39230374990943034  0.40308293412066820
  0.41442078786414266  0.42583977667403106  0.43744392489740325  0.44898528820792694
  0.46033347368952898  0.47115873670907826  0.48159060464527331  0.49173943869684367
  0.50205880502325384  0.51306912027292562  0.52314413602989740  0.53312314372093028
  0.54307349017843876  0.55324397046765061  0.56397715334442333  0.57449324538689217
  0.58415860794549734  0.59388388641738687  0.60378561070225556  0.61471388495663770
  0.62504533082304159  0.63458038484332580  0.64428332971033042  0.65509055080938128
  0.66680185802871395  0.67840080579039463  0.68980133369615892  0.70116443793420891
  0.71246718741186510  0.72359982203267015  0.73422087618583909  0.74428113886084291
  0.75432148049616632  0.76474224630285126  0.77546471892226021  0.78619617369282457
  0.79693775103821973  0.80784881756701477  0.81866090490169208  0.82926008161621267
  0.83941738686784062  0.84905246705814152  0.85884865854515613  0.86901584083176797
  0.87991662272874083  0.89112404766700193  0.90224927354318196  0.91345370759589450
  0.92507897199551026  0.93648008588421983  0.94757494057087477  0.95825881937090640
  0.96885175923930988  0.97918781488697326  0.98977611675230515  1.00000000000000000
 -0.00184283286882769  0.00760225258171979  0.01726072293770597  0.02683352851394450
  0.03751386591089609  0.04837774292384654  0.05884007315509321  0.06946806020091031
  0.07973057141785315  0.08984222090628528  0.09952148815328632  0.10950279604464905
  0.12001320041996737  0.13046984310034287  0.14143034342587810  0.15218698042895534
  0.16303206768363981  0.17273918516991485  0.18274945234541184  0.19305194995303027
  0.20378560365399331  0.21431809444278851  0.22493536763607813  0.23573137596432076
  0.24722380660451015  0.25904082582369603  0.27147882188127193  0.28386791874958578
  0.29613888291947293  0.30813274871174751  0.31959780850703084  0.33002788807778538
  0.34070287517055287  0.35094740311982137  0.36061720423266175  0.37049555751925617
  0.38071351702007139  0.39124734690792384  0.40202558457341225  0.41330269331862002
  0.42423332324288743  0.43452516564995286  0.44421511946468950  0.45427156982034761
  0.46550901175719406  0.47693844916867367  0.48787250667892185  0.49778877550087769
  0.50709056132013119  0.51681938120811644  0.52697593068933679  0.53782615770135056
  0.54894614176048284  0.55952687477485907  0.57002470512377701  0.58047019193502780
  0.59094478592490751  0.60126694795961444  0.61174931252034059  0.62189540374609287
  0.63102556236314433  0.63996465927310342  0.64938316675485941  0.65939429651881376
  0.66920743090396950  0.67929943282044403  0.68960561526755926  0.69942138800418818
  0.70906242768350325  0.71888226092770646  0.72888111815965928  0.73891176564025107
  0.74888607078588165  0.75900262342809532  0.76957302004098227  0.78044990316889185
  0.79121567491125155  0.80173838496965610  0.81273427693153866  0.82385566061630389
  0.83473612153536170  0.84527593243534094  0.85551205077993464  0.86546349326127170
  0.87557888986055199  0.88641301182810717  0.89793807869682674  0.90943140224384655
  0.92068141363352662  0.93206051673744372  0.94332523205598506  0.95474438163286945
  0.96670889136342741  0.97832405090203955  0.98947476960122449  1.00000000000000000
 -0.00308454727964062  0.01105588132816191  0.02167914699092688  0.03078762982148977
  0.04006483690304074  0.05016323701228054  0.06041287371451182  0.07051861975432368
  0.07997363969261491  0.09042773406237518  0.10120238204591128  0.11083654130420169
  0.12073805886732659  0.13059283482663631  0.14099765944622483  0.15156890663281797
  0.16143638254571530  0.17099092188299392  0.18079821512134392  0.19105664001201234
  0.20209418700873194  0.21327916580243639  0.22470105696003526  0.23602718303375564
  0.24712834134221523  0.25749687275852806  0.26786430072192347  0.27824422892730444
  0.28902315799296324  0.29975230912060485  0.31095046973949031  0.32198866999484743
  0.33255708927585770  0.34294451833297457  0.35311371012129839  0.36433246116633594
  0.37397363367792630  0.38352755617864193  0.39295944535574640  0.40284032125212355
  0.41399846205112256  0.42485141970753088  0.43497450336320437  0.44534255079492069
  0.45611002605495238  0.46689360073030056  0.47779775197383578  0.48850688083304522
  0.49928455290571810  0.50930013627694060  0.51932993405032768  0.52915708156278840
  0.53885810456976024  0.54869710918034653  0.55885422294451348  0.56942633229076511
  0.58033894134711916  0.59187749048245220  0.60402432531781913  0.61581154587713216
  0.62724073916171841  0.63858593496761473  0.64943497482188517  0.65887232240703797
  0.66801139458478354  0.67743406739693945  0.68804540839251627  0.69901972112069222
  0.70980926548046874  0.72044466308840749  0.73104420441419637  0.74152258239856339
  0.75203885655738201  0.76260735893966136  0.77325379359697910  0.78434794232480665
  0.79539751087793953  0.80611157006768008  0.81661718087902380  0.82742195057257117
  0.83865951299460839  0.84995246799706503  0.86099952292436510  0.87197081764746043
  0.88293978524952910  0.89393608488670440  0.90458105369234876  0.91505446534093515
  0.92554598653622999  0.93610015451441742  0.94647571799572572  0.95668532643864646
  0.96693824124342143  0.97782843188337598  0.98886873042406198  1.00000000000000000
  0.00000998382021256  0.00020142670452385  0.00051796078725819  0.00093321507478875
  0.00143311818380337  0.00185996740903303  0.00225228746540576  0.00267357162234746
  0.00310740934941466  0.00354584993581831  0.00398731160984171  0.00443136408648412
  0.00488676275717582  0.00534254227708062  0.00580807094403637  0.00628135056674825
  0.00675833229274075  0.00723889253895318  0.00773345825684492  0.00823464236181429
  0.00875091981926374  0.00927995620985119  0.00981577078410573  0.01035468436923711
  0.01090195263853218  0.01146614447815957  0.01203636981950210  0.01260341299678995
  0.01316159463470592  0.01371531350574327  0.01427236057950121  0.01484485222096146
  0.01542613250892086  0.01604690589029317  0.01667896076153162  0.01733657386336838
  0.01802086977961108  0.01872604355669927  0.01943145239809897  0.02012366343946390
  0.02084642462017924  0.02161794914922133  0.02241300945019631  0.02321903827380844
  0.02402277748033441  0.02484683202691450  0.02569303125051951  0.02656422941836647
  0.02742869698419994  0.02830673120018406  0.02918293985173935  0.03008205601123867
  0.03099103978733164  0.03197288490379397  0.03295991381052259  0.03388593650167441
  0.03479654708577182  0.03575141389427035  0.03677613392353200  0.03788925420755661
  0.03910248396909800  0.04037654669789440  0.04177176046077961  0.04328669303114772
  0.04470992797463264  0.04599352620592342  0.04721445960545280  0.04852212259544701
  0.05005449124041545  0.05178167286598187  0.05357583256226006  0.05536712408934173
  0.05717025438598420  0.05911942701085492  0.06123568406703902  0.06317071684980106
  0.06525653088259435  0.06741413391657353  0.06962925593899866  0.07188363194767872
  0.07442019078465327  0.07718746244276330  0.08018394038068981  0.08345731848618489
  0.08681203377465413  0.09024843365032224  0.09428651917204033  0.09881956199071129
  0.10316331324403666  0.10785795444890370  0.11551999696118849  0.12295805867818306
  0.13954729875865254  0.18689637401885267  0.90128562119704902  1.00000000000000000
 -0.00212694942484244  0.00933742550150272  0.02019987001311388  0.03109823472938068
  0.04281276384504726  0.05533573028915615  0.06794000640182421  0.08063705930888608
  0.09327331880548889  0.10597653231944994  0.11811150784561784  0.12968515382145610
  0.14064021537833132  0.15155343793163964  0.16250493829907012  0.17361293217723500
  0.18513157403954203  0.19720062702698013  0.20924753649773287  0.22079392364856820
  0.23209493948424315  0.24358496954649653  0.25504354183738770  0.26632437914854379
  0.27741723893954345  0.28805603229007959  0.29857135923449646  0.30902139977880760
  0.31965950799786930  0.33026858562247940  0.34015797945585147  0.34915339202294382
  0.35786561625675289  0.36694950225654122  0.37649740179834063  0.38596455964293885
  0.39536298554000915  0.40483471442755292  0.41471134958587175  0.42476198500167966
  0.43500423985198317  0.44511126557785924  0.45433543518777864  0.46311190735872948
  0.47161670345843859  0.48019993923740673  0.48992572859055084  0.49997441045036989
  0.50944922593337361  0.51851962585290290  0.52764347965799185  0.53662968277075229
  0.54548595906100072  0.55436251918586665  0.56374563538010503  0.57388085657391397
  0.58393938744578333  0.59320595282684463  0.60188432256772084  0.61048687915085653
  0.61937765316039051  0.62899976457942386  0.63943403486075978  0.65031779386782440
  0.66134998672954626  0.67233323266638267  0.68332496954909372  0.69406299636830404
  0.70418818108345804  0.71394515770584654  0.72387362809357925  0.73434498257310499
  0.74557439895114097  0.75663607739673300  0.76774544645444232  0.77864536625585368
  0.78942353510627572  0.80031407309690139  0.81126269513888039  0.82317385880832739
  0.83470922334728659  0.84543314144948267  0.85602625400988752  0.86706041488879992
  0.87858399372428930  0.89042619622331021  0.90211365392686871  0.91327802566455796
  0.92375059739478649  0.93392181622457815  0.94447168451647701  0.95544059542702386
  0.96655585106095121  0.97778021492382250  0.98886382105856352  1.00000000000000000
  0.03329379730864077  0.21200024787118718  0.32332391643920549  0.40396932992512363
  0.46482269123362940  0.51649160809969441  0.55872752771792522  0.59448991311422761
  0.62626345079446533  0.65415797002207920  0.67832408629389884  0.70010210036669629
  0.71993011224966186  0.73777492658015464  0.75375327708493112  0.76819577229002756
  0.78151970793320336  0.79390664583947912  0.80556667143367533  0.81635835416539348
  0.82642682282091418  0.83596828748855589  0.84474461300422776  0.85276410641244171
  0.86008415144046835  0.86691203796469873  0.87336584950578977  0.87940187672079895
  0.88503760089445382  0.89042884577171555  0.89543988611392034  0.90004169627728969
  0.90445281573964331  0.90873536760400186  0.91290613588816438  0.91686179264443535
  0.92047619411895387  0.92389248017126446  0.92721686153435356  0.93043937654075826
  0.93355677026026429  0.93655145923681282  0.93928327834427050  0.94179335007205855
  0.94426389834256863  0.94665407288311210  0.94893254780205982  0.95109756196620898
  0.95317328651848754  0.95518654754671950  0.95715308503503838  0.95906120601336331
  0.96086818845307431  0.96256654013387588  0.96421582795077265  0.96580309456368862
  0.96731594912784702  0.96873312573941961  0.97006525837419300  0.97134961171727485
  0.97261806813877827  0.97388484267810749  0.97514000918374721  0.97635841524524003
  0.97753085354437896  0.97866574445093002  0.97975711751408001  0.98078597726815375
  0.98174510127534331  0.98265031126538438  0.98351406422014342  0.98436082572795180
  0.98520394941969869  0.98602423935461947  0.98677087204224656  0.98751679907475098
  0.98826425129346784  0.98900970141365341  0.98975467384233318  0.99047739883050034
  0.99113186598485858  0.99176742703023346  0.99239902368146615  0.99300346159802055
  0.99358177959340843  0.99414795382981502  0.99470129700976029  0.99524227042321811
  0.99577035620662557  0.99628494030333559  0.99678193332066012  0.99729005138623672
  0.99783166964377845  0.99843379927283360  0.99916207401051893  1.00000000000000000
 -0.02257253873179836  0.10818958230449750  0.14600027065525040  0.17083794746387837
  0.19129232166337765  0.20822076581995871  0.22173923774884666  0.23367329537454182
  0.24465362397131504  0.25728739451521709  0.26910598570390531  0.27984418228098273
  0.28984470586038757  0.29942269528646853  0.30893695875687055  0.31843877197191278
  0.32798388330423989  0.33717572466336532  0.34632931716740400  0.35462318449942415
  0.36243852099175927  0.36987583909079291  0.37731819921796739  0.38466620749939057
  0.39199857080691430  0.39924320475542230  0.40620772995720833  0.41287785394565518
  0.41954090806177580  0.42609468247870358  0.43262725605764474  0.43913235899236708
  0.44544368123122946  0.45232384732695696  0.45901293385576886  0.46581175883661635
  0.47209550401349565  0.47862228043218857  0.48469719341635065  0.49090858715437752
  0.49702020821085413  0.50347060429361012  0.51023395474174549  0.51679955264120203
  0.52297372100137973  0.52888556807677578  0.53461370229931571  0.54038512496515001
  0.54658809934035713  0.55316602971179363  0.55968377991053264  0.56632919222158540
  0.57243331097149819  0.57828163806234589  0.58420422755485568  0.59022137531227681
  0.59624931487664767  0.60233385744517320  0.60856501529250895  0.61481990121407548
  0.62092520866809875  0.62696026472421518  0.63303858196944596  0.63924055245323275
  0.64553593850766455  0.65181971266721428  0.65801713347310897  0.66417593111764639
  0.67041868992942744  0.67639467941194464  0.68205824246120739  0.68766617763582683
  0.69332904556531672  0.69941709340242531  0.70597260483848323  0.71280624030591988
  0.71989715442693447  0.72702629392632512  0.73382701646253456  0.74058958992131341
  0.74732878490217136  0.75449244130983795  0.76233753376360691  0.77065720013865735
  0.77936260787128375  0.78857322055823287  0.79812524381743044  0.80807185055435793
  0.81827426716271878  0.82906150124177402  0.84150441690572875  0.85560402412081449
  0.87117955566343108  0.89014219698656460  0.92133946534887390  1.00000000000000000
   1.1655363777942696E-009  -1.0000000000000000     
 F F F F F F F F F F F F F F F F F F F F F F F F F F F F F F F F F F F F F F F F F F F F F F F F F F F F F F F F F F F F F F F F F F F F F F F F F F F F F F F F F F F F F F F F F F F F F F F F F F F F F F F F F F F F F F F F F F F F F F F F F F F F F F F F
  <DiscreteSampler_grid>
  grouped_processes
  1 # 1 for a reference and 2 for a running grid.
  10 # Attribute 'min_bin_probing_points' of the grid.
  1 # Attribute 'grid_mode' of the grid. 1=='default',2=='initialization'
  0.0000000000000000 # Attribute 'small_contrib_threshold' of the grid.
  0.5000000000000000 # Attribute 'damping_power' of the grid.
 # binID   n_entries weight   weight_sqr   abs_weight
    10   10   6.911056251449736E+002   1.497107128738695E+006   6.911056251449736E+002
  </DiscreteSampler_grid>
