  0.00963910663105612  0.01587306518870306  0.02593583777070252  0.03737639345992418
  0.04881943404289212  0.05982824510699264  0.07051820221412582  0.08136668065474928
  0.09161201858033506  0.10191122970605537  0.11229618527486789  0.12308597704775803
  0.13455052415543953  0.14579076119937137  0.15524834307431312  0.16403811641529167
  0.17293649645894740  0.18220236245608268  0.19124224385000524  0.20030159053567675
  0.20916442691394815  0.21768826550668519  0.22635456026368117  0.23553692457387218
  0.24527836991887303  0.25548788263407896  0.26557722127425321  0.27571171235257541
  0.28571223306429266  0.29628486422813749  0.30703058597652688  0.31772967344235442
  0.32846929518342605  0.33886136501240965  0.34937285830018827  0.35968284491108948
  0.37075581228951887  0.38205140879639848  0.39333414823303858  0.40444667053120031
  0.41523892538828538  0.42602376165024064  0.43646890100321994  0.44647697847974699
  0.45645658488146040  0.46669214770657491  0.47745485900519996  0.48844955887917185
  0.49978405885180366  0.51083002959159063  0.52125037968215182  0.53112234279350901
  0.54043786877474109  0.55066439567699355  0.56089676422907186  0.57106505215028469
  0.58154945636152500  0.59201701950555419  0.60257127607088257  0.61285311203025761
  0.62343990893647772  0.63433937273613905  0.64557933266204448  0.65664472309793342
  0.66773302250212141  0.67875723866320359  0.68955487104399615  0.70019700503599314
  0.71084207060638249  0.72165286513130722  0.73289795744784980  0.74445884611009427
  0.75596729833908127  0.76734729239751498  0.77814321729383995  0.78834257497401483
  0.79833492285556207  0.80741805285951473  0.81591522967323704  0.82462243307898653
  0.83437607430730754  0.84493850678927684  0.85575365273736137  0.86670016141903494
  0.87778310307231733  0.88895047668799354  0.90021889624774598  0.91156065861638080
  0.92283248652299144  0.93399665852849001  0.94504038966473647  0.95617059751781064
  0.96737592670624339  0.97881629470584075  0.98960727620073097  1.00000000000000000
  0.00000268271805289  0.00000280789972763  0.00000291073186034  0.00000301248337889
  0.00000312168066748  0.00000324553670242  0.00000337422879876  0.00000351139182473
  0.00000365617112652  0.00000381578265664  0.00000400669396843  0.00000422449232694
  0.00000446508595048  0.00000473068064223  0.00000502313886144  0.00000533645256211
  0.00000567727403957  0.00000602175374236  0.00000639829945238  0.00000676558511078
  0.00000715135542636  0.00000756070311623  0.00000799890382958  0.00000847149552554
  0.00000897888516235  0.00000950551532563  0.00001004205247971  0.00001060495896050
  0.00001120468394101  0.00001182769233860  0.00001248779519196  0.00001317971540171
  0.00001389625999140  0.00001466339582035  0.00001548721196266  0.00001633081249333
  0.00001725260666663  0.00001827004664191  0.00001935792288124  0.00002048858001670
  0.00002166061578279  0.00002290388347617  0.00002419771602232  0.00002555073230653
  0.00002698669179874  0.00002847061067916  0.00002995633532920  0.00003148995509968
  0.00003315104843431  0.00003479098627850  0.00003665476283966  0.00003875516094788
  0.00004086606062833  0.00004313329704753  0.00004555343513619  0.00004807875040532
  0.00005072025755283  0.00005346493784068  0.00005632136473647  0.00005934155095656
  0.00006255773377839  0.00006599242237940  0.00006971111685614  0.00007368434303219
  0.00007781907299966  0.00008231147613727  0.00008720317396416  0.00009252704245358
  0.00009801163460629  0.00010454849678989  0.00011201949952668  0.00012012098889270
  0.00012923032799720  0.00013953726649239  0.00015145290298390  0.00016501549047214
  0.00017990600412169  0.00019699836961880  0.00021637019454157  0.00023874151532238
  0.00026373133790931  0.00029278172190951  0.00032971797026977  0.00037794503924277
  0.00044196718778089  0.00052461040567380  0.00062531186049941  0.00076128977467586
  0.00097092927580070  0.00127268279304470  0.00182182385224920  0.00306188679894112
  0.00575900096052806  0.01674664062031722  0.40593978704937217  1.00000000000000000
  0.00000233357346004  0.00000264016878810  0.00000289936455568  0.00000316213004058
  0.00000344009358825  0.00000374808012035  0.00000408648961163  0.00000443701744659
  0.00000480406470204  0.00000520284881126  0.00000564420439144  0.00000611116375908
  0.00000657179295171  0.00000705408673658  0.00000755779323569  0.00000806939098750
  0.00000859937003071  0.00000915464393606  0.00000973448791254  0.00001034190216981
  0.00001094316632425  0.00001152267727483  0.00001214367392836  0.00001279479139596
  0.00001347308420788  0.00001418751038873  0.00001497302823759  0.00001578213564210
  0.00001662903132617  0.00001751831776748  0.00001837058107437  0.00001922013099429
  0.00002009415193922  0.00002101610247401  0.00002195425362677  0.00002298461005479
  0.00002408305762957  0.00002524546099279  0.00002651455852360  0.00002786658498798
  0.00002924107267119  0.00003063031059753  0.00003209751174013  0.00003364520587660
  0.00003522663210341  0.00003696855932067  0.00003880840748617  0.00004073121606242
  0.00004278131747913  0.00004497798669031  0.00004728551728861  0.00004971540776469
  0.00005220682235442  0.00005490522670888  0.00005769485044977  0.00006056967936435
  0.00006352939162722  0.00006665804246658  0.00007001242658460  0.00007356055203174
  0.00007734461301129  0.00008142194019899  0.00008578726798965  0.00009039418264735
  0.00009530475165390  0.00010072760087945  0.00010662973704180  0.00011281284647235
  0.00011955605690033  0.00012701445062741  0.00013477339330773  0.00014448725815770
  0.00015542530670699  0.00016798053134329  0.00018258056811591  0.00019877886467945
  0.00021704488281081  0.00023701870032192  0.00025975066407778  0.00028554632402533
  0.00031540318972573  0.00035209880163838  0.00039661150755453  0.00044799495536327
  0.00051296184040579  0.00060055018897703  0.00071024426818077  0.00086037239401267
  0.00112359275195841  0.00158195122230393  0.00233763198742464  0.00389600566418000
  0.00794443590405297  0.02413100711160543  0.11014896125082216  1.00000000000000000
 -0.00267735613467432  0.00991453145329930  0.02036066032594441  0.03122763335186023
  0.04247895440068542  0.05347827812758860  0.06412460239809506  0.07432930310577526
  0.08462768521811165  0.09516626066920729  0.10580715975631688  0.11684031685291536
  0.12779546642809617  0.13807966483366518  0.14774182395172009  0.15725040935115556
  0.16713928644056056  0.17747210748966880  0.18783166326024509  0.19818114263109482
  0.20861543891040618  0.21896900875304928  0.22943316032445979  0.24027564749879129
  0.25137142975575660  0.26263444389636376  0.27395736087559425  0.28450620438762836
  0.29382500384158911  0.30251893306536454  0.31171540466054642  0.32146100056838783
  0.33059499260866498  0.34025334618804182  0.34986641503109650  0.36040345576579019
  0.37148914691537710  0.38214262097386181  0.39260597812654069  0.40335367623317769
  0.41486014904045404  0.42655725517071930  0.43794496633159818  0.44955395925813879
  0.46075469811547765  0.47160082828253586  0.48197861239600548  0.49235831729771951
  0.50343704743133555  0.51416583710517627  0.52410275318439214  0.53376740887030072
  0.54332574561340319  0.55337734803997529  0.56389514629690096  0.57431471870494488
  0.58404564056769814  0.59371647558593044  0.60385551857164876  0.61477342069114349
  0.62493205928300699  0.63450212179599774  0.64427528212966723  0.65488437477791872
  0.66632312794853044  0.67779211279810048  0.68944884949500740  0.70122508639945491
  0.71260808417894195  0.72385011933372589  0.73398662613329113  0.74408074703736027
  0.75409763077052028  0.76460670586251733  0.77543674758929637  0.78615424536431755
  0.79681515699545191  0.80769190659424150  0.81856218834392847  0.82891043721047941
  0.83900815524360195  0.84813743175361900  0.85791700092248169  0.86814547311782819
  0.87914555566080788  0.89045301521649967  0.90135242290645445  0.91213736149439251
  0.92327218689891077  0.93444696312338604  0.94607609803504999  0.95733864073470454
  0.96833001374931027  0.97884883154659852  0.98957117792515104  1.00000000000000000
 -0.00186930624043647  0.00792036599112543  0.01774772421994704  0.02746648561932979
  0.03789686208842636  0.04871268962302482  0.05917571982057503  0.06972053677848222
  0.07966301243540408  0.08963162609213041  0.09936752419979211  0.10948715531457867
  0.11985266271322639  0.13013190448772913  0.14036152264244084  0.15076629801756630
  0.16127365087366521  0.17142897921961867  0.18152799060068253  0.19175444565428673
  0.20207827167534592  0.21241897250404781  0.22287206758215550  0.23371937154751024
  0.24527512765932094  0.25708629484919943  0.26898482811703017  0.28041833978504233
  0.29162963131133657  0.30305789145784323  0.31471122939208568  0.32582319289151179
  0.33603395146887222  0.34629975234609550  0.35614810757056503  0.36603957334784332
  0.37601309077355344  0.38643617077728859  0.39753234968107132  0.40922213014306519
  0.42021567983725189  0.43026182579871552  0.43973855078471802  0.44952222738267666
  0.46016561318680366  0.47139572859219847  0.48221922788917787  0.49266234735076331
  0.50259148372971563  0.51251407984473007  0.52240257887703234  0.53287130609531130
  0.54386298001179056  0.55468624513073794  0.56537046300456362  0.57605310528256182
  0.58647675870947358  0.59699455654134237  0.60766330440765548  0.61833320884243081
  0.62829551290001584  0.63757484278557808  0.64685368359132767  0.65674465445122210
  0.66650977331677663  0.67662011135763123  0.68706140448101383  0.69710851683939390
  0.70706415966652880  0.71671401539080537  0.72599403004491636  0.73528022057295128
  0.74495049851146766  0.75519866352537135  0.76592513451915467  0.77675946500603044
  0.78773392346191318  0.79851436389293418  0.80947712758927259  0.82104989861844202
  0.83268364493337277  0.84398697105037601  0.85465760840070271  0.86460167805597454
  0.87452091140350707  0.88505621718393357  0.89643359227278874  0.90810629608814364
  0.91956276470911535  0.93092665026474697  0.94212478075107464  0.95331694206374473
  0.96534939838258393  0.97728769411982652  0.98881484726590407  1.00000000000000000
 -0.00319166049568331  0.01111298967738179  0.02173755556509160  0.03102905541873095
  0.04062604518492860  0.05091943204304916  0.06112176969223308  0.07073115907265870
  0.08016796094062908  0.09106423232504836  0.10237986572236245  0.11221408992934991
  0.12222034473830892  0.13210889588945582  0.14251568805606737  0.15315743921015720
  0.16325167302669391  0.17304824263110211  0.18285555828015923  0.19312672262963848
  0.20393752046750638  0.21456223704749064  0.22560509786495744  0.23674588967449819
  0.24775192032640064  0.25820863421667822  0.26857678386578288  0.27917691947702428
  0.29028357192543242  0.30156315064524014  0.31305819343569730  0.32383661423247256
  0.33397951743130883  0.34435444674196614  0.35414585383077279  0.36573108465534537
  0.37477694721418736  0.38478604236138325  0.39438364007194771  0.40461739974627242
  0.41564114460061929  0.42631489310590254  0.43651132667653630  0.44724914767825613
  0.45818769440222185  0.46851552698215432  0.47859402258785544  0.48903676738981006
  0.50028140827803669  0.51089060035759104  0.52134070315571424  0.53100574002881729
  0.54077136342595988  0.55056321659413510  0.56088193921715734  0.57162914954459643
  0.58285892686551910  0.59445946538802719  0.60609654137476598  0.61710218898924207
  0.62801534373341739  0.63914142460392964  0.65019553874518610  0.65932021807993202
  0.66851381335762206  0.67789822958491197  0.68822938916522447  0.69908830427350754
  0.70963783689990723  0.71999103943677123  0.73033130292677506  0.74076674168972712
  0.75143394102332906  0.76234122816091843  0.77332776265084258  0.78461862534748283
  0.79593867901429161  0.80680044076021651  0.81744145557981407  0.82835713320556281
  0.83978674922827634  0.85150970691450556  0.86270371979554539  0.87382890029201998
  0.88426885553991541  0.89478620521710639  0.90492966837574718  0.91541018921586137
  0.92575119911914727  0.93643706191735543  0.94679017948391375  0.95681888728711273
  0.96683097564048337  0.97770174589116676  0.98879874242934618  1.00000000000000000
  0.00000899155554766  0.00019639760173720  0.00051986621141967  0.00095306079336440
  0.00149623239785984  0.00196429357955180  0.00238430258401328  0.00282942574191460
  0.00329270538574583  0.00376179912508921  0.00423286553114866  0.00470486360062081
  0.00518131778121488  0.00566712032703932  0.00616049655886474  0.00665726094621386
  0.00715361998365946  0.00765033476713943  0.00813783678571789  0.00864585258180338
  0.00916490488387033  0.00968868142249672  0.01022880209488753  0.01079029651410601
  0.01136346902197166  0.01195345594745216  0.01255063564699285  0.01314369853490356
  0.01375419382603256  0.01436920015350043  0.01499225554333887  0.01561810677238607
  0.01625261504124608  0.01691985608039619  0.01762098407254433  0.01833304746782573
  0.01905062245325743  0.01978742570615004  0.02054856189875951  0.02132781297706682
  0.02219876476355356  0.02304543692230649  0.02390244308252027  0.02473277174287962
  0.02557285450040078  0.02643761296320293  0.02733810980524676  0.02825377910142874
  0.02918572933775230  0.03011768221686862  0.03112721214146479  0.03224576653368320
  0.03346089720501529  0.03451791960448152  0.03555720687221987  0.03659400202333764
  0.03781231642572215  0.03905064638449259  0.04030768670804077  0.04163636543431249
  0.04308378565454688  0.04457570237872659  0.04613711442364606  0.04776205409153274
  0.04955435322726907  0.05121513395682197  0.05281860909884919  0.05432611553348368
  0.05597763856093037  0.05771780259664536  0.05938399059051769  0.06115252697827667
  0.06303428171757704  0.06488922292972846  0.06702423820181211  0.06950312341252085
  0.07203243671336024  0.07436954285333379  0.07664907649821487  0.07914617760099028
  0.08212530453541179  0.08487415305223302  0.08804561726652155  0.09182083917295392
  0.09565886534143399  0.10003072222019661  0.10399069081849860  0.10744832665020622
  0.11184671790176105  0.11689414264099590  0.12311766824081820  0.13257207938810930
  0.14585789261065038  0.17292813852627636  0.89837977468727059  1.00000000000000000
 -0.00204979025314102  0.00884255576183498  0.01910570468992127  0.02929608255919837
  0.04007721695851099  0.05184850448228944  0.06354743831729454  0.07570272574023865
  0.08761815762874277  0.10000752782487018  0.11225002753529491  0.12412993770111620
  0.13492664533524940  0.14510256672386451  0.15542771335484340  0.16589389015787348
  0.17659866124758555  0.18778140731882093  0.19982413383459743  0.21174931272790087
  0.22279098167099540  0.23360261032009369  0.24455052105953473  0.25550672559080878
  0.26660814355955187  0.27761211784947448  0.28864229177989387  0.29914373023095991
  0.30998217631070729  0.32044750428689095  0.33097947584066351  0.34022460551906963
  0.34925711401530218  0.35798680640014846  0.36729692320393409  0.37673342070572824
  0.38605118563741492  0.39534783048105521  0.40469676617882372  0.41448207599712611
  0.42449214442317618  0.43498173141265417  0.44491209173681179  0.45403037783542038
  0.46289434672198848  0.47169944558381782  0.48120576912236102  0.49173732982701129
  0.50177085063344473  0.51122754878692822  0.52075562773486206  0.53000520440796250
  0.53921335782986657  0.54853526674257780  0.55837714670389782  0.56891082539518023
  0.57946956335100719  0.58938220244478268  0.59857946859894862  0.60758570524725952
  0.61693587611894019  0.62712655348488644  0.63779822389533181  0.64850440143916588
  0.65926061658215029  0.66996229844118760  0.68051563116568503  0.69080089271610623
  0.70100082229846961  0.71132671530188518  0.72212940417492910  0.73334651875053103
  0.74461239329860385  0.75560859153598769  0.76670980479030792  0.77818432568568829
  0.78988830067658911  0.80120525632444650  0.81239901576283302  0.82387839706407839
  0.83518363724644384  0.84592334323850904  0.85660139605341123  0.86773146500354592
  0.87942113129404409  0.89139774131156524  0.90320966045938067  0.91438977632422536
  0.92497345710960832  0.93530539024092041  0.94589066501537145  0.95636023793014768
  0.96706922459260847  0.97799410240519125  0.98903472087826272  1.00000000000000000
  0.03339972656497031  0.21164525165814699  0.32537699011341092  0.40742326621880154
  0.46909442665282602  0.52143084214677782  0.56357288072563161  0.59926161516822041
  0.63078390372976745  0.65834305334461929  0.68235835436253356  0.70409748931827465
  0.72371693325186548  0.74125888652611915  0.75712854130644014  0.77159122038455485
  0.78478748370041251  0.79694718655381325  0.80828190812162837  0.81889176385422424
  0.82888873369853533  0.83830953529861396  0.84701100498569171  0.85496460510213157
  0.86224037574596313  0.86906983565275864  0.87554741867167052  0.88163679223076230
  0.88740550034543597  0.89292308014870703  0.89791840560728309  0.90243858948043176
  0.90677842248161000  0.91097546891422543  0.91502631276337332  0.91871572735689655
  0.92214669268773919  0.92548814412250513  0.92871995039574340  0.93186929198597346
  0.93489808196422386  0.93776521041005756  0.94029082903043026  0.94271970262076843
  0.94507913587670667  0.94741851609134342  0.94965895611718332  0.95183011564844033
  0.95394798909464462  0.95601058545001383  0.95799783929305071  0.95984530604616503
  0.96157572587259710  0.96325855598993604  0.96490034946721603  0.96646402718855207
  0.96794087011988050  0.96933213799155526  0.97066257005990764  0.97195980900211232
  0.97323098098827088  0.97451504379948528  0.97578166645201370  0.97700928940460219
  0.97819920289636797  0.97933625256548629  0.98037737685528681  0.98134687224579975
  0.98224563184231939  0.98310539781601225  0.98393093907218188  0.98475240982181456
  0.98556991949575434  0.98635239419036691  0.98707864925784994  0.98779944221012206
  0.98852713893770616  0.98925116098642374  0.98997250850156193  0.99066203219303206
  0.99129327806872825  0.99191700048516673  0.99253579946430270  0.99311793771844847
  0.99367522989369572  0.99422030634848380  0.99475128719394934  0.99527563872261726
  0.99579429448919421  0.99630772170622184  0.99681596989150234  0.99733065949860089
  0.99788203406763853  0.99849340077982152  0.99921042292095308  1.00000000000000000
 -0.02202881078386595  0.10722349823939634  0.14534827792342953  0.17115562300265000
  0.19208580345010390  0.20910970569104742  0.22244082574274412  0.23427003467034649
  0.24543389886522837  0.25790911099531622  0.26965149192186411  0.28056764503625509
  0.29085804471638532  0.30083383369268946  0.31051221287948300  0.31996987789564546
  0.32927143400855591  0.33823072586826808  0.34726174969625523  0.35522809402459438
  0.36280611932254353  0.37011418945901420  0.37733371112036423  0.38449718805942928
  0.39171726448537447  0.39871283249574385  0.40540876649296126  0.41193259726210940
  0.41850119210054343  0.42502016511729301  0.43143756655534476  0.43790384179188990
  0.44397637217019004  0.45062406638287195  0.45721659777118512  0.46410480653310865
  0.47056563168107668  0.47709995811963796  0.48338372918288641  0.48980007118428881
  0.49616947467156447  0.50262458052870518  0.50923172801285166  0.51569200274086868
  0.52180388567466551  0.52765983828737995  0.53333937422814759  0.53897308367024732
  0.54492289576965058  0.55139151264707809  0.55764500963552455  0.56411093540841106
  0.57016930793052889  0.57610820417900233  0.58202287184816803  0.58808832139362799
  0.59415280641671842  0.60019088362508310  0.60630982285560542  0.61252564617401595
  0.61865374068320911  0.62477810146583013  0.63085555860636711  0.63687216363834565
  0.64304359679472800  0.64936393148276939  0.65569059290366660  0.66197554548933213
  0.66817910549318538  0.67416479698273102  0.67996578740769142  0.68576077510533318
  0.69172189535042361  0.69807243899118532  0.70488917340748580  0.71167630762117418
  0.71854319284592572  0.72541863379087335  0.73215766857101550  0.73902629109433315
  0.74584315220279074  0.75292401542032616  0.76063445048150147  0.76873715102080309
  0.77745366903349578  0.78693315822248200  0.79694429630372177  0.80716876530283710
  0.81747119408867819  0.82827690783260233  0.84071216932835924  0.85484055990676300
  0.87047821084492150  0.88948456793272346  0.92034761186775704  1.00000000000000000
   1.2096953086222396E-009  -1.0000000000000000     
 F F F F F F F F F F F F F F F F F F F F F F F F F F F F F F F F F F F F F F F F F F F F F F F F F F F F F F F F F F F F F F F F F F F F F F F F F F F F F F F F F F F F F F F F F F F F F F F F F F F F F F F F F F F F F F F F F F F F F F F F F F F F F F F F
  <DiscreteSampler_grid>
  grouped_processes
  1 # 1 for a reference and 2 for a running grid.
  10 # Attribute 'min_bin_probing_points' of the grid.
  1 # Attribute 'grid_mode' of the grid. 1=='default',2=='initialization'
  0.0000000000000000 # Attribute 'small_contrib_threshold' of the grid.
  0.5000000000000000 # Attribute 'damping_power' of the grid.
 # binID   n_entries weight   weight_sqr   abs_weight
    10   10   6.961095319058409E+002   1.530509807050073E+006   6.961095319058409E+002
  </DiscreteSampler_grid>
