  0.00891696915232634  0.01757106268633504  0.02824756311191222  0.03911759460356880
  0.04943556550357896  0.05974225772494472  0.06950513622193831  0.07874320002132799
  0.08823258940485529  0.09780913261177822  0.10769383661037586  0.11734556876746408
  0.12730628731416929  0.13760595741940654  0.14795329232505358  0.15857877180711516
  0.16919392095958252  0.17968382805659500  0.18987640273497472  0.20005933317718064
  0.21066328775522758  0.22172897848452991  0.23309295953535278  0.24445282933678403
  0.25570713233738573  0.26682059104972622  0.27749351614591594  0.28778668670155122
  0.29793841997770998  0.30817354872657809  0.31885942706957776  0.32988888060720983
  0.34111322738155153  0.35206860785842931  0.36241352758565426  0.37279439029978045
  0.38365567333473116  0.39456607376670344  0.40455857562738540  0.41369919490258839
  0.42331403032536674  0.43262260736415331  0.44023943419067302  0.44819767791010540
  0.45645980676935105  0.46610740056444971  0.47712208487116392  0.48818953481408073
  0.49902803215156993  0.50995318382387866  0.52104096273781297  0.53176929442072529
  0.54187474435619298  0.55169781884845415  0.56179376317180674  0.57232063334822525
  0.58271622329867301  0.59263282753762714  0.60198461992196373  0.61105130778351802
  0.62009372781444372  0.62968395038132341  0.63975485062217108  0.65075285752913692
  0.66262193929975366  0.67389081483428881  0.68450542488668997  0.69504286373080948
  0.70566776957081501  0.71695003580842798  0.72848705182852047  0.73989733600861962
  0.75113341936220646  0.76232542632108857  0.77356309527302392  0.78443793478049939
  0.79494353367151782  0.80545215150786165  0.81663167846672646  0.82809132767129212
  0.83956210138573295  0.85015782228966030  0.86044761858373375  0.87043295069937687
  0.88037485428269313  0.89055263575754018  0.90086853615802531  0.91143414829281677
  0.92231808016670258  0.93337362958226788  0.94369845013709419  0.95384075748219888
  0.96420792989208837  0.97543791373996847  0.98771372199850371  1.00000000000000000
  0.00000254859774198  0.00000265410307266  0.00000273214360933  0.00000281587185295
  0.00000291354796597  0.00000300541506891  0.00000309633256358  0.00000320026059007
  0.00000333125122087  0.00000347801387653  0.00000363741990440  0.00000381758815163
  0.00000402977597086  0.00000425905739197  0.00000450079946631  0.00000475324833707
  0.00000501915979299  0.00000530543781368  0.00000561358338418  0.00000594579957785
  0.00000629426640992  0.00000663031115685  0.00000694354879016  0.00000725353435428
  0.00000757758600329  0.00000791480234739  0.00000830392350504  0.00000875507525725
  0.00000924361111547  0.00000975633330392  0.00001028025063160  0.00001084111195391
  0.00001147795983825  0.00001214056210298  0.00001283749387275  0.00001355726897680
  0.00001432290545027  0.00001509776616744  0.00001593107664877  0.00001679998375065
  0.00001770132082898  0.00001865268655181  0.00001965455069871  0.00002070641852590
  0.00002182157168606  0.00002295031830227  0.00002420909884204  0.00002548917688676
  0.00002686822983490  0.00002836466153821  0.00002995604903434  0.00003162739776296
  0.00003337303564862  0.00003521616843417  0.00003730423823063  0.00003947752385066
  0.00004176107025663  0.00004418910920678  0.00004675913314296  0.00004945733231448
  0.00005229626191560  0.00005526523568979  0.00005829353259417  0.00006153385721773
  0.00006514608716352  0.00006911044112564  0.00007320589435744  0.00007786530673689
  0.00008300211424260  0.00008839620135177  0.00009419272113156  0.00010047242112679
  0.00010735355759912  0.00011490581392365  0.00012342351463124  0.00013304505535743
  0.00014370658008280  0.00015555254675032  0.00016946122187208  0.00018391052687566
  0.00020196728521550  0.00022200394534577  0.00024645872557676  0.00027669303128064
  0.00031446870464569  0.00036211193570229  0.00042092494664661  0.00049335921944521
  0.00059409980476968  0.00074044487660481  0.00097735038747678  0.00137574118438449
  0.00241315680332748  0.00646086395788588  0.27298458983354645  1.00000000000000000
  0.00000236380564221  0.00000258446872639  0.00000281387254580  0.00000305088494853
  0.00000329090573549  0.00000355172200483  0.00000384591586854  0.00000420098972441
  0.00000457017642611  0.00000493776636392  0.00000530301186517  0.00000566595916628
  0.00000603861722886  0.00000641832561220  0.00000681903221040  0.00000725682015580
  0.00000771843577004  0.00000819288956576  0.00000869999915840  0.00000920141408714
  0.00000976151052908  0.00001037205138190  0.00001101902210392  0.00001166285473283
  0.00001229991929777  0.00001296548669972  0.00001366260251596  0.00001437933317467
  0.00001513668266976  0.00001593666297986  0.00001678582168971  0.00001765921257614
  0.00001856494488750  0.00001948523636458  0.00002041778387045  0.00002134930131872
  0.00002229529410153  0.00002329450227108  0.00002436769867580  0.00002549731779977
  0.00002674771946213  0.00002802558156778  0.00002930148900426  0.00003061952711988
  0.00003202571755046  0.00003350081691282  0.00003505178683833  0.00003676960993512
  0.00003858446342692  0.00004039334648802  0.00004234419598635  0.00004445266639044
  0.00004669587957228  0.00004907277496636  0.00005148471747481  0.00005396342688669
  0.00005656977639487  0.00005933306180682  0.00006224750852136  0.00006522652849542
  0.00006808211792197  0.00007094722397192  0.00007385809560812  0.00007700207093840
  0.00008042626516016  0.00008456017479399  0.00008937289654458  0.00009469935144265
  0.00010056778860659  0.00010700216016980  0.00011412639672964  0.00012154344129318
  0.00012951493486657  0.00013827620162394  0.00014829162140411  0.00016010079924812
  0.00017344832989361  0.00018767692539559  0.00020300303237783  0.00022051918344640
  0.00024165847741387  0.00026628787296701  0.00029387515293234  0.00032567053530983
  0.00036486214869508  0.00041412634507395  0.00047492775835786  0.00055218971137043
  0.00066689837491432  0.00081801292776265  0.00102529900309931  0.00144315441304483
  0.00232030942309961  0.00641408537850061  0.21600670600444691  1.00000000000000000
 -0.00229539091690425  0.00916190311951159  0.01926213336109039  0.03006478718306040
  0.04037586860557169  0.05073757194869367  0.06105791365039405  0.07146241030590661
  0.08179352052443542  0.09227179075416703  0.10260686821205793  0.11303955147568612
  0.12338136191023136  0.13380402080777307  0.14433272712498144  0.15497089283976645
  0.16567187659049590  0.17669174504524543  0.18793657647137413  0.19910943503217010
  0.21036895545723511  0.22156999913672315  0.23245693192027797  0.24302842766637497
  0.25317608507919936  0.26331637096337362  0.27339481374036922  0.28332025687165002
  0.29347657789224313  0.30352713725190433  0.31337447229575316  0.32305048019681598
  0.33325641651579579  0.34412436987887901  0.35546776222217391  0.36586153600469334
  0.37636428856411047  0.38611874559333348  0.39684301035045549  0.40671879345196982
  0.41710701696905123  0.42772866256589953  0.43865121863143003  0.44918004820458418
  0.45946374727738565  0.47065691872116239  0.48218899996125963  0.49330078183436549
  0.50366383353218347  0.51388288705471263  0.52410460620112631  0.53509194170140251
  0.54599335306284380  0.55720958226909234  0.56851195478669170  0.58010409717786782
  0.59147033795829440  0.60240169857023318  0.61284362072744591  0.62320047958172264
  0.63355677415570055  0.64372626808499556  0.65411624570657034  0.66508130618925321
  0.67665434096238486  0.68850424096344953  0.70020313757729225  0.71145216927329291
  0.72240988668823947  0.73354077570984855  0.74478543902373784  0.75576264382724934
  0.76629850833626711  0.77647399291226316  0.78645201614455851  0.79630306295395215
  0.80616658525253571  0.81612415400137672  0.82647422084468825  0.83710941224012081
  0.84787405791877812  0.85865044074699015  0.86960121586682992  0.88063815906642295
  0.89160914385955026  0.90262427740196716  0.91390856785734165  0.92467844030939239
  0.93348998879570433  0.94145736022227489  0.94965997842971694  0.95845209847960788
  0.96861512582827058  0.97888033737228330  0.98922760255511422  1.00000000000000000
 -0.00222244410156554  0.00902319768201168  0.01925146862894729  0.02983412889688783
  0.04056506119725401  0.05164565304436208  0.06188069229416845  0.07058491832876658
  0.07940137404526264  0.08896931662459466  0.09917959354476816  0.11134415568117967
  0.12359085188561537  0.13499735439671826  0.14615283135430465  0.15721629928098771
  0.16808071700859287  0.17872249557365541  0.18934353044820074  0.20020149760836381
  0.21124848091031645  0.22140789791925330  0.23184808309278951  0.24206077798548384
  0.25222004973446271  0.26234565406631843  0.27291370469019205  0.28403889358032602
  0.29558043170950116  0.30727041844757125  0.31840653577219236  0.32910307883720319
  0.33928840326144449  0.34986556657061102  0.36018400806783163  0.37087416848634985
  0.38130135896659623  0.39210337012770624  0.40249670808227134  0.41334475375671481
  0.42497069449222719  0.43693663326573368  0.44815024387302088  0.45881642189171790
  0.46918315050945614  0.47908677439135261  0.48875703910166968  0.49860834814407862
  0.50920897186442260  0.52019417407705104  0.53084940025855998  0.54176510270712475
  0.55319290336088756  0.56490046106018643  0.57624263443597290  0.58751651791113646
  0.59852162171942502  0.60912909873471599  0.61937062823029265  0.62918042472992852
  0.63918430566099083  0.64965036111404617  0.66017593105532912  0.67064783984461251
  0.68107930816349249  0.69146279391719800  0.70188487832463775  0.71226769912414478
  0.72250006827160773  0.73250190878060217  0.74236250527082737  0.75253280053869132
  0.76279228087329798  0.77287619202604063  0.78351325952273088  0.79511932155845044
  0.80721062044651004  0.81840463863816382  0.82813041029742707  0.83721867629319857
  0.84659958359767851  0.85677291952952095  0.86732390389722780  0.87714843958529021
  0.88660249531458468  0.89603748473391620  0.90584467556852133  0.91649330811859409
  0.92702866488704738  0.93750039787703265  0.94780185807719863  0.95854077040917740
  0.96927711323720911  0.98020280965846018  0.99017566643188293  1.00000000000000000
 -0.00250293548975227  0.00948554077067609  0.01912063487824527  0.02972189420312182
  0.04060944336757247  0.05173668873544342  0.06303106690607332  0.07225809734000178
  0.08142441438100495  0.09034743972426282  0.09980410233862694  0.11125185232276419
  0.12311301838504601  0.13442827100214338  0.14494303337287601  0.15561786164042518
  0.16642817596274415  0.17748517828618193  0.18875288484739008  0.19987001414348299
  0.21058532372543820  0.22091944662007859  0.23091801703227266  0.24113360981848025
  0.25182066652122614  0.26299359919289500  0.27391688862697966  0.28462614134994108
  0.29553966441655682  0.30652952148068102  0.31716806760834837  0.32753858748126979
  0.33750388960575539  0.34744500680362705  0.35778823122801728  0.36838534780054077
  0.37915830817245377  0.39002737785645880  0.40074649241887150  0.41172051065332516
  0.42284603374958807  0.43394031836727698  0.44494307363351726  0.45527010004914015
  0.46566428166809770  0.47662745194598166  0.48829407454491597  0.50054246430012217
  0.51259363504545397  0.52404203402741223  0.53516552557791075  0.54577390619471344
  0.55641336286323217  0.56695119044319742  0.57816414431967511  0.58914797906794225
  0.59982196170008384  0.60995167843272657  0.62070962351362802  0.63119176982418512
  0.64200974573885139  0.65252178242306003  0.66295213386856167  0.67310403983060496
  0.68293750634206030  0.69289149973766351  0.70298592494149570  0.71329468284322117
  0.72360922859425614  0.73386570703798659  0.74428793627373602  0.75457784760464852
  0.76470655586997671  0.77487760389780469  0.78493146760540866  0.79460683766999562
  0.80373210353950886  0.81312426435039042  0.82220714212087553  0.83222325079157011
  0.84254498979457293  0.85305646254056533  0.86353007955653638  0.87441643721411744
  0.88574923834020891  0.89750214023543229  0.90886637590094965  0.91899969872344101
  0.92824338238258886  0.93765530200704650  0.94801162431532726  0.95779240588049885
  0.96737526994022049  0.97697260685821163  0.98839969710167397  1.00000000000000000
  0.00001755096979224  0.00017288044784950  0.00049368441758829  0.00093888236677050
  0.00153674736285766  0.00205442233972499  0.00251693481875234  0.00299104859327745
  0.00348957710732149  0.00399583848398025  0.00450247905034808  0.00501849044358438
  0.00554373081948834  0.00607306247633296  0.00660554255131627  0.00713998172435137
  0.00767456516083410  0.00821961439405825  0.00876801644350795  0.00932472703820241
  0.00989183185404867  0.01046489580651222  0.01103415117960713  0.01160364408168338
  0.01218132812594910  0.01276685036853515  0.01335361889010556  0.01397490360921566
  0.01461439713527837  0.01526426750015208  0.01593464401062984  0.01662158144779148
  0.01731782641691091  0.01802624587676788  0.01873946250950522  0.01946538088664944
  0.02021782376678644  0.02097370455088781  0.02172862910309357  0.02248771213428036
  0.02329504031837046  0.02412410627031479  0.02498077608374411  0.02585452494093720
  0.02673572091638420  0.02761532976636524  0.02852805736773545  0.02945015299699140
  0.03039315294843403  0.03137374422240698  0.03240036630014900  0.03350879185194403
  0.03466944000065083  0.03580740548056451  0.03689305252601443  0.03794704332142478
  0.03902394057642568  0.04016559883495079  0.04128875535529945  0.04238404194682889
  0.04352963686845144  0.04473227072115703  0.04610517282232336  0.04743976326483532
  0.04875815972659494  0.05014978639979715  0.05157007875539862  0.05301449929764734
  0.05448580838402518  0.05592633187331252  0.05733881870929271  0.05889374131087291
  0.06053716737138592  0.06222553641670347  0.06379728536247636  0.06550830067100712
  0.06717913581232896  0.06896132131819833  0.07094743600811132  0.07308596649494190
  0.07542438625573329  0.07807261266433865  0.08068719827785038  0.08304358632976158
  0.08568225183427711  0.08866920722611035  0.09180672706966926  0.09539867183094836
  0.09935963348693420  0.10723685982046620  0.11943970702656177  0.12980489251454322
  0.13695591117403000  0.14770365150110287  0.66839948524753312  1.00000000000000000
 -0.00246262602549503  0.01049741339161225  0.02148239412344068  0.03393670278536989
  0.04697339269946146  0.06067378281141002  0.07351212607436078  0.08533562105349642
  0.09685503783620557  0.10825465227935460  0.11947222766886678  0.13075897379430065
  0.14214471954965457  0.15373414358411661  0.16550169019441091  0.17779524701412239
  0.18988880681284323  0.20174536175006499  0.21340750294783839  0.22493257567741404
  0.23580387301880587  0.24624981511603924  0.25682619594779665  0.26781739630970275
  0.27877450851104552  0.28950394869461915  0.29986160250738969  0.31002317423125908
  0.32003359144919741  0.33023723234810437  0.34052837511325962  0.34934470286784974
  0.35792780105508487  0.36637310744753832  0.37495442290688263  0.38463201772671535
  0.39473467073435931  0.40423700923033323  0.41317562525918833  0.42174301610452208
  0.43031719246874578  0.43960774810916736  0.44931785164622723  0.45911926359303873
  0.46912162874103436  0.47905712991113342  0.48883464838385615  0.49836167012272814
  0.50769503045360920  0.51684850891945544  0.52591585409345332  0.53492847574513680
  0.54447629813708898  0.55455348581167396  0.56467137738248185  0.57441666692853777
  0.58401017583644377  0.59393905722813045  0.60404450451141267  0.61428436530230346
  0.62473701704199069  0.63481504677555489  0.64446157429535356  0.65396595399344226
  0.66376133573653662  0.67400942939108199  0.68435828124025211  0.69448580811520544
  0.70443102566858862  0.71438764182558345  0.72446290023787352  0.73464781567461734
  0.74478219442785909  0.75466166901198894  0.76441536269598642  0.77446666650487017
  0.78489398710836300  0.79510268734170975  0.80497256386825389  0.81517525100364818
  0.82610137735409339  0.83724009693731105  0.84844160354428200  0.85960794046842237
  0.87094473981772824  0.88257959484121618  0.89468129730938217  0.90713484280688106
  0.91878540984339718  0.92949673618773720  0.94036724695125629  0.95166249113421952
  0.96301295171649814  0.97430058467263303  0.98674627099442258  1.00000000000000000
  0.00309740032802379  0.18272833388010232  0.29505496734788628  0.37982360074577431
  0.44626958538484973  0.50040312682006627  0.54516065411159220  0.58210482999788959
  0.61439806223369897  0.64298779002927253  0.66830064173816117  0.69064577723897935
  0.71029744695354657  0.72789454072240500  0.74422264019017881  0.75927455151510725
  0.77323382797515594  0.78609228862571479  0.79789032578965846  0.80864321301273867
  0.81859598900018093  0.82786815396522051  0.83665014079001332  0.84504392487102364
  0.85296007758217751  0.86030143698037753  0.86718278392087744  0.87376391547349286
  0.87980635278109609  0.88545605055329424  0.89103837711472911  0.89635242029783191
  0.90127224349675406  0.90587634052568378  0.91024364229835786  0.91440702129962004
  0.91824241304541898  0.92180325884998737  0.92525527147378561  0.92858378624397564
  0.93179924199436648  0.93483387201222934  0.93771033603839116  0.94033598526199991
  0.94280299536330070  0.94525899843667771  0.94761666771831776  0.94988172289528583
  0.95212538750054376  0.95430063621088790  0.95638182689328144  0.95829388470373256
  0.96009205554528410  0.96179719671353514  0.96343461860772639  0.96503612712435072
  0.96660577514430068  0.96815407752314053  0.96962759149637945  0.97101487409389564
  0.97236422388689203  0.97366720628224368  0.97491918600481586  0.97609292659747648
  0.97722224408697078  0.97835340353627298  0.97947088809149330  0.98052352630047790
  0.98150626054044110  0.98246173441340368  0.98338824898462518  0.98429195624218302
  0.98517342770063521  0.98602363325590170  0.98685134318182732  0.98766313041225107
  0.98844065445709517  0.98914908676361701  0.98981648385468968  0.99046276952136558
  0.99110616527644535  0.99175238871289062  0.99236248150667816  0.99294273703871205
  0.99350494134743927  0.99406013788154601  0.99460798362886327  0.99513877581348331
  0.99567225598241782  0.99621042258737302  0.99675037172429060  0.99728496105591513
  0.99784507651719145  0.99845869551515631  0.99917091555853010  1.00000000000000000
 -0.02131878838143475  0.10560434465730816  0.14430149672437348  0.16915653150023852
  0.18985495110232098  0.20767381950290117  0.22292154534702702  0.23641493391507390
  0.24816899923003563  0.25917030243082662  0.27013995231099180  0.28088849956266343
  0.29064563651343811  0.29985955999091535  0.30918385737896326  0.31843348131166743
  0.32704364572659217  0.33537727892364633  0.34375383181905766  0.35231537708781707
  0.36066377554723911  0.36877166088001850  0.37659383099669358  0.38404633903555729
  0.39108115532012211  0.39782678928065529  0.40427915059960112  0.41068565062712137
  0.41736035687440104  0.42433488730486757  0.43090524073616782  0.43723302757831528
  0.44353255348108023  0.45007144826845008  0.45702930666188052  0.46430483438486458
  0.47146368392403942  0.47829485321676579  0.48480972077559487  0.49163701161332063
  0.49824076570779768  0.50426099492691512  0.50990617917315084  0.51553326645313269
  0.52083618275368604  0.52618754851529181  0.53207223812321214  0.53830620690487974
  0.54448803994591366  0.55047136484322945  0.55642067531373196  0.56237051760007584
  0.56820758950317929  0.57398886657530812  0.57984237338775324  0.58574953919877948
  0.59188673033686634  0.59812621774367980  0.60420339167052339  0.61016851378244652
  0.61621587570650105  0.62225760430952692  0.62850942326528114  0.63458722692633740
  0.64069471374952580  0.64695538358720772  0.65312487513231676  0.65945175886731711
  0.66576898489141612  0.67212505141518308  0.67818689011276390  0.68406263252696531
  0.69001508332880768  0.69631379731412724  0.70301617631155344  0.70995513674013777
  0.71704590347988051  0.72414680481915106  0.73128689607632635  0.73865611147140853
  0.74637264013302462  0.75447396808517020  0.76291163755953006  0.77150626067165817
  0.78038543105048974  0.78953286916800192  0.79883510256671486  0.80836324274442650
  0.81813534308468228  0.82911378645053957  0.84119914911921367  0.85473652016186030
  0.86984256664754800  0.88801991120989865  0.91819357444358718  1.00000000000000000
   1.1700160962245209E-009  -1.0000000000000000     
 F F F F F F F F F F F F F F F F F F F F F F F F F F F F F F F F F F F F F F F F F F F F F F F F F F F F F F F F F F F F F F F F F F F F F F F F F F F F F F F F F F F F F F F F F F F F F F F F F F F F F F F F F F F F F F F F F F F F F F F F F F F F F F F F
  <DiscreteSampler_grid>
  grouped_processes
  1 # 1 for a reference and 2 for a running grid.
  10 # Attribute 'min_bin_probing_points' of the grid.
  1 # Attribute 'grid_mode' of the grid. 1=='default',2=='initialization'
  0.0000000000000000 # Attribute 'small_contrib_threshold' of the grid.
  0.5000000000000000 # Attribute 'damping_power' of the grid.
 # binID   n_entries weight   weight_sqr   abs_weight
    10   10   7.886638950719850E+003   2.168061012675615E+008   7.886638950719850E+003
  </DiscreteSampler_grid>
