  0.00981528991618498  0.01444201656969655  0.02227279451893902  0.03129801219511811
  0.04133312683672931  0.05066227245425262  0.05996297724845934  0.06978850836961949
  0.08066781797404139  0.09128992004115173  0.10103815086243613  0.10969833721010448
  0.11770135247305163  0.12636584309293242  0.13526142643622371  0.14514469932664806
  0.15626307130907438  0.16894337840175569  0.18365480807622930  0.20012823642522118
  0.21792790865065748  0.23404763311253585  0.24469403927868402  0.25467398260118046
  0.26328684591294055  0.27229194796013412  0.28168343836185161  0.29316217627357272
  0.30814777264970555  0.32058242820324184  0.33141174206878049  0.34140171147461684
  0.35031590589792916  0.35964087140272971  0.36867978297040943  0.37789203373966751
  0.38679735460087156  0.39485916540011617  0.40408252665380234  0.41315132378134528
  0.42281711935307476  0.43237675970419714  0.44192178848712516  0.45145198688056404
  0.46091875744191646  0.47189254033683137  0.48394191702861855  0.49680649983507036
  0.50961330276927441  0.52207034764031601  0.53348258167869433  0.54309039184159136
  0.55134245492838496  0.55881015934448564  0.56505062447782095  0.57246959348420767
  0.58047340115410173  0.58834212025142563  0.59622980289010374  0.60501118931372544
  0.61482976677790280  0.62628810785855460  0.63894558380557542  0.65085498069703462
  0.66233793329573620  0.67508146985545392  0.68660220338471301  0.69677259306779704
  0.70512729063479684  0.71468550124817098  0.72469910411541005  0.73567437755355947
  0.74756094187505517  0.76202414577666822  0.77422116705396060  0.78448614383493764
  0.79376634842023652  0.80285342472112997  0.81201688806112271  0.82079341268765615
  0.82951095218564763  0.84055414670122264  0.85470826781334397  0.86869121560475271
  0.88240007188649339  0.89305074981139509  0.90208852877945434  0.91199410144506488
  0.92240387820031555  0.93420565255012844  0.94546476472216767  0.95675365422534242
  0.96859308743718531  0.98019363358886547  0.99091191898079056  1.00000000000000000
  0.00000295424415901  0.00000395542271940  0.00000499040625974  0.00000633425100461
  0.00000789804430432  0.00000956336670003  0.00001149583909648  0.00001385416046232
  0.00001653943972494  0.00001960278863715  0.00002320047513359  0.00002730039618242
  0.00003196422166492  0.00003741049342010  0.00004276443239905  0.00004844242243737
  0.00005451536266775  0.00006138486074562  0.00006935111609273  0.00007833710009259
  0.00008936329014106  0.00010211972120033  0.00011476335500677  0.00012626704167225
  0.00013839435911272  0.00015179577585260  0.00016682237215054  0.00018408240022933
  0.00020334176162112  0.00022385093063367  0.00024649026062950  0.00027176642866210
  0.00029759669295327  0.00032238552305013  0.00035291314529512  0.00039366759928257
  0.00043959474950478  0.00048748460440291  0.00053900051998736  0.00059035483131652
  0.00063423660438970  0.00067098730457923  0.00070777896233625  0.00074822800431872
  0.00079060113220303  0.00083091104365286  0.00087667492002951  0.00093628299191176
  0.00102591291754556  0.00112882567040201  0.00120278767249233  0.00127231421967555
  0.00136000735785896  0.00145118627588609  0.00154594544512215  0.00164605156987583
  0.00174577598520200  0.00186231667600941  0.00200231656745850  0.00214285509586595
  0.00231096241628927  0.00249696795691286  0.00268114365492519  0.00285793735814257
  0.00305143290040223  0.00324775043965439  0.00345898371934179  0.00366611688182281
  0.00385549293969554  0.00406284498445920  0.00427781208302142  0.00450688571388810
  0.00477037483911722  0.00498153546944996  0.00516581444481951  0.00535161525562134
  0.00554692650731876  0.00575383869768159  0.00596456309943124  0.00616986143801556
  0.00640893270857573  0.00663655008528494  0.00689818596529677  0.00726954918070061
  0.00769569485375482  0.00815764777957631  0.00877015919308060  0.00964628582958178
  0.01052773466350714  0.01141201936591714  0.01188520769214535  0.01239932177949543
  0.01299999793071600  0.01370589403708696  0.01497734384489501  1.00000000000000000
  0.00000216737382861  0.00000369608577165  0.00000457570143987  0.00000547520116241
  0.00000646015627022  0.00000746423211537  0.00000866044920616  0.00001004872859094
  0.00001180178336024  0.00001347013422667  0.00001511728187637  0.00001685776766790
  0.00001846623544951  0.00002032784347329  0.00002251961280813  0.00002515604192476
  0.00002803908017179  0.00003122807179759  0.00003521934798807  0.00004005448788160
  0.00004572997659458  0.00005123061948391  0.00005653270567141  0.00006223001870489
  0.00006819742958122  0.00007445750319634  0.00008195087312840  0.00008959603560623
  0.00009852147956581  0.00010886029508931  0.00012052178588154  0.00013361533044345
  0.00014782343216927  0.00016360343019961  0.00018075424236347  0.00019813390739546
  0.00021584749316728  0.00023708285507975  0.00025990780113446  0.00028432460065012
  0.00031211065123905  0.00034403096495457  0.00037790920676209  0.00040878417735219
  0.00043506740103714  0.00046324387650154  0.00049322798140272  0.00052975319180731
  0.00057240324472383  0.00061964979939662  0.00067396480262973  0.00073933250010280
  0.00082110215392332  0.00090302676895428  0.00098730315631934  0.00108206358485774
  0.00116479623831361  0.00124287847696018  0.00132677870504239  0.00147473285737737
  0.00158971795200128  0.00168215070951800  0.00178301746878574  0.00189277605620066
  0.00198322698115209  0.00205882340133365  0.00213327910332774  0.00223119595048088
  0.00233292455802544  0.00242071082026906  0.00260665135808614  0.00281234847501921
  0.00310170328089125  0.00339888194862563  0.00366909261239163  0.00394856454469724
  0.00423980744373532  0.00463772469183893  0.00494557171282931  0.00518836193980761
  0.00542156222891373  0.00566588819129944  0.00594892039917731  0.00629175973006436
  0.00664290010666165  0.00700876506903850  0.00743458233721177  0.00781163452293652
  0.00869900206895035  0.00966584956346278  0.01051389358910861  0.01113813623369618
  0.01492427595025413  0.02611274605245863  0.04169869778422890  1.00000000000000000
 -0.00174189347867404  0.00752905695724948  0.01581195854180961  0.02501106955680844
  0.03506411837534221  0.04492916533380425  0.05462343255394780  0.06392785582532409
  0.07647332143346815  0.09047079388859366  0.10536118217157242  0.12078785233787602
  0.13830026756292710  0.15335309356656671  0.16501209657085830  0.17469456857856652
  0.18470034982092873  0.19303779956764303  0.20118432963285879  0.21041056535217331
  0.22027786566364840  0.23183578704704594  0.24321541664681406  0.25405846248875397
  0.26463976523350768  0.27549799533422575  0.28908127353296476  0.30276061903742457
  0.31581121976487286  0.32770743872420832  0.33834821494769390  0.34777277109038041
  0.35586122622702249  0.36429016886353199  0.37366689607975900  0.38442905354952855
  0.39645776306832431  0.40826842747374453  0.41924887031187752  0.43065464843585410
  0.44373023696075553  0.45680727991395886  0.46712803959695470  0.47587834842391391
  0.48450707432212042  0.49349867503775635  0.50310069509614530  0.51317316271628044
  0.52506400474631498  0.53978043973299084  0.55110277186338463  0.56231569322778674
  0.57233898481587664  0.58404912886994720  0.59692919173799963  0.60933252398416304
  0.61996551342635731  0.62984642644515898  0.63992113152035113  0.64918531595842233
  0.65915951932584926  0.67046401514971943  0.68234716212929103  0.69338704497576065
  0.70412780789517981  0.71478586411022915  0.72581699090801244  0.73689581165218865
  0.74852642093453270  0.76100093563629867  0.77321574003660876  0.78301828513811700
  0.79278808400116862  0.80218414418439832  0.81344678990999608  0.82560858878614041
  0.83697728843296337  0.84756028419704266  0.85715765684231893  0.86612630203885499
  0.87635108956641516  0.88719554250540600  0.89887917695308273  0.91070530704877406
  0.92078643392148218  0.92895977620427506  0.93688418227958015  0.94387013732622416
  0.95123505542455333  0.95818622001911180  0.96462489828595388  0.97061129745919628
  0.97683994550898434  0.98401221313453713  0.99163363589883535  1.00000000000000000
 -0.00279286289222305  0.01106153684599148  0.02325395444639493  0.03507523935817818
  0.04711174452536253  0.05894689888064061  0.07029730165605572  0.08054717226173810
  0.09069159305579685  0.10041163611974903  0.11049863317032242  0.12096154453660442
  0.13220885294222215  0.14412344279883815  0.15686591691716559  0.16900160857249225
  0.18120891606361328  0.19159379118402689  0.20104927011875054  0.20876203187291442
  0.21606576111609380  0.22407000634677207  0.23440724798655396  0.24605203701166201
  0.25690274087443599  0.26719518691587396  0.27646462524573340  0.28580098253109099
  0.29580881768528006  0.30648617874338940  0.31752284538129794  0.32906289180678705
  0.34094688332721135  0.35280948944064766  0.36340917837721209  0.37363600922960721
  0.38301143100191659  0.39194080371982176  0.40044479307171071  0.40896607609668939
  0.41839892063018441  0.43042737619372673  0.44234545044242718  0.45402768315065656
  0.46596392196932834  0.47731425952013845  0.48835409733725060  0.49843787049919608
  0.50699841290855729  0.51508904463887129  0.52447829902600462  0.53389973590507500
  0.54451565481619824  0.55555214327909064  0.56571487897598194  0.57409329705633871
  0.58229124416537748  0.59275626625021305  0.60767995736836555  0.62188469228977272
  0.63334454034890209  0.64353013509697021  0.65449614816351787  0.66493305598507180
  0.67460500648537347  0.68339728868160021  0.69042514318010184  0.69736189705867480
  0.70483997274867316  0.71378353071160316  0.72572387698018725  0.73929522092392463
  0.75277046642365564  0.76732123776741112  0.78328137752540516  0.80021136754844158
  0.81440971602708589  0.82459457827034999  0.83319070688882391  0.84155759498795790
  0.84954385305449376  0.85765537192901564  0.86696290342509041  0.87559815661206475
  0.88684525080000998  0.89875401423029033  0.91078942587097667  0.92362798512033950
  0.93612595137044030  0.94667686439896026  0.95630730449481849  0.96470084715601767
  0.97173575659654443  0.98046087663598369  0.98965012702185906  1.00000000000000000
 -0.00294236575863822  0.01047886485673875  0.02164441814508137  0.03326342760091529
  0.04463143886878462  0.05459147884228631  0.06564061992470709  0.07564695986808936
  0.08596383372517016  0.09338780210677572  0.10217972273380317  0.11084287222225635
  0.12024076022558694  0.13056895551180348  0.14223341939585582  0.15327295912123981
  0.16472548798924230  0.17638971690314770  0.18756960679906035  0.19842127590154363
  0.20983468941512545  0.22275210820244090  0.23507190098520375  0.24510579071737107
  0.25374301849514902  0.26176121117048606  0.26944287032693648  0.27807229952823664
  0.28744097295139726  0.29763705789640832  0.30778784740511467  0.31833477559983386
  0.33019997324808065  0.34519519835074347  0.35867903490785813  0.36525055554019992
  0.37159440307120384  0.37835025145991014  0.38770329495925415  0.39752766794862493
  0.40644046867230010  0.41544460071513228  0.42617626446786072  0.44037054032439815
  0.45576623237218422  0.47129901188994022  0.48596162141903054  0.49704153719104105
  0.50864780142938704  0.51881234931326314  0.52756361564183063  0.53648214183413612
  0.54572268528146317  0.55473897185864296  0.56459907288078637  0.57330885694411793
  0.58422033709398136  0.59766536469598452  0.60965241751388022  0.62067034779263774
  0.63030544891230966  0.64025624946292126  0.65007969503596208  0.66176612016836334
  0.67403135082940013  0.68663422624729931  0.70007203922177619  0.71251581098019312
  0.72356303653108900  0.73395638502483707  0.74252867777972797  0.75225178825579975
  0.76161734906567846  0.77003117129923282  0.77826818516570528  0.78681362021087575
  0.79700169852311276  0.80620787283694284  0.81355516175568365  0.82014772855701690
  0.82646155377430852  0.83325773698556471  0.84152701199798807  0.85168071337924922
  0.86405463801785243  0.87801126413997743  0.88964482464066197  0.90012915720082087
  0.91036573607384652  0.92133176716477061  0.93272205221004778  0.94480182858613959
  0.95843246976334284  0.97179763382069617  0.98589816843869083  1.00000000000000000
 -0.00050702642717545  0.00157063738156130  0.00357106417352661  0.00528780369331662
  0.00682651518031597  0.00825662647572842  0.00957238282652653  0.01077805842207786
  0.01185511925507940  0.01296278950977163  0.01411131576912254  0.01526871027757427
  0.01638936088993380  0.01747778591705353  0.01864859060399031  0.02004879276226366
  0.02113209953530695  0.02174410819847813  0.02239148919827810  0.02308201340628285
  0.02379416516248082  0.02447053801150196  0.02497820673663224  0.02536414240175294
  0.02574176200459579  0.02611423592754024  0.02656079549004368  0.02703065567776070
  0.02745266902060007  0.02789481078398581  0.02834021037077476  0.02883414779480158
  0.02930284853026677  0.02984183788392062  0.03037682962434734  0.03108198911319621
  0.03173871445414991  0.03236305618488259  0.03293636055988954  0.03343006154730081
  0.03389408426451381  0.03436446287603902  0.03483466222489168  0.03534272357093045
  0.03609728480690039  0.03692190002838520  0.03789481599348040  0.03892371400250683
  0.03975301854738843  0.04059023178410906  0.04137183731813546  0.04225825749301708
  0.04306946416572002  0.04383299005753537  0.04458669065325564  0.04528387572607442
  0.04595400447486807  0.04661338031965623  0.04715371449128570  0.04773347484223314
  0.04827737758279006  0.04880913503350555  0.04960510790581508  0.05045255834438063
  0.05141292847409821  0.05265130611052814  0.05402422404088046  0.05511573988461378
  0.05615759188177635  0.05708955877694036  0.05835035879866156  0.05922237391460377
  0.06023789759930596  0.06128306516680820  0.06226409577946765  0.06351571192335351
  0.06476679617728796  0.06552736704059219  0.06614747674122426  0.06668792483068581
  0.06717466839524329  0.06782799106000084  0.06887603729239035  0.07024306662668098
  0.07183554521398991  0.07407759600531304  0.07595034841360228  0.07845052280403386
  0.08046096787049646  0.08179340988109990  0.08337433530218546  0.08729838524708042
  0.08869037567667136  0.09000782415438120  0.28725417284590365  1.00000000000000000
 -0.00127050316229693  0.00652438087878372  0.01225440769596880  0.01765003875176525
  0.02349172526201020  0.02966623967004365  0.03565562300175712  0.04199390619967340
  0.04944837958986872  0.05668819587728673  0.06501606637383113  0.07457372715615981
  0.08527108561014958  0.09609371252074038  0.10736509511119149  0.11738764669382225
  0.12713786668250360  0.13729808318044467  0.14926477134519220  0.16422384132858500
  0.18224487746827200  0.19969159747112084  0.21814942282840999  0.23536344472593063
  0.25205798098317261  0.27098248454456270  0.29499647100969828  0.32396550130856028
  0.35591951642840980  0.38694802354356128  0.41460757938503612  0.44040407448852537
  0.46767055199241397  0.49099212793442049  0.51185379755087335  0.53095002357746235
  0.54996484354312225  0.56869514024623069  0.58499787591258978  0.60131128167348225
  0.61292442182013263  0.62141139730821415  0.62895340410440126  0.63645090312120933
  0.64560015989905450  0.65430794865642994  0.66225829727397090  0.67127374918704252
  0.68087593568751603  0.69021086939410492  0.69961763835569735  0.70884304849467794
  0.71762959625206046  0.72549694720444180  0.73200500576459904  0.73719295621277903
  0.74218840683512743  0.74805869337832154  0.75421398081590763  0.76103071182810900
  0.76728062218134929  0.77454951313102915  0.78284536538102112  0.79111476167560257
  0.79882304299831930  0.80487464809319198  0.81016550884550387  0.81512909317297821
  0.82006104405484748  0.82502851114577247  0.83044374929435594  0.83719431607273787
  0.84435479314220319  0.85109593355500912  0.85728430454597759  0.86321026423510661
  0.86934606767215250  0.87545799902668642  0.88100070667013219  0.88620497348364691
  0.89102979968879048  0.89665757803767043  0.90374838785650269  0.91150411046528168
  0.91868603847817920  0.92583361029343558  0.93328289845745693  0.93980250890161354
  0.94647656740035002  0.95314827571329019  0.96031647310434431  0.96804624746452195
  0.97553539765293751  0.98334856598364839  0.99107292839860184  1.00000000000000000
  0.04941511099247103  0.25461851470657104  0.37013965721539105  0.45742451091618430
  0.52525923977766287  0.57792678501803574  0.62193297685248139  0.65816001642963662
  0.69033976565278654  0.71812281510100362  0.74366272200254424  0.76637859638929906
  0.78567032119887992  0.80247538521712036  0.81806125345690850  0.83162533513176973
  0.84360334906903078  0.85472843144885846  0.86440233988743720  0.87335703005440180
  0.88160857487736166  0.88924906688681404  0.89593980439313237  0.90208685560760460
  0.90798777718083934  0.91372680939736661  0.91898652555723181  0.92359292249837632
  0.92804344537041850  0.93202544406951193  0.93585146202057312  0.93916275373575797
  0.94226954112928307  0.94533278048585900  0.94811112457931768  0.95080135646577613
  0.95360763253917402  0.95637219379903959  0.95876073043613674  0.96056007035729851
  0.96203204288565414  0.96343728575247134  0.96480371879421667  0.96623775175576843
  0.96773844125326969  0.96918112174549065  0.97053783435217178  0.97182047872613164
  0.97309946771091271  0.97425889952181077  0.97544938401235637  0.97659599820706144
  0.97772155922315185  0.97883715430055696  0.97984213396005437  0.98073212037297774
  0.98160143290677093  0.98243221245276091  0.98322646973976990  0.98397854984008815
  0.98471679160772052  0.98541315901416715  0.98606250319011923  0.98669881166698181
  0.98730720912618031  0.98787785160818031  0.98840947178315874  0.98890069905074984
  0.98937762817250730  0.98986222894738551  0.99034146147002511  0.99078634043752756
  0.99121465134960218  0.99164784652438964  0.99204600119259523  0.99244697704088891
  0.99284787305046318  0.99324559223060560  0.99364854411117332  0.99403898726381834
  0.99441601646376254  0.99476679400107326  0.99510872787464777  0.99544464459806115
  0.99580800768839695  0.99617092964260801  0.99653121697320979  0.99688703337683704
  0.99722295141478001  0.99752176026081152  0.99783117764713014  0.99815133059743233
  0.99850056548399091  0.99889336678289142  0.99943401609245153  1.00000000000000000
 -0.01552565476882171  0.09851082602050260  0.13853188019035712  0.16243515785382706
  0.18259265674986747  0.19934637575752301  0.21534225486987849  0.23193087229349083
  0.24518505782308625  0.25735621758199201  0.26915436582507629  0.27820945791008161
  0.28636471416800946  0.29451112911235738  0.30311632870667116  0.31100260802737012
  0.31736856774365696  0.32309605237384320  0.32876005551573523  0.33565585998999115
  0.34359784722417819  0.35109157379578737  0.35854976940533001  0.36577735646275300
  0.37373254597418853  0.38279403558829106  0.39166961960844987  0.39959295743734674
  0.40701840040274329  0.41370637698450052  0.42042043231498222  0.42763229808463343
  0.43544672789241862  0.44343273281922324  0.45067156909752704  0.45767521121148602
  0.46470060311927652  0.47135111786021272  0.47807370120955556  0.48519270900961919
  0.49348233517387441  0.50049807548063407  0.50682357242524889  0.51325785096265286
  0.51991217671039480  0.52563665681595895  0.53016891469223104  0.53422186244157988
  0.53792475471019319  0.54160371034757193  0.54538501759169866  0.54951370755711482
  0.55379883068971947  0.55885540752732843  0.56457171626596658  0.57029238436680763
  0.57554753724478569  0.58039877185010535  0.58654477252307424  0.59442605492936840
  0.60264666183204763  0.61036152082091288  0.61769913967400725  0.62472287624477141
  0.63175035170261773  0.63943979817931251  0.64753380799520055  0.65647167024709652
  0.66563748845230741  0.67390891019836596  0.68173670987819612  0.68899380005233235
  0.69644644353451335  0.70379333309156922  0.71100721459985661  0.71819589681666984
  0.72565198602446956  0.73349798731803950  0.74119534825527622  0.75036847178133859
  0.75807946374817614  0.76645559973772581  0.77463298274896053  0.78087636186863829
  0.78713661134820478  0.79380488034148944  0.80103001090932546  0.80953387291612389
  0.81882294549087498  0.82885894768801704  0.84036564100223821  0.85384587334530537
  0.87327492505019388  0.89818327631852068  0.93228286918911862  1.00000000000000000
   1.7024483040497716E-007  -1.0000000000000000     
 F F F F F F F F F F F F F F F F F F F F F F F F F F F F F F F F F F F F F F F F F F F F F F F F F F F F F F F F F F F F F F F F F F F F F F F F F F F F F F F F F F F F F F F F F F F F F F F F F F F F F F F F F F F F F F F F F F F F F F F F F F F F F F F F
  <DiscreteSampler_grid>
  grouped_processes
  1 # 1 for a reference and 2 for a running grid.
  10 # Attribute 'min_bin_probing_points' of the grid.
  1 # Attribute 'grid_mode' of the grid. 1=='default',2=='initialization'
  0.0000000000000000 # Attribute 'small_contrib_threshold' of the grid.
  0.5000000000000000 # Attribute 'damping_power' of the grid.
 # binID   n_entries weight   weight_sqr   abs_weight
    10   10   3.107487744462118E+006   9.650990025509728E+013   3.107487744462118E+006
  </DiscreteSampler_grid>
