  0.00923356178303183  0.01662534070150513  0.02765868884133746  0.03942007789577843
  0.05058471626707543  0.06167435609787202  0.07270499171535613  0.08349995921355671
  0.09403890185097645  0.10508769328539222  0.11677961528113126  0.12820775120007172
  0.13940174431934457  0.15069891283813150  0.16212318732826508  0.17427092603103086
  0.18602419699483544  0.19699021491889038  0.20733528840275003  0.21755965640832980
  0.22786681176213949  0.23871116109042484  0.24923758095380266  0.26010951268601634
  0.27116937842675770  0.28154949505204807  0.29149877076298686  0.30084221752908696
  0.31116092513848331  0.32174261956451200  0.33200658729072019  0.34159140776837482
  0.35121094053120189  0.36158852856298024  0.37214593349323710  0.38242175933112460
  0.39245587464036019  0.40285438542820284  0.41287988592357444  0.42218787757200177
  0.43174031587657324  0.44162654474785956  0.45214798692040287  0.46247599940090534
  0.47258173138349935  0.48253640417984039  0.49320610491092481  0.50378866732949001
  0.51489767544976472  0.52643071981020084  0.53897039647098055  0.55035883463421897
  0.56129739946298995  0.57165722849130940  0.58200921717955967  0.59215374599285642
  0.60213494207057772  0.61206704593440819  0.62218749229688530  0.63209667144822868
  0.64194638760129075  0.65194572230482983  0.66241725668756557  0.67333792915154700
  0.68431682745889766  0.69491519093360743  0.70518171173566679  0.71641398281812041
  0.72729729331946857  0.73833263438832075  0.74927642260797045  0.76042042321917491
  0.77143705364101722  0.78242219479239417  0.79339012662164854  0.80386305934352331
  0.81346022253805217  0.82288451360180848  0.83209761096244406  0.84182683434776973
  0.85203315380201627  0.86273773161574829  0.87369511940155908  0.88449847158898487
  0.89454953824391681  0.90461875034390549  0.91489533301367154  0.92627712643588500
  0.93737197309168274  0.94737152744550757  0.95686563525730550  0.96569570654253023
  0.97535251024650316  0.98448043723810474  0.99054685725462577  1.00000000000000000
  0.00000256795924343  0.00000273225358555  0.00000283912594792  0.00000294011628786
  0.00000304458251754  0.00000314502309702  0.00000326327408724  0.00000339642334903
  0.00000353879949467  0.00000369483176588  0.00000386988752931  0.00000406064540957
  0.00000426088654285  0.00000448186372785  0.00000472821390349  0.00000498275896208
  0.00000526108321206  0.00000556886328740  0.00000588322222737  0.00000621451668400
  0.00000654975344459  0.00000691522658130  0.00000731968291372  0.00000774988543516
  0.00000819791635722  0.00000865701646784  0.00000912621038088  0.00000959868545682
  0.00001010032006609  0.00001062329409277  0.00001118236736167  0.00001176247108882
  0.00001236809885185  0.00001302303548836  0.00001370905740604  0.00001442972695826
  0.00001520163742385  0.00001601324783796  0.00001684586492915  0.00001778911411777
  0.00001874825287061  0.00001969833414533  0.00002068696391742  0.00002174688113977
  0.00002287285308141  0.00002406168808828  0.00002534776670953  0.00002672293182449
  0.00002809162715558  0.00002952446435457  0.00003113438545519  0.00003287027489236
  0.00003467371246720  0.00003654191672459  0.00003849274224459  0.00004050621839286
  0.00004263142985019  0.00004505812379338  0.00004762950634946  0.00005031512981036
  0.00005318139192627  0.00005627182845873  0.00005968542425449  0.00006331325831079
  0.00006710674859303  0.00007116899687134  0.00007565187925657  0.00008057793023993
  0.00008588738234559  0.00009134299864412  0.00009706285465099  0.00010334780772320
  0.00011058695226334  0.00011925555145706  0.00012896572020320  0.00013971743655542
  0.00015109737669624  0.00016363548320719  0.00017753725974581  0.00019279274932341
  0.00021137870530536  0.00023312641370910  0.00025983915743657  0.00029112233880056
  0.00032734897494512  0.00037146294369981  0.00042695197857999  0.00050279499309295
  0.00060589746764588  0.00075691070185084  0.00100094231070224  0.00141982639357107
  0.00219778176593804  0.00434368348454442  0.19149610315866777  1.00000000000000000
  0.00000236878834090  0.00000263829796012  0.00000291476034667  0.00000320709424452
  0.00000350681104431  0.00000381187767205  0.00000413376033527  0.00000447309414150
  0.00000483306433968  0.00000520395676631  0.00000557396028302  0.00000595926085354
  0.00000637652934029  0.00000681317590158  0.00000725906318572  0.00000773385345818
  0.00000824339732328  0.00000877165563532  0.00000931844672968  0.00000988325908431
  0.00001047089637286  0.00001107697937457  0.00001174709486660  0.00001240831350236
  0.00001306985516829  0.00001374743583432  0.00001443800071511  0.00001515461038535
  0.00001592100529810  0.00001673769396338  0.00001758478784814  0.00001843641319449
  0.00001931341708306  0.00002022538420392  0.00002118603499061  0.00002218917924779
  0.00002327772770412  0.00002436532121528  0.00002552174979123  0.00002677015327110
  0.00002807406671718  0.00002940826012958  0.00003078345012957  0.00003218749155885
  0.00003364243481132  0.00003505676740227  0.00003660064909684  0.00003822939853000
  0.00003996517025317  0.00004184915694987  0.00004384066674150  0.00004585029400344
  0.00004790457994889  0.00005010840768547  0.00005250118056051  0.00005512771646704
  0.00005798042328873  0.00006081098707308  0.00006375612834054  0.00006683855109480
  0.00007004548778500  0.00007335162134400  0.00007688909925383  0.00008056017676104
  0.00008446099119528  0.00008868946783274  0.00009326835246113  0.00009825246178376
  0.00010356555501433  0.00010908868885560  0.00011505582168561  0.00012170715562725
  0.00012884345738268  0.00013677738852676  0.00014615841210269  0.00015706268715872
  0.00016965164139824  0.00018393916269652  0.00019991597655691  0.00021822908392932
  0.00024001952333853  0.00026307475978684  0.00028845608102379  0.00032003191065973
  0.00035796006154197  0.00040294278359015  0.00046372215067193  0.00054316407638901
  0.00065800992008732  0.00081305097267861  0.00105221536525388  0.00144949682519974
  0.00261780130416500  0.00759608293383908  0.11487992149096007  1.00000000000000000
 -0.00261465818238830  0.01022419795309267  0.02137805332943439  0.03281344808399410
  0.04388947861515537  0.05504847940879579  0.06582741722398687  0.07655004410035741
  0.08737414737731400  0.09793466368370922  0.10760930858804842  0.11697901490699271
  0.12604528578332624  0.13628130143347028  0.14599741972833871  0.15575653746102064
  0.16553335031238597  0.17588586123685115  0.18664150475127211  0.19665101335693713
  0.20680703775766576  0.21667959088937577  0.22706303746920239  0.23843420571509155
  0.24906584061832215  0.25946110720779830  0.26966489803913912  0.28097119768975987
  0.29200903442545700  0.30222146612504919  0.31209704469817479  0.32212834063485890
  0.33304648546379895  0.34411410043574303  0.35512172606097986  0.36535145698619359
  0.37546782764170317  0.38601502825139949  0.39697128658520442  0.40830549356319251
  0.41990328430396040  0.43140282591371032  0.44283455320820381  0.45438819893281479
  0.46640188147356365  0.47852869290995637  0.49020594228321035  0.50139808094816130
  0.51218347218082361  0.52266544744013754  0.53323718605274639  0.54364697126866479
  0.55391488586123350  0.56385662469521614  0.57348520413534210  0.58310755138656867
  0.59271211704483318  0.60219501535593045  0.61178856417263006  0.62179498342292083
  0.63228073672132523  0.64288756295863336  0.65340697783808321  0.66379115605338035
  0.67431611237057065  0.68503512576109682  0.69590560699152015  0.70672436579522768
  0.71743722006798327  0.72806981158799544  0.73825786688274420  0.74804035638272637
  0.75762525587523388  0.76761999616206589  0.77825635920289760  0.78957390651475223
  0.80133969601082844  0.81263528280871145  0.82358656224679927  0.83418738615151766
  0.84465003723732379  0.85512541789541063  0.86578795559643251  0.87666324962346487
  0.88818843242382972  0.89975586802289642  0.91119743761690242  0.92207860709136391
  0.93238115198977334  0.94214301251284538  0.95188840069285063  0.96163713110275184
  0.97167292761483171  0.98158563056466996  0.99094181916016388  1.00000000000000000
 -0.00269692910639392  0.00998668462874136  0.02071250971508251  0.03121741738599125
  0.04220504409038913  0.05316711815873342  0.06455522283852001  0.07512702546691298
  0.08542685660478073  0.09519357846636047  0.10525251159168535  0.11619744662342643
  0.12772444693097987  0.13885979574336541  0.14975829273988633  0.16033305838469780
  0.17109850183469374  0.18188265754821839  0.19269878353837494  0.20354442042034590
  0.21451537201238322  0.22592877985233389  0.23729067168243231  0.24849452748567089
  0.25886480399584266  0.26887608534102386  0.27894597951524036  0.28888206173007508
  0.29857636489881634  0.30807289919154324  0.31760715895190839  0.32827878792032938
  0.33916814165586445  0.34887371346914525  0.35825038490323624  0.36808084337022678
  0.37747542023392078  0.38657389473290910  0.39499971385689503  0.40418219894185348
  0.41345006711183452  0.42282941941077118  0.43229430160058951  0.44221775558593496
  0.45260594992159664  0.46300028103882845  0.47326439259803682  0.48374855654515081
  0.49477792817112576  0.50627448415801268  0.51767064114746586  0.52872941684311969
  0.53954627715096704  0.55039826358062582  0.56148055409862652  0.57209096180133134
  0.58300928996942125  0.59428923111191856  0.60556635710574935  0.61688396407845569
  0.62840497692788178  0.64008738692051848  0.65145849658079047  0.66235996779021211
  0.67313813288358959  0.68382634496311856  0.69450223032194858  0.70520806235062905
  0.71600537606560732  0.72633445129637897  0.73559161627505976  0.74436525914339235
  0.75350045485744144  0.76327876618416901  0.77345631497499856  0.78352502148041547
  0.79377491115061238  0.80397100006625610  0.81423905640430361  0.82447310838622700
  0.83485990420923417  0.84511760498182364  0.85506398994971267  0.86501849105050466
  0.87528053749850343  0.88618118749537900  0.89780865993792291  0.90968971969752677
  0.92147185316377211  0.93314530889378888  0.94472111489948785  0.95622943333191146
  0.96786684041012749  0.97925787325238756  0.98985352873070853  1.00000000000000000
 -0.00238504023373304  0.00925877528903844  0.01952405219878419  0.02983127524796520
  0.04063419834772245  0.05142485929512208  0.06366934440885678  0.07467111309292912
  0.08600807964652626  0.09559986226143211  0.10534226949567575  0.11517622859183822
  0.12501277535910774  0.13570068816414690  0.14567767622819150  0.15586956279434200
  0.16628186015187185  0.17677729269964040  0.18740592104311132  0.19804757941506743
  0.20857677646506756  0.21907825289625740  0.22989578640329567  0.24169886524060055
  0.25367350946822009  0.26500733985556907  0.27599771866841205  0.28686462863831402
  0.29749529483066378  0.30810780731980630  0.31879073094523053  0.32946493302965651
  0.34046203406821107  0.35122619039923247  0.36136943083451029  0.37129374427468143
  0.38118594100859970  0.39157220780729568  0.40243925943489350  0.41331051444794892
  0.42398401646912381  0.43464635278794217  0.44525447422761771  0.45576860997867857
  0.46606436517347249  0.47638434027280274  0.48736284158961329  0.49822630884297037
  0.50860127817111445  0.51891231740206889  0.52928584478804985  0.53938291815965822
  0.54852242237568360  0.55767898617493827  0.56767081741381265  0.57830476190092850
  0.58863474027143370  0.59858533898158306  0.60921685436499962  0.62066911567149752
  0.63254631615858958  0.64359314438935356  0.65305759660427443  0.66174321540266567
  0.67068560439697844  0.67955358520317377  0.68838714899441111  0.69714534849121679
  0.70718006083229257  0.71831124807424207  0.72960365610890843  0.74066108925346452
  0.75193005582968753  0.76245059159017248  0.77332340344244610  0.78335802424033318
  0.79392760905206294  0.80524490474685040  0.81692060690346480  0.82828745063054554
  0.83946318107384332  0.85055125016353728  0.86121109068726120  0.87201508282520868
  0.88365362567561656  0.89566162078311207  0.90622877873958152  0.91687580413322423
  0.92695237119893070  0.93649480071910063  0.94600708708067360  0.95583480794523512
  0.96721751382895949  0.97844274443692059  0.98929927961299957  1.00000000000000000
 -0.00000613688485027  0.00022031297892398  0.00057051110869344  0.00102917905050526
  0.00158708260628266  0.00207471724833753  0.00250936107534017  0.00297609923688455
  0.00345495900090614  0.00394007589357857  0.00442911675136250  0.00492013250740389
  0.00542016751035538  0.00592282031129131  0.00644000553219713  0.00696826281420297
  0.00749264642395507  0.00802917360707635  0.00859568383450911  0.00918392706427875
  0.00977711216503432  0.01036484882383052  0.01094975199329132  0.01154717244235433
  0.01217103173729309  0.01282257015798859  0.01349711458849023  0.01416386379246065
  0.01485252979564476  0.01557110288252576  0.01631294415794640  0.01705699252219352
  0.01777636641048070  0.01847643894227259  0.01919566552832889  0.01992088278388798
  0.02059541588357331  0.02126297463372718  0.02193881897877706  0.02260088033958472
  0.02322099573434696  0.02382790125153982  0.02446308681939728  0.02511643487165660
  0.02580659185802342  0.02656833816882583  0.02743585690564711  0.02835083807942426
  0.02926457116740762  0.03018537397866954  0.03106971965242902  0.03194758994891808
  0.03285316601528103  0.03378473898542559  0.03472472476388446  0.03563217352737882
  0.03651277428998795  0.03742273512996475  0.03841038877210598  0.03941610241546929
  0.04044081735288337  0.04154150525422542  0.04262330319666690  0.04375245339269574
  0.04492168966244346  0.04606723646174871  0.04725983374334962  0.04849278467149181
  0.04980216338615553  0.05115110981790896  0.05240387243721977  0.05359982450697685
  0.05489978979115437  0.05636484939190602  0.05784290520344749  0.05936198351964116
  0.06084010267691038  0.06230300536758598  0.06418761771967804  0.06592130452512243
  0.06729754750508939  0.06882696398596387  0.07081276364518566  0.07291055828160176
  0.07579631269936686  0.07809874860857570  0.08058780075988389  0.08296391109355115
  0.08652170319155131  0.09012502907002304  0.09328145044683439  0.09927156759970017
  0.10664070760716388  0.20791913785216792  0.54734469227133831  1.00000000000000000
 -0.00311039948757511  0.01196364781310259  0.02386652930155878  0.03632719736459454
  0.04864554269112238  0.06159574173746972  0.07348479463650147  0.08561188237796513
  0.09781541270667334  0.10996174212940835  0.12209547060309520  0.13391196819285542
  0.14530088211113698  0.15606357519029584  0.16727428833123134  0.17782514499663832
  0.18804946165949216  0.19803452409620426  0.20880747387798895  0.22014740407718905
  0.23185345245979055  0.24213294388302764  0.25250081722162310  0.26267116335486812
  0.27316087319266558  0.28357856467172965  0.29353562212824524  0.30272395147074393
  0.31195654145028318  0.32091870242308146  0.33033665715276000  0.34006219841749941
  0.34990880730922347  0.35978554524190159  0.36944953188712426  0.37886294152447336
  0.38805968183199924  0.39733150009534979  0.40643213905035441  0.41539276686819698
  0.42451046530411601  0.43339658384347290  0.44215020900271407  0.45101558327170538
  0.45966043973303899  0.46865721187137238  0.47802195661898811  0.48737728415440407
  0.49683556804620926  0.50604779390144661  0.51509496691897338  0.52447037402873931
  0.53410797162505230  0.54355389934317411  0.55230409602323838  0.56097734322376647
  0.56991821402238363  0.57949668047649916  0.58934195710530324  0.59930178765559450
  0.60930359619255359  0.61909204850467081  0.62872319693283851  0.63868708735210455
  0.64955195767719554  0.66147301009103809  0.67249748377314356  0.68253187333527954
  0.69270566452033333  0.70315321885980575  0.71359161268046711  0.72404431676891556
  0.73494818096358261  0.74612877638933761  0.75726720970530803  0.76811845379625754
  0.77836737456175420  0.78815573714905518  0.79821098528371537  0.80873568581152822
  0.81972267311882163  0.83164376926791206  0.84459889123131227  0.85800981989276914
  0.87150016363474236  0.88485789059847941  0.89765834806791678  0.90979974103385641
  0.92165663493434768  0.93345477081387884  0.94536504922555853  0.95723081930292941
  0.96882088488526730  0.97980646457852849  0.99014480624654855  1.00000000000000000
  0.01402035259762838  0.19668637202449676  0.31023693961781629  0.39495099020094160
  0.45870519625691147  0.51226321348585757  0.55483315558890045  0.59108176881921892
  0.62265411955893846  0.65023967064395827  0.67499249441903841  0.69735482028008988
  0.71719936641396587  0.73478485466347199  0.75089006115449819  0.76572236504939828
  0.77933203081682256  0.79201720501135098  0.80347101472730709  0.81418543014422107
  0.82403781223344652  0.83331043688608220  0.84188987267278770  0.85002529172447583
  0.85771497875418001  0.86504832619610750  0.87203754647159726  0.87837084489029893
  0.88421306816515954  0.88976963556242950  0.89510319903502644  0.90012590594858244
  0.90479149741328113  0.90915290278917393  0.91338443738958197  0.91722918578218460
  0.92074971972133812  0.92412010071427531  0.92733764253287720  0.93047980366773397
  0.93359689857717931  0.93658535640202356  0.93930795581659643  0.94182162025179972
  0.94425555200596278  0.94669630998202359  0.94906137231439358  0.95134720229877767
  0.95357190677739601  0.95570722645373274  0.95766687292920438  0.95947082376909032
  0.96117818779536102  0.96282412626485703  0.96443050812166453  0.96596617371660787
  0.96743503530264408  0.96888339307912452  0.97030125533494971  0.97167898835577859
  0.97301714653259608  0.97428961546809734  0.97552082220702729  0.97673995478351083
  0.97792279374142566  0.97905108800826846  0.98012143616136715  0.98114095943978075
  0.98211852279717382  0.98305653585950081  0.98397249779096685  0.98487395202690364
  0.98573291650828909  0.98651088295826450  0.98725213364865982  0.98800778402334877
  0.98871648837953552  0.98940319659429654  0.99008175353067773  0.99072795595204100
  0.99130427673462029  0.99187577963115925  0.99244361521386804  0.99300176239673044
  0.99355105231411045  0.99409135090064282  0.99461403304163631  0.99513261061869762
  0.99564549902456989  0.99615541976355737  0.99666743144410153  0.99718720406019701
  0.99775546137943105  0.99839194214740101  0.99913382255381400  1.00000000000000000
 -0.02108499692381787  0.10383059355339186  0.14457216071728038  0.17126623002307484
  0.19101227068292648  0.20689931601185768  0.22139404906826515  0.23502924090138286
  0.24671163164841139  0.25734526191617019  0.26791538098904494  0.27915134560692090
  0.29058015834447826  0.30111796295019877  0.31085150544443174  0.31991776237280856
  0.32870493780096371  0.33740728366641354  0.34608297490556050  0.35449746314224900
  0.36269813042037430  0.37083325569323344  0.37882266559671957  0.38668479104107634
  0.39482488010806593  0.40239881554853302  0.41017169191336611  0.41753485550342101
  0.42441619707198713  0.43105372072972253  0.43753271927083809  0.44387800995016646
  0.45037124208693768  0.45669757516013815  0.46339350564650561  0.46957438792402284
  0.47538966853334569  0.48119221698508979  0.48686248756393552  0.49277022499163670
  0.49891497472581875  0.50493900778375644  0.51098687025388934  0.51726508007659799
  0.52340187198310817  0.52931928714099385  0.53503937887652775  0.54098464648143207
  0.54736083605260411  0.55401251736129942  0.56062683497451160  0.56696890460297866
  0.57311950574103776  0.57923997615737866  0.58535548873741805  0.59176080399132835
  0.59848551868053546  0.60509558327602297  0.61152487916414200  0.61779939889068769
  0.62404117625319089  0.62991584621987207  0.63566996055122749  0.64143265216017376
  0.64727765244358437  0.65313638788329020  0.65885702672477109  0.66460402917333283
  0.67054003831903397  0.67667076834778195  0.68292011078352166  0.68919395321948429
  0.69547638045036897  0.70182003256975833  0.70826632052826233  0.71485962991465590
  0.72168380118848829  0.72864116233089904  0.73559775777660596  0.74258570872387764
  0.74987329558803106  0.75778554656276498  0.76537684065941702  0.77308242524301607
  0.78103066651570807  0.78951989609784778  0.79917395689107651  0.80913051040373041
  0.81948587534942396  0.83056770327885399  0.84224966534634049  0.85490775852929834
  0.86987224193272150  0.88865379930166422  0.91978567668795674  1.00000000000000000
   1.1665962667875413E-009  -1.0000000000000000     
 F F F F F F F F F F F F F F F F F F F F F F F F F F F F F F F F F F F F F F F F F F F F F F F F F F F F F F F F F F F F F F F F F F F F F F F F F F F F F F F F F F F F F F F F F F F F F F F F F F F F F F F F F F F F F F F F F F F F F F F F F F F F F F F F
  <DiscreteSampler_grid>
  grouped_processes
  1 # 1 for a reference and 2 for a running grid.
  10 # Attribute 'min_bin_probing_points' of the grid.
  1 # Attribute 'grid_mode' of the grid. 1=='default',2=='initialization'
  0.0000000000000000 # Attribute 'small_contrib_threshold' of the grid.
  0.5000000000000000 # Attribute 'damping_power' of the grid.
 # binID   n_entries weight   weight_sqr   abs_weight
    10   10   4.743006686201408E+004   2.209041024612500E+010   4.743006686201408E+004
  </DiscreteSampler_grid>
