  0.00961610938230254  0.01595589696939088  0.02420320388874533  0.03312601646811444
  0.04248045847990433  0.05236721926779580  0.06234295987213398  0.07254888519958493
  0.08298620073368715  0.09361009397405046  0.10452689364054428  0.11572286896988794
  0.12706875122979228  0.13853224131951916  0.14959605773096360  0.15988502416376379
  0.16998051438116268  0.18032861730881872  0.19065978777807169  0.20082203051791744
  0.21122333112078989  0.22235072331273939  0.23330315682442065  0.24378541884906255
  0.25429657540618777  0.26433581590834937  0.27402742820741394  0.28351035736690083
  0.29303998906674900  0.30354398913805519  0.31371652387917437  0.32414458351379666
  0.33435540022637261  0.34467834097911138  0.35476588420286698  0.36488655465016201
  0.37490910249698123  0.38460056528785858  0.39413455719554946  0.40420794786344894
  0.41496238919673156  0.42591763051934584  0.43661292915786520  0.44708264034143941
  0.45726574144635723  0.46754626635576507  0.47795627528408524  0.48817402529772708
  0.49818327563973497  0.50806498006437817  0.51806192551468588  0.52816709348411184
  0.53839906256109593  0.54882786437200382  0.55939911255106656  0.56978402234287873
  0.58005202397148914  0.59062393595304996  0.60154220726057273  0.61250276036986595
  0.62340498309382864  0.63414701427051889  0.64485337403712384  0.65573323001730033
  0.66623282515034521  0.67613890594249315  0.68614412621644505  0.69671469188282198
  0.70744284475483443  0.71797597083387588  0.72877311965357416  0.73980492544515664
  0.75040327001148588  0.76069763177973448  0.77129022454419038  0.78236019423281655
  0.79298655686849384  0.80299252956326694  0.81303369402310766  0.82300122626295169
  0.83280172498434157  0.84253220801388462  0.85275939049582405  0.86369307256817840
  0.87457503782899859  0.88528162890363249  0.89584068655255567  0.90641315360405739
  0.91724481229875932  0.92783512710747329  0.93867771717180903  0.95004065807997184
  0.96147650164098186  0.97240182766801719  0.98329460046129069  1.00000000000000000
  0.00000244228118564  0.00000252996448083  0.00000257907336930  0.00000262852036874
  0.00000267528266431  0.00000274050357565  0.00000281354440646  0.00000290982120396
  0.00000302703335531  0.00000315244347981  0.00000330075276156  0.00000346715552408
  0.00000364366038577  0.00000383475732288  0.00000403768551196  0.00000425227811571
  0.00000448986092900  0.00000474891761383  0.00000501858998452  0.00000531996015555
  0.00000564260879729  0.00000597432503691  0.00000633523080871  0.00000672086383708
  0.00000712743268536  0.00000756131399473  0.00000802517473838  0.00000851847430136
  0.00000902362952309  0.00000953566398419  0.00001008193164216  0.00001061419232861
  0.00001126860078904  0.00001191841934515  0.00001264693651838  0.00001343767218497
  0.00001426102327080  0.00001511298477744  0.00001601032436726  0.00001696750710651
  0.00001798538634937  0.00001901597650501  0.00002018136778868  0.00002138993015506
  0.00002263812729333  0.00002395838327087  0.00002536745331541  0.00002681028040195
  0.00002832539262070  0.00002996178954734  0.00003173353643789  0.00003364822915407
  0.00003570120401236  0.00003785964758625  0.00004009426411872  0.00004255089193612
  0.00004513219744330  0.00004784897511550  0.00005062765940758  0.00005353436754853
  0.00005679511720342  0.00006037724623609  0.00006413142911849  0.00006804344645173
  0.00007217765417006  0.00007692827537563  0.00008235801026135  0.00008837424818317
  0.00009454099651663  0.00010125208282768  0.00010883159991715  0.00011733036426185
  0.00012663045518997  0.00013709832951431  0.00014938613284270  0.00016360860869023
  0.00017895724403147  0.00019590543519848  0.00021510155031189  0.00023767159673006
  0.00026494981750255  0.00029697685439484  0.00033224133441349  0.00037648904630224
  0.00043351958005213  0.00050606140139994  0.00060225515512817  0.00074918578020258
  0.00097136395363929  0.00133985705201112  0.00207753418958252  0.00352355252626061
  0.00726347379040488  0.02334749052926228  0.47232745323747999  1.00000000000000000
  0.00000234719194378  0.00000263246402403  0.00000289469512244  0.00000315806822542
  0.00000344007892828  0.00000374834374743  0.00000407377585237  0.00000442384219252
  0.00000477003591082  0.00000512972392869  0.00000551241537647  0.00000592428083237
  0.00000637266364374  0.00000683565531906  0.00000730607169936  0.00000779087951275
  0.00000830207382296  0.00000881071642372  0.00000931958311587  0.00000982476081818
  0.00001033513083175  0.00001084987849910  0.00001139222437531  0.00001197857621421
  0.00001261246775727  0.00001329249843516  0.00001402746062351  0.00001482335561977
  0.00001566739735656  0.00001654377258790  0.00001748318335609  0.00001847398797604
  0.00001947617983764  0.00002048237643841  0.00002150528649334  0.00002257340237806
  0.00002371198162662  0.00002490865563128  0.00002614873569469  0.00002746886438242
  0.00002883634520257  0.00003023646090213  0.00003167589343707  0.00003314540314925
  0.00003461304419896  0.00003617883644943  0.00003785305039937  0.00003961042086304
  0.00004142559805686  0.00004339318024542  0.00004550899415359  0.00004778410979997
  0.00005026766957372  0.00005295672718016  0.00005578663033410  0.00005871387968076
  0.00006179658035742  0.00006518711958636  0.00006882640275190  0.00007272143662641
  0.00007683316862484  0.00008113405258381  0.00008553893915846  0.00009010406746113
  0.00009483333389409  0.00009970541842578  0.00010496525960822  0.00011072789855126
  0.00011720712372728  0.00012463689016899  0.00013310363105562  0.00014257278036381
  0.00015328953542706  0.00016529174054647  0.00017786250144584  0.00019156565936935
  0.00020670205600360  0.00022420792709360  0.00024525367405719  0.00027018208259653
  0.00029884267663391  0.00033190371841244  0.00037260215059372  0.00042298794317536
  0.00048723537405665  0.00056987274120587  0.00068377230838983  0.00085416595048434
  0.00108812274176784  0.00142688183342362  0.00207544210777998  0.00335041686911843
  0.00633518709574070  0.01387409631728062  0.15839029243565317  1.00000000000000000
 -0.00248180434388069  0.00951655332383988  0.02072486263467854  0.03142760476842617
  0.04173004382783586  0.05232772246167822  0.06348641755566604  0.07563893123230614
  0.08700716125005280  0.09737552367140592  0.10742194203896217  0.11726691147570707
  0.12715188790764265  0.13633951384664170  0.14554418307332051  0.15537358569786566
  0.16573962766073558  0.17656189629092187  0.18786925245446220  0.19935980469856607
  0.21033055441342280  0.22131298327165749  0.23263706523576816  0.24416529778046556
  0.25516981914957432  0.26586207603312090  0.27677703624216227  0.28798433294176062
  0.29830538570987358  0.30821228947280555  0.31808544378490378  0.32870743273388614
  0.33964639296961013  0.35022483401347071  0.36053900620163370  0.37046354434080392
  0.38042189142052546  0.39074242940247023  0.40113627701688148  0.41171732229491054
  0.42201857587482339  0.43253888793235679  0.44340860317383113  0.45504366851167588
  0.46507143897646602  0.47459093344708697  0.48397833229978215  0.49364037746286210
  0.50243717292480294  0.51101624585501670  0.51976941207344873  0.52892752833105738
  0.53815668058054289  0.54777235333933072  0.55822426174891526  0.56923130529362587
  0.58023471619366362  0.59092469868801090  0.60121246667733064  0.61135372703244117
  0.62162509942210697  0.63216914470879260  0.64270912846577566  0.65306166072984850
  0.66356737156809453  0.67433587537565720  0.68550673493067815  0.69634770999368689
  0.70663688465439900  0.71692387774092159  0.72726561754728725  0.73780972729180583
  0.74877687966830420  0.76023590803280117  0.77191069719031769  0.78365096003504053
  0.79561332936386275  0.80776901337345441  0.81946073810954556  0.83038152147774513
  0.84066690725960513  0.85084504746287704  0.86143136974012202  0.87161829161144289
  0.88185481304561097  0.89190810306101065  0.90265835286498586  0.91368188717968979
  0.92521107386322921  0.93674349688581171  0.94811055462763105  0.95934876978513361
  0.96985818375478750  0.98031100073647570  0.99003669031557040  1.00000000000000000
 -0.00229035423924869  0.00941171816132132  0.01972183932682506  0.03093429373759116
  0.04194093803497467  0.05355475793782395  0.06495405411838340  0.07604104101127010
  0.08658609978410685  0.09740565493889071  0.10869875103124751  0.12008203746232290
  0.13125880847042437  0.14222300742096911  0.15344933925204329  0.16479656806213566
  0.17579484851627233  0.18698924940067921  0.19842542409057443  0.20959755478583872
  0.22040531320354873  0.23103389968400534  0.24176179180855639  0.25218954908667829
  0.26204429643116717  0.27128055694429737  0.28011423945803748  0.28922815935757146
  0.29900511351243708  0.30854748273706700  0.31846470189756787  0.32872190211536745
  0.33874202228794786  0.34848246832341878  0.35836270958417143  0.36820040077591759
  0.37826052932904791  0.38810615213221483  0.39788261607476633  0.40855694351256500
  0.41931663650210538  0.43026703866176036  0.44096773189718425  0.45148423898947948
  0.46194461048202978  0.47245741098059257  0.48341814855961307  0.49478567209473795
  0.50600735735125535  0.51668582316995093  0.52719427567427535  0.53729546591133914
  0.54768029862838918  0.55716793301730028  0.56742738340169541  0.57693736870640067
  0.58635253186800806  0.59597692154246451  0.60607897786765952  0.61671077407245878
  0.62772122954385567  0.63852444712851919  0.64919458940162311  0.65970542710491675
  0.67015440446353469  0.68064137615631926  0.69112819364102007  0.70164049868765233
  0.71220018703489651  0.72290877271578269  0.73340499853147922  0.74401371182453668
  0.75460323127864581  0.76576987840646071  0.77711431371937645  0.78808194725920300
  0.79936514335510067  0.81043995939658009  0.82177557486344066  0.83205259921517294
  0.84160851700788353  0.85107585734887314  0.86112691168725897  0.87142644480280973
  0.88175390881246962  0.89238003564319190  0.90363171503482020  0.91483926444380614
  0.92528186077180385  0.93538582542740156  0.94649155921991801  0.95749220803287405
  0.96805389167617073  0.97875494902154669  0.98955578561994684  1.00000000000000000
 -0.00247151526225023  0.00930437696640119  0.01898513934216575  0.02972565115871474
  0.04141999640304338  0.05110571428292823  0.06109355920069871  0.07068633364204754
  0.08027483655259504  0.08954951400199263  0.09880784821775231  0.10835514766350145
  0.11836324687911561  0.12850345519460379  0.13890566155271974  0.14936737673277614
  0.15977047945023046  0.17063303190081400  0.18167411758647709  0.19218870592694573
  0.20236295985568412  0.21270858119308839  0.22338135159288428  0.23461942567387592
  0.24526516033003573  0.25629412655807227  0.26713242144625848  0.27819402029751683
  0.28899655312265454  0.29983157762741985  0.31110289696596422  0.32249511497634764
  0.33442607988077117  0.34590450471456902  0.35730489951628985  0.36817813315580700
  0.37876476807735493  0.38880154391623734  0.39907561880021958  0.40975854351120511
  0.42058927989035616  0.43166590666910587  0.44239306115899024  0.45320816740474507
  0.46390007571933983  0.47494363853299537  0.48663322936767861  0.49870329976889510
  0.51008925270319438  0.52033350367100528  0.53003144165267924  0.53953954573290330
  0.54953620490877675  0.56015673667271926  0.57129000212594716  0.58261782072409829
  0.59367717955041355  0.60445851271270901  0.61488825704054872  0.62471611138903449
  0.63406693528064617  0.64369694252860477  0.65400857537149470  0.66441998543880232
  0.67413325193233764  0.68358542115509036  0.69366496858770099  0.70409854633136038
  0.71426412028306185  0.72441390526900240  0.73457343682595377  0.74491666700871628
  0.75624294857103636  0.76737059281210118  0.77841982254804976  0.78918274919041276
  0.79971950302389638  0.81018133507135226  0.82109012305661766  0.83223375383418552
  0.84335250099536363  0.85418583764821820  0.86488324465619737  0.87563031304620298
  0.88553851898898950  0.89489388641573397  0.90386169304321895  0.91311566264574839
  0.92326454263480662  0.93429404092134838  0.94554305967524854  0.95666366100178513
  0.96785949790335535  0.97907348963464136  0.98934380769512309  1.00000000000000000
  0.00003837381502983  0.00012411176959520  0.00049211099476559  0.00100685962597467
  0.00161480395069287  0.00201125556140355  0.00242597855667021  0.00286758733789219
  0.00332196288340631  0.00378189721643435  0.00425006587303521  0.00472648342655389
  0.00521180751959852  0.00570478453676644  0.00619999240569276  0.00670944557527485
  0.00722153226014456  0.00773177611117500  0.00824925340470306  0.00877867634859703
  0.00931635185452059  0.00985489909357740  0.01039086171149519  0.01092237687496385
  0.01144967712881618  0.01198067238205711  0.01251438580939087  0.01305715688557226
  0.01360282940381410  0.01417204563786051  0.01477174974985089  0.01539533092126531
  0.01603970560393173  0.01669872413685767  0.01736284670919121  0.01803449281513673
  0.01872352426884274  0.01941667288201126  0.02012046664122067  0.02085192910742054
  0.02155981751134355  0.02225318238967243  0.02294345921114510  0.02363347184416613
  0.02436793791198649  0.02511623410152551  0.02591088288855855  0.02674099311420436
  0.02767275010981092  0.02868847155939997  0.02968721255615652  0.03070483763344653
  0.03164774026802172  0.03258082686336779  0.03349225619182013  0.03442636056577019
  0.03538659095342711  0.03643869745192334  0.03756126851931340  0.03875089606373307
  0.03998092628160500  0.04125224339404692  0.04256201762309818  0.04395640298061477
  0.04542672705748586  0.04690290813338943  0.04841514044934013  0.04996569034063256
  0.05159610224532768  0.05319764887488426  0.05490980326635155  0.05677672434215908
  0.05874877040782324  0.06077018089225231  0.06280511485629779  0.06481822564222763
  0.06683070454686930  0.06884755257602319  0.07091357092331116  0.07309042262639391
  0.07606493179301044  0.07939041343222297  0.08290825445870034  0.08621544551783576
  0.08925013401940549  0.09220909623290312  0.09509392570269949  0.09801649541444012
  0.10098269103992466  0.10949198150820820  0.11454432602659607  0.12941420676734006
  0.14621227079479832  0.17106748257816959  0.52146292637735991  1.00000000000000000
 -0.00248616473459612  0.01017399634304553  0.02114964106012814  0.03151292633761055
  0.04236412385882440  0.05417699086166718  0.06579394140425564  0.07602646765159440
  0.08643882546696423  0.09697537752115604  0.10702940506573104  0.11684105846430060
  0.12760073788853704  0.13969514667832406  0.15157749771232729  0.16271723420249973
  0.17352568066892352  0.18402217903495652  0.19441978949135738  0.20514232630896109
  0.21627329876832813  0.22756376348000187  0.23873860665167213  0.25022592804667332
  0.26185797877513595  0.27339981848973849  0.28468325167683783  0.29572768871238864
  0.30638193552828735  0.31662232132507850  0.32608175178788062  0.33528060892512779
  0.34505542502593678  0.35578318776644130  0.36725085817218478  0.37860577403698187
  0.38976074947774669  0.40063093680993656  0.41084704247919535  0.42020992825137210
  0.42904364653837151  0.43789324089005899  0.44713887706744176  0.45668280870571620
  0.46615582472880124  0.47529104256355986  0.48435579532803386  0.49372011607592814
  0.50330565465104349  0.51294649071144705  0.52284856187054096  0.53312768380421893
  0.54319122865447511  0.55267504911600474  0.56201184080492173  0.57132834656318365
  0.58052676573897932  0.58936974346010096  0.59789404596512008  0.60652591917016552
  0.61594926047903298  0.62613426110191428  0.63619015420710257  0.64601022116351292
  0.65541249973790694  0.66476469613816458  0.67493279077872437  0.68555081058642475
  0.69629096186949824  0.70691539495732025  0.71796845128150033  0.72919010400651929
  0.74052976407191307  0.75148489631024951  0.76213945165869623  0.77283942534193506
  0.78344446516005617  0.79407710402120457  0.80480201038616384  0.81580036248415666
  0.82723092457672720  0.83753091189876550  0.84806364280387481  0.85866445735181329
  0.87019967132989862  0.88201554080808076  0.89328040832960931  0.90451872238602260
  0.91545214756070237  0.92772276870575843  0.93989350873952648  0.95216425444618547
  0.96460404638759134  0.97685703652666567  0.98855749399751114  1.00000000000000000
  0.00952255111571480  0.20047585930715645  0.31332336938246264  0.39492154623972053
  0.45572039352750371  0.50671038685332825  0.54940136025817310  0.58619768622459179
  0.61844536985063725  0.64673680297271496  0.67199302730153010  0.69416456428407736
  0.71384365907993375  0.73163094214272306  0.74811589472236040  0.76312948806574432
  0.77690923104871068  0.78951670431364152  0.80125147032335575  0.81240532193159221
  0.82278096942856460  0.83240681303203690  0.84107005271813640  0.84928789463143417
  0.85692805098726521  0.86400815541372389  0.87079680333003739  0.87717715318743517
  0.88309582447615043  0.88872427468251058  0.89413147685855199  0.89924807705080367
  0.90401793689126508  0.90849073123051405  0.91268759492322327  0.91655301325172056
  0.92015803609171931  0.92352627262572273  0.92679585781319196  0.92997023563590819
  0.93300405756975757  0.93594971061451926  0.93869843648210505  0.94122253692708857
  0.94365689222029414  0.94604965563935772  0.94836931753687392  0.95061599207824687
  0.95279119592537864  0.95491947343777206  0.95696808672197198  0.95887668099818268
  0.96066912460679876  0.96235698059593566  0.96396728704403456  0.96553800832322545
  0.96707389797851995  0.96853062728639627  0.96991202767689300  0.97121683206083642
  0.97244414179882444  0.97361179076605120  0.97473827922913592  0.97585801306733422
  0.97693846560876973  0.97798985748077927  0.97903476425619784  0.98006510472362329
  0.98107898413736272  0.98206038154929187  0.98300077192546675  0.98389445592968483
  0.98476028328256093  0.98559749798770269  0.98640173675845622  0.98717664154391938
  0.98793489999035378  0.98866279791878819  0.98938157383238545  0.99007932127239096
  0.99076009807181320  0.99142513782573050  0.99205842576107373  0.99266020574059999
  0.99323346956960867  0.99378870917397533  0.99433252378551618  0.99486281960171319
  0.99540567654624990  0.99595805934866088  0.99651571476038081  0.99708924463294279
  0.99771309623629423  0.99839774845469875  0.99915969253228043  1.00000000000000000
 -0.02160838562883778  0.10734252489648825  0.14615601145247636  0.17215386472801342
  0.19346432076274889  0.21129512538602693  0.22614059977371020  0.23983292089923186
  0.25254139867336822  0.26312202998541284  0.27309923576498568  0.28299202967396353
  0.29266787803968264  0.30159784492752623  0.30997353891830054  0.31859049043738052
  0.32749221852468846  0.33654468694426037  0.34560777057501590  0.35441581028075847
  0.36311306915030633  0.37157057482146666  0.37953780939551579  0.38676332791352169
  0.39426427432089417  0.40141385503106969  0.40920102442276074  0.41701553472825709
  0.42416554626987507  0.43098936517971176  0.43786093225302153  0.44462317232445442
  0.45153383784497925  0.45815164144962189  0.46431065104188485  0.47040179073800104
  0.47644033172227013  0.48269958609465530  0.48922140303796435  0.49593154157230090
  0.50270026520790556  0.50926871281864072  0.51607909999548818  0.52245832956759464
  0.52860887982884153  0.53483895604758214  0.54089357090148604  0.54680033052971155
  0.55257603418134482  0.55869586871000865  0.56489976606901948  0.57056786733803977
  0.57565144703458215  0.58054605918848134  0.58571572028166463  0.59142802800135286
  0.59714275243917281  0.60266853050284930  0.60817677961679206  0.61356131269262759
  0.61890803890659296  0.62442138137236924  0.63047304645774538  0.63689625857290821
  0.64343321892588834  0.64990526287283590  0.65640291034832432  0.66306914247431692
  0.66967114737750599  0.67642815719919280  0.68301309995896853  0.68995745751551996
  0.69647543397859013  0.70314538984970787  0.70987157688094027  0.71666958937039649
  0.72377550443343464  0.73093190350509984  0.73811009450555098  0.74552303533554920
  0.75317196869407577  0.76086543163264142  0.76870515239763848  0.77631024778655944
  0.78390728122146558  0.79167507739322041  0.80019184468535132  0.80915748041471203
  0.81957037614832429  0.83071628718210710  0.84216950672222890  0.85478412936859083
  0.86944300471565528  0.88827411784549615  0.91753184385595177  1.00000000000000000
   1.2233046200966197E-009  -1.0000000000000000     
 F F F F F F F F F F F F F F F F F F F F F F F F F F F F F F F F F F F F F F F F F F F F F F F F F F F F F F F F F F F F F F F F F F F F F F F F F F F F F F F F F F F F F F F F F F F F F F F F F F F F F F F F F F F F F F F F F F F F F F F F F F F F F F F F
  <DiscreteSampler_grid>
  grouped_processes
  1 # 1 for a reference and 2 for a running grid.
  10 # Attribute 'min_bin_probing_points' of the grid.
  1 # Attribute 'grid_mode' of the grid. 1=='default',2=='initialization'
  0.0000000000000000 # Attribute 'small_contrib_threshold' of the grid.
  0.5000000000000000 # Attribute 'damping_power' of the grid.
 # binID   n_entries weight   weight_sqr   abs_weight
    10   10   2.440991112180553E+004   5.256467138767360E+009   2.440991112180553E+004
  </DiscreteSampler_grid>
