  0.00945413030512103  0.01616804580715632  0.02519109212871657  0.03528685882530039
  0.04583271574126651  0.05728685604103076  0.06863347987186144  0.07963865116449162
  0.09128689042939203  0.10321325349988687  0.11480103292291569  0.12552079017924375
  0.13565692596125362  0.14570667081920050  0.15591512299349380  0.16661032099639628
  0.17788749445720525  0.18933217965364330  0.20049365304873501  0.21153857077924046
  0.22150758972635542  0.23241768096685067  0.24290900193736667  0.25450970996482569
  0.26521528328532984  0.27600702494412577  0.28662665196440101  0.29761472181556259
  0.30876456299152605  0.31995248365102946  0.33120956617001046  0.34237080641879847
  0.35280401689348384  0.36279033234747199  0.37289543590563951  0.38386614510647826
  0.39547067397796049  0.40728642805889770  0.41888870832288966  0.43013113135573733
  0.44105670346038645  0.45179572665320639  0.46225973184923680  0.47230350782557556
  0.48231862969512407  0.49256959599323275  0.50250644777472286  0.51181413103187157
  0.52086038340609664  0.53040634080903037  0.54087957765253381  0.55176401215999737
  0.56227633157798751  0.57228466820742485  0.58163442034900092  0.59090144806989375
  0.60063126393445665  0.61122388489999502  0.62176885224585010  0.63230317607689934
  0.64314317073094207  0.65438136836716010  0.66535137146658629  0.67608730357741098
  0.68633401331566202  0.69700433900225955  0.70802256300625410  0.71882923203988169
  0.72944097158089205  0.73976052215116217  0.74965580089768835  0.75914239171676012
  0.76886973635409384  0.77961839241611242  0.79019280450824925  0.79984975152110316
  0.80956715640067356  0.81943622151591211  0.82991410417567868  0.84070754703240924
  0.85160984450377675  0.86280793620681817  0.87398479833366349  0.88419446788217859
  0.89442734417573388  0.90456848146862034  0.91501816223882715  0.92534754925871643
  0.93574787360991662  0.94616643480079854  0.95634318333387913  0.96538909572830756
  0.97407436365271038  0.98290819754200986  0.99097725312658991  1.00000000000000000
  0.00000248590864293  0.00000251865137645  0.00000255101913823  0.00000259466225161
  0.00000264469495526  0.00000269528923570  0.00000274541436738  0.00000281198781596
  0.00000288489349615  0.00000296967790687  0.00000305962258617  0.00000315264101387
  0.00000325255332782  0.00000336113840002  0.00000347006710313  0.00000358884609254
  0.00000371278645144  0.00000388389830681  0.00000408359338284  0.00000429640387932
  0.00000453796832114  0.00000479999072269  0.00000508572203372  0.00000539418082696
  0.00000571453039075  0.00000606799107633  0.00000648037914338  0.00000691580862703
  0.00000735279724870  0.00000780495649380  0.00000827707106669  0.00000877779335277
  0.00000933055249405  0.00000992762767806  0.00001055462767188  0.00001120551642625
  0.00001187302815967  0.00001257638531003  0.00001337919580244  0.00001416640575465
  0.00001498723971747  0.00001585603600431  0.00001678053291893  0.00001777407328220
  0.00001884359640785  0.00001997595375407  0.00002109263923266  0.00002230152740382
  0.00002355850458855  0.00002488974078898  0.00002631766349629  0.00002785580244393
  0.00002953177099087  0.00003139006978906  0.00003326833226629  0.00003521241815313
  0.00003726501186415  0.00003940618445523  0.00004159080426009  0.00004395053194793
  0.00004647583555177  0.00004919704090178  0.00005206064219785  0.00005507584614575
  0.00005830883007157  0.00006181621188634  0.00006560982801533  0.00006968258990828
  0.00007407661250339  0.00007879292197414  0.00008399099792329  0.00008973521421484
  0.00009595247219598  0.00010221707602798  0.00010906554367048  0.00011702895878872
  0.00012639397040276  0.00013676652012463  0.00014952753116806  0.00016374359619341
  0.00017949114381308  0.00019754279951001  0.00021881451568349  0.00024366859125830
  0.00027589715747357  0.00031725845503755  0.00036873012684260  0.00043555018319876
  0.00052707849526169  0.00065703029726972  0.00086437472753395  0.00128350000476624
  0.00219986144066952  0.01617660927431133  0.32381012972324058  1.00000000000000000
  0.00000234898755982  0.00000264173436937  0.00000289461920037  0.00000313807956622
  0.00000338610938887  0.00000364767605413  0.00000393445630578  0.00000422555969146
  0.00000453334582513  0.00000484771265997  0.00000517805208444  0.00000555157599523
  0.00000592068538140  0.00000631291065886  0.00000673065141559  0.00000716507237860
  0.00000765244058357  0.00000815200925785  0.00000865895536170  0.00000917882452138
  0.00000971184161249  0.00001024891432124  0.00001078779447072  0.00001139752055576
  0.00001204963642951  0.00001272734696680  0.00001342893228462  0.00001415308091561
  0.00001491321272247  0.00001571275437417  0.00001654110785287  0.00001740499094223
  0.00001828005701505  0.00001918896890903  0.00002013284494231  0.00002112966391488
  0.00002218565567454  0.00002330536042498  0.00002447526730148  0.00002566353606227
  0.00002686219762813  0.00002813294905467  0.00002946751177228  0.00003085401046813
  0.00003231450490687  0.00003383834514345  0.00003541712394995  0.00003708022381046
  0.00003889421950517  0.00004074591724946  0.00004262035469707  0.00004460706656489
  0.00004670145909661  0.00004886617576015  0.00005115609392751  0.00005362648699094
  0.00005629812532746  0.00005916482622081  0.00006212600019542  0.00006523866514460
  0.00006865151232749  0.00007223903580228  0.00007594086089626  0.00007983653626747
  0.00008405903944931  0.00008862498538645  0.00009358205819635  0.00009885641266089
  0.00010438285897819  0.00011012626667571  0.00011634018685099  0.00012364066876726
  0.00013193651954226  0.00014044452558342  0.00014924168014673  0.00015868277722029
  0.00016932279077478  0.00018046515289417  0.00019206972325026  0.00020480421235189
  0.00021986556840306  0.00023991627424991  0.00026543484988533  0.00029600796248499
  0.00033256411751412  0.00037628115462717  0.00042945548354054  0.00049589624382650
  0.00058917852867928  0.00072770872618522  0.00094312925178970  0.00130351301648916
  0.00219943484165931  0.00819549698473663  0.08327445659634747  1.00000000000000000
 -0.00244098430294212  0.00915793920002748  0.01930066643245378  0.02971998089156826
  0.04047347365385365  0.05160832749898183  0.06303366452981866  0.07380659026587816
  0.08359935591165160  0.09326369110709580  0.10287555934136056  0.11266605869648995
  0.12295773421137815  0.13346655294802831  0.14456476461133946  0.15563449735522317
  0.16673791973559332  0.17718476126489563  0.18768733113411076  0.19792469221910688
  0.20804874201107962  0.21787514144607850  0.22732085009017333  0.23660690136346821
  0.24561282387169020  0.25556168904138016  0.26566108469438021  0.27596488807719954
  0.28554182814925644  0.29542893986954638  0.30605472307708054  0.31682765818875397
  0.32759109845134254  0.33809284014290975  0.34831699661445098  0.35828124123720345
  0.36862774847407737  0.37942511115176830  0.39045041966717664  0.40105591897126064
  0.41171403392811756  0.42216904964482843  0.43286014320758703  0.44341309248801009
  0.45411882379002194  0.46482047816575195  0.47557871732494339  0.48644944903109733
  0.49742378863728792  0.50837933870942720  0.51903963841765877  0.52936467566656620
  0.53982210840091005  0.55060227478908852  0.56114971093106025  0.57161688852489478
  0.58208888249105184  0.59297860450635453  0.60339153905667997  0.61357817398669834
  0.62437951089362431  0.63536648422627229  0.64667087736264273  0.65772103830717055
  0.66929662661430001  0.68103989310487734  0.69290337193611817  0.70431516899833302
  0.71533940614650182  0.72555561506151878  0.73640789415190444  0.74619369117815226
  0.75571471890434616  0.76463003625218851  0.77447050089607428  0.78520622263550366
  0.79566378406622196  0.80587620689589579  0.81566904669102580  0.82604230921799682
  0.83611579699861471  0.84725265011669504  0.85814321500825586  0.86923835704150754
  0.88028119259037529  0.89056437186013826  0.90118632123411191  0.91114003318173487
  0.92182513067901106  0.93295328737935179  0.94491800841207907  0.95690438263957212
  0.96785795129465102  0.97869163259976255  0.98906819147109304  1.00000000000000000
 -0.00272665788369326  0.00997595925457668  0.01981734791242939  0.02999744055104726
  0.03990845311218059  0.04973619290127375  0.05995035364162783  0.07037068296436745
  0.08178603227087317  0.09364232431042198  0.10509774260666438  0.11583080145610966
  0.12633956635309959  0.13646383289794317  0.14642834089405168  0.15616573870058192
  0.16626336129666763  0.17571615534047255  0.18524862876410950  0.19570821439517694
  0.20653469290314053  0.21684187870700480  0.22687743084053849  0.23730426279602182
  0.24848336178394331  0.25963772921288863  0.27092367925167088  0.28233084124045926
  0.29314025015545558  0.30296872675779279  0.31231391830779709  0.32225818564184877
  0.33242449374790217  0.34301478921275641  0.35321524622135048  0.36364388613067300
  0.37418503889152915  0.38489047586175862  0.39570191843142266  0.40688923387822923
  0.41813448133267234  0.42986219958160038  0.44105974341469983  0.45193860381247181
  0.46262844408495762  0.47342476881062939  0.48446899373516883  0.49523438869300412
  0.50578396176600493  0.51632950617233841  0.52682368830635173  0.53731679028362611
  0.54769654420089764  0.55786223605356744  0.56811424947210309  0.57852156098127427
  0.58960893011956472  0.60091702848736772  0.61088465755578214  0.62072931897116013
  0.62983072181630873  0.63962418486388484  0.65042598419740938  0.66119154346645292
  0.67149732765698422  0.68069720509025811  0.69005427634618943  0.69982411785514798
  0.71025218696494297  0.72076956133235714  0.73135175761728499  0.74162642869883955
  0.75163502375253888  0.76177054472184724  0.77213038032898718  0.78239971768852568
  0.79250853870758908  0.80274509158894569  0.81298582592221336  0.82319780636196804
  0.83403857819501004  0.84541008985128296  0.85664522471015059  0.86733427110469441
  0.87781267523534856  0.88818793871200807  0.89866611351751247  0.90950260824333984
  0.92104504778752805  0.93289749361138885  0.94499147057370148  0.95671004194027254
  0.96758344328761470  0.97851787395025958  0.98874869863727743  1.00000000000000000
 -0.00213566117418327  0.00834034393423464  0.01800170727602223  0.02885489801612006
  0.03967945827555862  0.05024023915238755  0.06098455316800872  0.07206878625837169
  0.08230698108551693  0.09209470355568303  0.10219750605387738  0.11289592047381911
  0.12432845914474204  0.13504303264680445  0.14498821596131028  0.15467979624951048
  0.16420943868313273  0.17391368994697820  0.18370242363797129  0.19400007084343673
  0.20465327263015434  0.21504763429592966  0.22558474162292033  0.23668748122107724
  0.24819670280681574  0.25967853965318216  0.27082306715670273  0.28216198729852654
  0.29335027893540605  0.30377318180790508  0.31456136728695472  0.32533979174897459
  0.33603217901253712  0.34630287368688328  0.35586207679527287  0.36503541893551461
  0.37412193674863614  0.38340122002647808  0.39290441391401332  0.40276170139000839
  0.41344800920999186  0.42367579860774068  0.43379389620368791  0.44413373983870807
  0.45501444858142331  0.46499354163157430  0.47431231760809928  0.48371137534880559
  0.49380960886098363  0.50466320199243830  0.51558838015619002  0.52681073020942537
  0.53784425682848924  0.54858080090246042  0.55883587879003060  0.56950092725718171
  0.58017429611889337  0.59088950179006849  0.60171507578714845  0.61281129037988968
  0.62500960501846292  0.63730228164122227  0.64952952029454736  0.66105503808708099
  0.67155370676570569  0.68167119342262938  0.69159165915067333  0.70150502760478639
  0.71152273752437944  0.72159185017291794  0.73157212343510913  0.74171863997594401
  0.75225313615953793  0.76359609092135861  0.77502875664047555  0.78623626746224473
  0.79733946627851049  0.80863514503248768  0.81983857637934610  0.83081688794764075
  0.84118649378208710  0.85116526626277800  0.86105898041418427  0.87093400664428988
  0.88148798009295259  0.89310825920690029  0.90480672857606081  0.91610500718834365
  0.92678736197227751  0.93729483228622423  0.94769261068346566  0.95850397148674182
  0.96942133765135008  0.98015292158777556  0.98998174214670631  1.00000000000000000
  0.00002821029511773  0.00016484646318981  0.00049693574922365  0.00094668254329356
  0.00146296650255093  0.00186243942306118  0.00224345318962518  0.00265430618254890
  0.00307754535998400  0.00350946125751622  0.00393921974865779  0.00436640798075941
  0.00479583822517471  0.00522625320184112  0.00566849880488865  0.00612178534512885
  0.00659489506060605  0.00708839252404250  0.00759222713894435  0.00810041161331356
  0.00861301970842677  0.00912542768666301  0.00964109632055563  0.01016682653060083
  0.01070703569202854  0.01125655012902389  0.01180234691842854  0.01233571388260589
  0.01286250460391692  0.01339574857527275  0.01393914978060395  0.01449202753477095
  0.01503679341754721  0.01560297972733082  0.01618339118402277  0.01678110752160796
  0.01741749109124725  0.01803748937009753  0.01872247556627115  0.01939137386148267
  0.02007943432528407  0.02078438325732412  0.02150322843797596  0.02226974759100460
  0.02298435595676457  0.02372770172825081  0.02448389784987160  0.02532597567800343
  0.02621814613197791  0.02713517377554902  0.02804772923880786  0.02894416957234454
  0.02981996617459371  0.03070613126339141  0.03159117380815172  0.03253898714485833
  0.03357479681857031  0.03465987878216757  0.03575105859546094  0.03684253293984599
  0.03795151651384181  0.03904367694603452  0.04019968806334674  0.04144595189326222
  0.04267406372404561  0.04386830282309582  0.04507675425094584  0.04627670611435705
  0.04747137789980244  0.04864324480434975  0.04984521178864135  0.05102823639837888
  0.05221143548222240  0.05354068897136589  0.05521228988614418  0.05758136615911291
  0.05970371691930449  0.06159077976298100  0.06338231050651379  0.06520041879911903
  0.06703257797170259  0.06947096535123057  0.07222597446301855  0.07472933750351525
  0.07737730567600797  0.08046229146555318  0.08377739910586504  0.08797689097665751
  0.09276814949234791  0.09729716191747177  0.10188461887374144  0.10806933781469868
  0.12043929434537572  0.15109604729164530  0.51829502160356899  1.00000000000000000
 -0.00245517207623830  0.01061579865608155  0.02181592343490155  0.03405679473401042
  0.04680570640611849  0.05947722084367352  0.07145043790971863  0.08315410607273886
  0.09396975023502471  0.10473085664538125  0.11575124230495247  0.12707594251615481
  0.13822500922806930  0.14936045285257274  0.16110684144761644  0.17319453863356840
  0.18536678932573300  0.19778005829360656  0.21015105077814569  0.22202292622205222
  0.23362449987298450  0.24499840302625600  0.25577220543442664  0.26626554588805879
  0.27683221965748633  0.28777531776718335  0.29835966314291734  0.30803206789558152
  0.31734549575390569  0.32650265724769895  0.33659011147135670  0.34658564981137624
  0.35675821242296968  0.36676493709709640  0.37658835071263375  0.38655432470598861
  0.39646950186486735  0.40681533588837648  0.41719544544792464  0.42757011192621575
  0.43739913701038713  0.44625148968448253  0.45420320903283906  0.46200782872246421
  0.47018089801462770  0.47898201497369930  0.48835618801031960  0.49747492828649625
  0.50629678908268494  0.51503772838408735  0.52383700239698405  0.53274709966905087
  0.54170254249537753  0.55088409541137273  0.55993410571926927  0.56928690788637215
  0.57894419330070634  0.58873001955071991  0.59799768151002775  0.60693424458469181
  0.61586982767557308  0.62556153773250966  0.63547504169041014  0.64530129157093852
  0.65510894958605059  0.66494466056818180  0.67498072252279528  0.68540309710513836
  0.69615112203035290  0.70677735758627247  0.71701035710870087  0.72710567137807314
  0.73730471485975135  0.74752664490935061  0.75755668514743857  0.76738682441220696
  0.77730585813409825  0.78734570352802735  0.79761817026128856  0.80855101251213524
  0.82088802313185250  0.83262436029342024  0.84451560354622890  0.85619113970758665
  0.86811158430425694  0.87972487894100493  0.89169531232500920  0.90405203944349455
  0.91639361424118282  0.92852916086085791  0.94017580177914029  0.95160333311172529
  0.96324354399610335  0.97489342481175134  0.98716397616550855  1.00000000000000000
  0.04311702730458800  0.21799873588814511  0.32008397016863760  0.39682775920007690
  0.45661712083948208  0.50624219883910992  0.54820423446337752  0.58380134605647482
  0.61486328957677427  0.64154453596088357  0.66536194443310370  0.68718145300797195
  0.70705323999171166  0.72523511308644228  0.74185472676427111  0.75695363137243454
  0.77077891704942458  0.78374324178898591  0.79576582224149350  0.80691630168107187
  0.81725107629817106  0.82695487827916969  0.83593674354000869  0.84415992351297575
  0.85194969453991487  0.85921681973186881  0.86599007390565530  0.87244602828992013
  0.87849970923121501  0.88415182627330402  0.88945567023630645  0.89454021040551823
  0.89911848366485114  0.90348967504236044  0.90761848725209693  0.91159003458592491
  0.91544197311394127  0.91902779204431306  0.92249910189702478  0.92580416366604312
  0.92898955298909580  0.93203844762686716  0.93503974834352332  0.93786511861379174
  0.94045097989017257  0.94294367626227305  0.94541659455496785  0.94770156273856954
  0.94992063467135335  0.95204346658572947  0.95414664453211440  0.95621094513427529
  0.95821661746353759  0.96012326121845104  0.96192264841498321  0.96364757515464661
  0.96530981096127932  0.96690203389733720  0.96844824643260852  0.96994797238595243
  0.97142727346751923  0.97285217869017648  0.97418904108486482  0.97547269193032160
  0.97671037447179809  0.97788847057079009  0.97899247913553455  0.97999965923781862
  0.98102166778698641  0.98202019206451063  0.98297116223872916  0.98385896220312630
  0.98470150083299135  0.98552943167808704  0.98631812374593641  0.98706738060256605
  0.98781584144495049  0.98851649647896844  0.98919776218590827  0.98987759241288376
  0.99054499477404678  0.99119761433007969  0.99181545380942648  0.99242328422142201
  0.99302337964709475  0.99361485705761721  0.99419682271215926  0.99475372657406347
  0.99532141701813959  0.99589070480659636  0.99645517525042759  0.99703720787513372
  0.99766953083722876  0.99836317188949275  0.99914054272789765  1.00000000000000000
 -0.02132387706041225  0.10438715852377652  0.14340319067329965  0.16824872495862067
  0.18837848234025878  0.20530874791767156  0.21971794145620632  0.23273690830277474
  0.24477226971091520  0.25612447096210589  0.26680588267029248  0.27747182116294855
  0.28778528765547723  0.29781804537743539  0.30754498124697044  0.31708524101466246
  0.32578245505687037  0.33408248398995105  0.34175065308721148  0.34941946324998430
  0.35752229689351456  0.36570939541764225  0.37387733093748426  0.38165566254909067
  0.38937263812055967  0.39694937947354930  0.40531168542204304  0.41310402303993066
  0.42098294575888412  0.42804755772208569  0.43489333026165716  0.44161753197450415
  0.44825821708199709  0.45476525173432231  0.46128493493129386  0.46766863212444920
  0.47420386721972518  0.48087525761213995  0.48762885702920339  0.49436318889281122
  0.50091422504598626  0.50734434971828501  0.51388032219308077  0.52050197786840546
  0.52688426607265693  0.53294312020019974  0.53877546927861864  0.54445517541513788
  0.55021614164639421  0.55612455875947897  0.56220878658666718  0.56820949211105309
  0.57410530635305024  0.58010921050814535  0.58648020258007050  0.59225701757506422
  0.59814431182867189  0.60379374131666630  0.60966341257118917  0.61567787299394050
  0.62183444078046979  0.62794756822977349  0.63380483293901724  0.63938519007699324
  0.64479829503988084  0.65022202130981754  0.65570069436394429  0.66127687403429236
  0.66711581046660839  0.67322701321066147  0.67962999851495665  0.68622783547969668
  0.69302243197254154  0.69963347257443476  0.70575519744436876  0.71222217252886189
  0.71887424457916493  0.72580602224308544  0.73279412879733308  0.73988264015613148
  0.74719101608618310  0.75481412598112008  0.76278715860714896  0.77102513663411432
  0.77990733043401128  0.78926901932795990  0.79881791188122253  0.80839357477657736
  0.81818854772211003  0.82885443501843237  0.84124753522020190  0.85528632606343569
  0.87120139930710205  0.88989154901213863  0.91974831471369312  1.00000000000000000
   1.1540169950356154E-009  -1.0000000000000000     
 F F F F F F F F F F F F F F F F F F F F F F F F F F F F F F F F F F F F F F F F F F F F F F F F F F F F F F F F F F F F F F F F F F F F F F F F F F F F F F F F F F F F F F F F F F F F F F F F F F F F F F F F F F F F F F F F F F F F F F F F F F F F F F F F
  <DiscreteSampler_grid>
  grouped_processes
  1 # 1 for a reference and 2 for a running grid.
  10 # Attribute 'min_bin_probing_points' of the grid.
  1 # Attribute 'grid_mode' of the grid. 1=='default',2=='initialization'
  0.0000000000000000 # Attribute 'small_contrib_threshold' of the grid.
  0.5000000000000000 # Attribute 'damping_power' of the grid.
 # binID   n_entries weight   weight_sqr   abs_weight
    10   10   9.627404194371345E+002   6.216885276974560E+006   9.627404194371345E+002
  </DiscreteSampler_grid>
