  0.00928570911359901  0.01679681306163835  0.02741868850440750  0.03883386590379675
  0.04961487552507586  0.06047518451639149  0.07138170510841123  0.08206023170109888
  0.09241087325962870  0.10306897716049690  0.11432744199832519  0.12562462149882161
  0.13612172586124524  0.14681446629328354  0.15773235308468764  0.16940946121092551
  0.18113140249805440  0.19205321378799847  0.20252288194181955  0.21340065375665832
  0.22428417605486650  0.23527521586170932  0.24566212418920214  0.25621671763965315
  0.26709257176602785  0.27738897129435280  0.28734748234830615  0.29699736380288339
  0.30713627834013707  0.31776396282481550  0.32804890082639110  0.33784422783903129
  0.34740431414745959  0.35759768718570573  0.36833831384389282  0.37880760805997366
  0.38886171794974955  0.39891315833802771  0.40911804066004875  0.41883696118028657
  0.42884306795965860  0.43909416454470523  0.44972313542943865  0.46021910836031288
  0.47046387045141635  0.48086681413794596  0.49157634309303383  0.50237504255439525
  0.51331133707638721  0.52474317223749234  0.53671661754772104  0.54872784754612025
  0.55938034778851953  0.57023450916300256  0.58081459535777780  0.59126949926023997
  0.60144045236294030  0.61116086563430150  0.62127072359961533  0.63084488761853019
  0.64061224018885810  0.65045438657471599  0.66075742982195695  0.67142241455272389
  0.68219978453784713  0.69256745868089897  0.70279382833790693  0.71387818104719580
  0.72516942094143011  0.73623409955131103  0.74725661010769051  0.75831243126990167
  0.76947058345820318  0.78055323963852408  0.79137461846286006  0.80211596116208594
  0.81148927623939315  0.82111790169375676  0.83007758584574343  0.83997034595999309
  0.84999559596101604  0.86071507537508807  0.87133653189355253  0.88250342438830898
  0.89253955773135107  0.90226479314006047  0.91203743304774065  0.92285858557767342
  0.93414773545297158  0.94419447980797799  0.95386441286581414  0.96290025364558152
  0.97260736199949815  0.98337588998368775  0.99087151699273246  1.00000000000000000
  0.00000256800904666  0.00000273314854611  0.00000284431763986  0.00000295187293484
  0.00000305726695451  0.00000317002278933  0.00000329346722864  0.00000343207699567
  0.00000358067230836  0.00000374927672195  0.00000393596726963  0.00000413180503898
  0.00000434627362343  0.00000458409754488  0.00000483601464006  0.00000510438116294
  0.00000539411365255  0.00000571150540468  0.00000607884029105  0.00000642673828261
  0.00000679373507619  0.00000719091161533  0.00000760232632762  0.00000805088450461
  0.00000854498745870  0.00000905914289576  0.00000958421031712  0.00001011551051130
  0.00001066589736146  0.00001124316248225  0.00001183395884302  0.00001246735569949
  0.00001314119948134  0.00001383738011390  0.00001457396557105  0.00001538879208391
  0.00001619160951717  0.00001710116520659  0.00001808847830652  0.00001911550459610
  0.00002018788216270  0.00002132391171277  0.00002253443345254  0.00002378432110596
  0.00002509208035176  0.00002643919768857  0.00002778512944663  0.00002917711243167
  0.00003068985547680  0.00003231606169837  0.00003403757947680  0.00003596450563382
  0.00003796618846676  0.00004013102847769  0.00004247031955359  0.00004497424402767
  0.00004761649371359  0.00005037062490300  0.00005331564395518  0.00005658347722419
  0.00006012757378745  0.00006411609946119  0.00006850620250686  0.00007311510087807
  0.00007781973832989  0.00008271293985774  0.00008796072501659  0.00009373540063245
  0.00010027168146520  0.00010778221731589  0.00011571035449373  0.00012384524418390
  0.00013298972922424  0.00014342104004452  0.00015570915539057  0.00016979020736204
  0.00018669393153417  0.00020571770242107  0.00022712471383707  0.00025022219482455
  0.00027654917676792  0.00030860805476766  0.00034914159791189  0.00039852903681958
  0.00046124201632518  0.00054946580046712  0.00066343664987965  0.00081962675158672
  0.00103942521148255  0.00143449628515925  0.00208928410907352  0.00312844973346764
  0.00546808610554247  0.01326902358470292  0.17010666058467885  1.00000000000000000
  0.00000236257576736  0.00000263710246498  0.00000291793168145  0.00000322118326233
  0.00000354859191931  0.00000387386702915  0.00000420186142110  0.00000455250584729
  0.00000493037799556  0.00000532726550817  0.00000572928921482  0.00000615192333453
  0.00000660575820033  0.00000706651620283  0.00000755530989169  0.00000806017472530
  0.00000858009261107  0.00000913027423515  0.00000969911777829  0.00001029333655499
  0.00001091714591407  0.00001159009660232  0.00001229751700260  0.00001300621959724
  0.00001369473573645  0.00001439387718829  0.00001511801676439  0.00001588788922849
  0.00001671499885536  0.00001759422955014  0.00001847621316198  0.00001937550621242
  0.00002033664196126  0.00002135882713144  0.00002240835767316  0.00002347297225946
  0.00002456937464485  0.00002571617820689  0.00002702471881539  0.00002840252033082
  0.00002981941768841  0.00003127012372357  0.00003276031915607  0.00003429932070062
  0.00003590141748706  0.00003760033481734  0.00003937741349136  0.00004131836776658
  0.00004333384217804  0.00004543192198130  0.00004764156703197  0.00004998518070780
  0.00005248878938078  0.00005517265475397  0.00005800921722266  0.00006091033704005
  0.00006393023073744  0.00006718522685375  0.00007054679161374  0.00007415248455117
  0.00007796887906915  0.00008193176159827  0.00008617031360593  0.00009073724833617
  0.00009568788245859  0.00010113869187037  0.00010691884042581  0.00011286399813657
  0.00011948563930972  0.00012670900020463  0.00013426654536302  0.00014344570832108
  0.00015376079397513  0.00016495461818729  0.00017794332139466  0.00019302039403561
  0.00020977039976787  0.00022896672960445  0.00025116458811226  0.00027559372854937
  0.00030408282218713  0.00033630804802374  0.00037364392097787  0.00041949528589582
  0.00048098574477140  0.00056576360874544  0.00067599458670879  0.00081995974851485
  0.00103742286566015  0.00135608114876686  0.00188692004535072  0.00316957079379537
  0.00593847117271778  0.01416861743335997  0.15127841279733123  1.00000000000000000
 -0.00253540940069073  0.00986760872797600  0.02107919443842863  0.03235831388091110
  0.04353646310051037  0.05483477779503840  0.06580944821872849  0.07677540701446449
  0.08761104104672564  0.09807988261911273  0.10757264322632396  0.11692016934543273
  0.12623578978091982  0.13648622697986865  0.14659180632770266  0.15646499425325688
  0.16626657662333499  0.17644232312647465  0.18695870049587718  0.19745761544653148
  0.20800038760627945  0.21826892407025542  0.22870664431323334  0.23955965500744666
  0.24978367432609094  0.25974489687512609  0.26897650743595863  0.28029240933133076
  0.29110463077808885  0.30122350710741708  0.31100702706428368  0.32082643948525597
  0.33161510478438888  0.34275422061483546  0.35374454614422246  0.36401113939437058
  0.37418281610873699  0.38502702776303727  0.39638430731012503  0.40781092487555765
  0.41953795064779043  0.43118375678370152  0.44250968013319686  0.45377652140774843
  0.46528572736631202  0.47699549162482591  0.48849792787016716  0.49953458721000604
  0.51016725529698348  0.52031689881157306  0.53053294736080858  0.54094403572728356
  0.55175944037704361  0.56247028804064447  0.57273838224897899  0.58257419551631207
  0.59207353106569405  0.60136902447854090  0.61085191132019090  0.62072419882999375
  0.63115253523428916  0.64173165472642624  0.65220472776319671  0.66253831538920638
  0.67299625274732056  0.68386578785232710  0.69480157230157435  0.70554426738984721
  0.71601493190681675  0.72659756397790232  0.73704270736909339  0.74717313840588129
  0.75695104507908983  0.76697381790200292  0.77750845962169923  0.78865293608061526
  0.80040939206532891  0.81181175312099474  0.82281556605510175  0.83337041153053881
  0.84366099787417637  0.85404002443909721  0.86468318173572500  0.87562899969004404
  0.88704457786832869  0.89864690858273677  0.91030060787503864  0.92190615190068392
  0.93272066660776598  0.94245228358663291  0.95201262817531274  0.96155585538904775
  0.97161349839842481  0.98151582186435471  0.99096017325084684  1.00000000000000000
 -0.00283598210297556  0.01019621987883538  0.02107986782772838  0.03158156403434769
  0.04240391451760810  0.05348381303063178  0.06461850831669706  0.07541547657518362
  0.08573399551235915  0.09568334164932120  0.10562879948381498  0.11638053025195204
  0.12751021580809851  0.13864363913189995  0.14957374814631769  0.16018322345098160
  0.17072281392956587  0.18115174241932752  0.19160748468292230  0.20215992138516090
  0.21295875892325811  0.22412699477916606  0.23529455039455741  0.24613600572538941
  0.25676068054254336  0.26748199059630628  0.27836419452399336  0.28877194809598455
  0.29841025829479162  0.30783397130320306  0.31776415778095601  0.32839139658894684
  0.33896468636148896  0.34901465729000852  0.35878193572410993  0.36855130285286730
  0.37789706457024708  0.38684919992938216  0.39520145051362160  0.40422062352717364
  0.41323508485250082  0.42266644175528767  0.43182035068234986  0.44182291913708444
  0.45280225133408208  0.46350773669624068  0.47391757350232394  0.48446787296785171
  0.49561575073652531  0.50715162923617274  0.51875903953049640  0.52988914383916630
  0.54108248113388013  0.55259240975229429  0.56397119690681419  0.57476731159228722
  0.58577627300440438  0.59712668213048048  0.60841437950829103  0.61962505925170619
  0.63096195851441794  0.64269451204940908  0.65426076153812407  0.66535122761700616
  0.67613133750441268  0.68609144200986605  0.69665993575462826  0.70717882685247135
  0.71851016974330606  0.72888089924451038  0.73773214879234827  0.74645474668558198
  0.75560716373200476  0.76535750359205235  0.77538630637551875  0.78556501036647375
  0.79582487869843099  0.80575480924037224  0.81553214870747326  0.82547930492940602
  0.83579654042690554  0.84618677337924753  0.85647646983734749  0.86676863846514551
  0.87708712634404751  0.88777380630802394  0.89911023658889744  0.91063881895389032
  0.92221470871974198  0.93377215406743908  0.94548672302844883  0.95715380939187533
  0.96852705323335808  0.97936877058771210  0.98977362407968361  1.00000000000000000
 -0.00228494601936690  0.00910191038739795  0.01911466937250886  0.02958462421140568
  0.04043874824760495  0.05141145690154027  0.06329103511057260  0.07424661305818384
  0.08517194646546596  0.09485616956014721  0.10445184839769066  0.11469112848946732
  0.12495983304889134  0.13615056309277795  0.14650210802794161  0.15682338187729217
  0.16727349674081538  0.17791750222467589  0.18861394862679345  0.19947194018429737
  0.21004870744301857  0.22065359034265167  0.23162761321229161  0.24348751811861005
  0.25536939262818298  0.26656577174256763  0.27729895496551593  0.28782914323123948
  0.29818026944240794  0.30872550676395977  0.31942868359449023  0.33008232334420201
  0.34099814230701647  0.35158734188565649  0.36167002832502337  0.37183038095464038
  0.38202025707867110  0.39267328001012175  0.40346356851544957  0.41403120937948296
  0.42446777622937698  0.43499585039989563  0.44595561742415840  0.45724945872611134
  0.46836497505779068  0.47941983123481990  0.49051512767195077  0.50115984266301572
  0.51125839464965450  0.52140349767720418  0.53179155718357762  0.54182442604108050
  0.55096208237372590  0.56001905041561206  0.56986973128731344  0.58048057353287863
  0.59095417004038298  0.60125302057097429  0.61224796866931985  0.62408351807585616
  0.63598021082490763  0.64700348323333068  0.65678594965070691  0.66585859366104461
  0.67482447987507888  0.68352395634801699  0.69239610701767340  0.70129028604362031
  0.71174954796150058  0.72270656996165650  0.73366102828596724  0.74452506336011959
  0.75564087867809238  0.76612726968344236  0.77682638132821569  0.78708376244084388
  0.79778010752155548  0.80896843432732546  0.82050165307100265  0.83194417594934367
  0.84295761310926254  0.85355698939262070  0.86388370474448661  0.87440732508725461
  0.88591008001791516  0.89751268186980704  0.90810584670810623  0.91876241423135430
  0.92857442328958861  0.93777739330869725  0.94701485248644490  0.95662235260996742
  0.96804919006244117  0.97886509017551160  0.98954645299067168  1.00000000000000000
 -0.00001602304967836  0.00024416945869178  0.00063323979816946  0.00113585897515291
  0.00172281462800764  0.00223604540379580  0.00270384217568103  0.00320514175912148
  0.00371680714402383  0.00423516768167138  0.00475859402251788  0.00528509222760253
  0.00582705595376154  0.00637508928393229  0.00692887269074998  0.00748602339845040
  0.00804683986846114  0.00862612929663720  0.00923242320946489  0.00985207744998711
  0.01046057322607583  0.01106245901455200  0.01167733633240865  0.01232490263710140
  0.01300978896964299  0.01370840414732278  0.01438908117679425  0.01509227524897403
  0.01582511804923206  0.01657965552627598  0.01734635158416319  0.01809884017462039
  0.01882088359795768  0.01955649804448750  0.02032434748330989  0.02105103414541390
  0.02176701203850763  0.02249943739887795  0.02321417926379333  0.02388924775240036
  0.02454862215779672  0.02522367521041090  0.02591985208261933  0.02666865057997155
  0.02752006915089101  0.02841947771805227  0.02928787882530052  0.03014687781108799
  0.03099147494623859  0.03182440414877900  0.03268682641598898  0.03357191503449318
  0.03447203509470535  0.03543604747779135  0.03638547421442711  0.03736005796804163
  0.03833012496872199  0.03932424213858385  0.04027019890615451  0.04125581735540498
  0.04231518269092141  0.04341339510781589  0.04456077984235188  0.04569799224989636
  0.04688668917825795  0.04813529066897655  0.04940094084243717  0.05066762700663086
  0.05197782156618843  0.05312736801277545  0.05425686343598543  0.05554956049058540
  0.05700105266583121  0.05858377740964085  0.06011329921164715  0.06173190949220606
  0.06360755601613924  0.06567278124141070  0.06738709154035888  0.06872454899485364
  0.07030348679770553  0.07222437101744271  0.07451682963153519  0.07698188602024388
  0.07926152819683176  0.08163837210777668  0.08415141928787842  0.08710934386756281
  0.09025707409140657  0.09320594106006627  0.09722167641755619  0.10182658075826566
  0.10682736113821081  0.14499891123961878  0.53368871925893779  1.00000000000000000
 -0.00297159543633957  0.01142888963147497  0.02305102757739965  0.03529501731933666
  0.04762826256863530  0.06052471525979098  0.07216448755858702  0.08398119972537892
  0.09548960604318378  0.10748298771967610  0.11932783108652079  0.13161297900510480
  0.14327121393422537  0.15460964292439744  0.16613630437337279  0.17764540943232132
  0.18858895264198217  0.19947319748613915  0.21092280200448479  0.22303895578992350
  0.23492426536779168  0.24597035609733373  0.25707820239467682  0.26812734424519596
  0.27932749942211099  0.29041152911685708  0.30087042505321887  0.31067469839145406
  0.32029380564533028  0.32998488297714901  0.34039558371332918  0.35091273305918491
  0.36140348159063557  0.37182095780536228  0.38222465691367907  0.39229210880837795
  0.40192209365759363  0.41147530171088659  0.42074875876221546  0.43027006116619421
  0.44003040834018403  0.44978517181796290  0.45991898450579360  0.46928930749423370
  0.47859826730002047  0.48829516205886114  0.49791840082262923  0.50835422814444853
  0.51800265771993736  0.52745520903122367  0.53689304460866061  0.54649485582356327
  0.55578700552094562  0.56461729195332910  0.57361461713780426  0.58288186158785238
  0.59283448451314535  0.60276380433197185  0.61252602612432350  0.62243572153682558
  0.63234811462662233  0.64242719664597014  0.65300379025678501  0.66361789680121452
  0.67375373655609394  0.68340507145701113  0.69280637481245033  0.70226299462300645
  0.71193746133194891  0.72175582204598632  0.73175589694537446  0.74225512146340500
  0.75264287562235854  0.76296068126824779  0.77305583230280206  0.78241662802139289
  0.79145224810166004  0.80067209149011909  0.81054775191530692  0.82095178319579831
  0.83201256380292410  0.84373805748059283  0.85586512700390638  0.86802289130269028
  0.88024163678490175  0.89220840072607155  0.90368133424978370  0.91473064117104796
  0.92559530263646173  0.93644936010674207  0.94754338415738704  0.95878637187726301
  0.96984595326085077  0.98052805718812153  0.99050974421735472  1.00000000000000000
  0.01372789287207474  0.20037695606543271  0.31604666012236088  0.40098608258626478
  0.46371217554074334  0.51624236069458362  0.55844450883561503  0.59471607277723215
  0.62646373835787850  0.65420522755414801  0.67900611718597093  0.70137265252817260
  0.72108535575117794  0.73861693811335438  0.75458038632897284  0.76923068795588756
  0.78272328957628001  0.79521404442410204  0.80657988656208801  0.81721299722160345
  0.82700074864970352  0.83624409260056243  0.84481196192950425  0.85287660485482752
  0.86044196593634670  0.86763623676638513  0.87449464496067697  0.88072447513698038
  0.88651288081771518  0.89202595387786188  0.89723324392198678  0.90209034948569633
  0.90667196280814921  0.91099783845158455  0.91513776936532143  0.91892779083640586
  0.92238840657133603  0.92570010853609352  0.92884463601789480  0.93189820617541597
  0.93492399580903618  0.93775800406340193  0.94031587624861768  0.94276442087266454
  0.94513755804271793  0.94749496125891031  0.94976318346039490  0.95193792800420240
  0.95408280303079240  0.95617824684346198  0.95808161847143736  0.95983579008909015
  0.96149961503172554  0.96309487248225178  0.96465906527585099  0.96614690177249674
  0.96760097527508104  0.96903755651057122  0.97044860261460331  0.97182150243660259
  0.97314085080305013  0.97440170902321044  0.97562899738594666  0.97683821120278225
  0.97800531655935674  0.97912777875450530  0.98017198216287560  0.98115586041350800
  0.98211813820695737  0.98305107514177092  0.98396602655518117  0.98483972192277514
  0.98566769347432026  0.98645904508008408  0.98722730845466267  0.98798698703462584
  0.98869278867641530  0.98938559379944646  0.99006104818914764  0.99069660893702971
  0.99128964015279875  0.99187053192884456  0.99243872586934334  0.99299627612370889
  0.99354785416930047  0.99409009580485641  0.99461807809858904  0.99513704017727600
  0.99565429620527757  0.99617069347667120  0.99668690631796930  0.99720618752710000
  0.99778038471834818  0.99842295159841388  0.99916115099377367  1.00000000000000000
 -0.02130548186243396  0.10512185807250325  0.14635607330432487  0.17300935331852169
  0.19262628447417282  0.20839443447515740  0.22271616021581161  0.23603887466729304
  0.24731638063853581  0.25745564012472705  0.26770173223271837  0.27861247905262598
  0.28973678755473437  0.30013088919778463  0.30969507699847892  0.31873812963104725
  0.32754839899775051  0.33635987007104828  0.34510815030471309  0.35350559981413254
  0.36163518434487180  0.36959460539311745  0.37763292517078995  0.38593022369399405
  0.39426139994779774  0.40244043364069759  0.41014747421965636  0.41737813930436823
  0.42427697443622830  0.43075327570259653  0.43719907558282239  0.44340603215936780
  0.44979863666364650  0.45614529680936367  0.46284143134807076  0.46922402335741908
  0.47524295302406466  0.48119541052717368  0.48680149661493433  0.49280424300500125
  0.49890729298561609  0.50506299124547305  0.51129634554998804  0.51758511852095479
  0.52372810818091264  0.52968576926979838  0.53553745080585469  0.54146366170860238
  0.54757577341554164  0.55398924571678643  0.56051947125955404  0.56677850213406611
  0.57281364784120714  0.57869265226964517  0.58470593314774266  0.59117594391154493
  0.59777077847842164  0.60433317143452014  0.61086916074845454  0.61748650270119099
  0.62395878608358224  0.63003008748081379  0.63575268956154707  0.64140343383751897
  0.64717994044366645  0.65293206819719485  0.65853517702876063  0.66410951079165736
  0.66978373748127817  0.67565555073661154  0.68174379647028138  0.68811477643676544
  0.69480289141671281  0.70165040874537055  0.70846586640345333  0.71516093799776759
  0.72178596207294377  0.72855003165140142  0.73544891618893504  0.74261989666955786
  0.75018210485037662  0.75842432995934805  0.76596863170449569  0.77377201692077435
  0.78164721847269147  0.79003443977983945  0.79939756849682830  0.80901039442438527
  0.81930244133874985  0.83042686675342303  0.84213604791737406  0.85483025012009051
  0.86984444711408493  0.88862363061320326  0.92002671219477061  1.00000000000000000
   1.2239291854137404E-009  -1.0000000000000000     
 F F F F F F F F F F F F F F F F F F F F F F F F F F F F F F F F F F F F F F F F F F F F F F F F F F F F F F F F F F F F F F F F F F F F F F F F F F F F F F F F F F F F F F F F F F F F F F F F F F F F F F F F F F F F F F F F F F F F F F F F F F F F F F F F
  <DiscreteSampler_grid>
  grouped_processes
  1 # 1 for a reference and 2 for a running grid.
  10 # Attribute 'min_bin_probing_points' of the grid.
  1 # Attribute 'grid_mode' of the grid. 1=='default',2=='initialization'
  0.0000000000000000 # Attribute 'small_contrib_threshold' of the grid.
  0.5000000000000000 # Attribute 'damping_power' of the grid.
 # binID   n_entries weight   weight_sqr   abs_weight
    10   10   4.996180161136956E+004   2.440175874143761E+010   4.996180161136956E+004
  </DiscreteSampler_grid>
