  0.00935793004376067  0.01652405571840881  0.02654271226155783  0.03808886119216391
  0.04888322802888447  0.06011219483140218  0.07074935389664827  0.08122148894944813
  0.09195465288632836  0.10267779789044960  0.11340776688648951  0.12355009495098253
  0.13458909368761973  0.14587074987238491  0.15652700658152138  0.16647251654029196
  0.17592222465293486  0.18577012775352758  0.19562260693062936  0.20487286942349969
  0.21451755729750385  0.22444886383409873  0.23407560099325131  0.24451014573336274
  0.25448284616274047  0.26472857041083425  0.27522909214461677  0.28557798125354100
  0.29579236545784154  0.30642783462606227  0.31716860129975882  0.32800128023129782
  0.33862811631315726  0.34907103497930203  0.35916634100705785  0.36891911614838668
  0.37898560033929418  0.38970882428742354  0.40041200706070695  0.41107490114500250
  0.42191321343321553  0.43292345030838353  0.44337937486884249  0.45276038658531315
  0.46240022230918632  0.47264792168349917  0.48370237345140743  0.49449434687813004
  0.50510984696234973  0.51590664354205285  0.52660440764656802  0.53693005954808704
  0.54668307682158734  0.55630061297216371  0.56607520923785981  0.57553082314658510
  0.58494096275649388  0.59461840843239055  0.60497167877448910  0.61571226283398239
  0.62634850311630463  0.63700257374716918  0.64781895241988685  0.65898903532037645
  0.67048859773974179  0.68198583837420590  0.69330629312546010  0.70407366930882487
  0.71433416539224059  0.72451984451315110  0.73486914625478350  0.74541705391411317
  0.75590917113854694  0.76593910348085570  0.77551472765896512  0.78503043339320622
  0.79465189589765295  0.80470781421310988  0.81537127289149103  0.82644895065226442
  0.83769083619899010  0.84911866261017244  0.86046247281811306  0.87164378851669300
  0.88279808919037506  0.89400915233972134  0.90576455493174746  0.91726420767669226
  0.92880396130437926  0.93993158993292525  0.95070287441769108  0.96098508953316364
  0.97139996339300783  0.98205120593434325  0.99129887957513119  1.00000000000000000
  0.00000239539498658  0.00000247487368093  0.00000255346489986  0.00000263050405743
  0.00000265409934578  0.00000269559522765  0.00000274350756672  0.00000281031521038
  0.00000287665602925  0.00000295094339265  0.00000302798016361  0.00000311595318413
  0.00000321929305377  0.00000335698280468  0.00000352464051855  0.00000369952039360
  0.00000390903595046  0.00000413917246249  0.00000437729795965  0.00000464792824827
  0.00000495268921559  0.00000528199173378  0.00000563132323984  0.00000599772263670
  0.00000638339437651  0.00000678334397892  0.00000718791760315  0.00000760035130962
  0.00000804215444479  0.00000853790602729  0.00000906268579945  0.00000960101612433
  0.00001018091734987  0.00001080261071991  0.00001145455037350  0.00001212523001196
  0.00001282350374102  0.00001354018434210  0.00001429363576465  0.00001508989355122
  0.00001591367267960  0.00001676566335310  0.00001766430135599  0.00001861336172165
  0.00001961890845785  0.00002071260179798  0.00002179025356326  0.00002291954085652
  0.00002414813057859  0.00002536817349116  0.00002660002257949  0.00002794820454740
  0.00002935700712362  0.00003084564413597  0.00003245394754602  0.00003422708844964
  0.00003615053290771  0.00003819017839590  0.00004035370402577  0.00004272415920055
  0.00004528212890965  0.00004795997629849  0.00005073214725276  0.00005362010917407
  0.00005663448030604  0.00005991862128316  0.00006338919720594  0.00006717397120135
  0.00007144920197735  0.00007602075936653  0.00008072745173583  0.00008571671464264
  0.00009129636300270  0.00009758175232624  0.00010445583407926  0.00011190426037514
  0.00012007860816267  0.00012934643641362  0.00013979396209593  0.00015153037086283
  0.00016510745423151  0.00018091259312226  0.00019985348972806  0.00022343478208909
  0.00025283533608562  0.00028919870417264  0.00033183012911385  0.00038366134823559
  0.00045813434895410  0.00056941954789598  0.00073011744873629  0.00099075918627736
  0.00167545662990726  0.00646172729344674  0.45372499126638555  1.00000000000000000
  0.00000236678029129  0.00000264487684604  0.00000289440699364  0.00000315749524552
  0.00000342932645700  0.00000370467800703  0.00000398951576067  0.00000427119779469
  0.00000457662402090  0.00000488156729574  0.00000519231451294  0.00000554549254695
  0.00000588747072495  0.00000626517579216  0.00000665345490708  0.00000706541850140
  0.00000750452352499  0.00000796426529717  0.00000842931893127  0.00000892778797494
  0.00000946989836361  0.00001005976571850  0.00001067818741008  0.00001129611524953
  0.00001191564840521  0.00001255614262276  0.00001320421811434  0.00001388245430603
  0.00001466432520194  0.00001548996070806  0.00001628543779070  0.00001715521617051
  0.00001802351081190  0.00001889796331657  0.00001981518629619  0.00002083532145379
  0.00002193664544995  0.00002305755706667  0.00002416240908686  0.00002524862481137
  0.00002633460706284  0.00002747099816718  0.00002865159986670  0.00002988505970708
  0.00003122361480575  0.00003262225775205  0.00003406367812365  0.00003556546860716
  0.00003715097068621  0.00003881278386360  0.00004051209047394  0.00004223724431361
  0.00004402215046400  0.00004584817833001  0.00004780240805074  0.00004986310719012
  0.00005225521027496  0.00005480844674127  0.00005747537873814  0.00006030060096345
  0.00006324655507564  0.00006632690863065  0.00006972177475098  0.00007341400519653
  0.00007727409695812  0.00008131059277813  0.00008560662555335  0.00009030661045267
  0.00009563240713112  0.00010127584778480  0.00010736238418979  0.00011386837127414
  0.00012097248494889  0.00012866423626205  0.00013705543235992  0.00014608169475052
  0.00015626187921615  0.00016807917758867  0.00018183627594617  0.00019797479128737
  0.00021615200120461  0.00023564928631546  0.00025701689000776  0.00028268494970918
  0.00031275832089186  0.00034715931267594  0.00039128646355363  0.00045109941941648
  0.00053468419915278  0.00063993764272760  0.00078409488026780  0.00106255845469678
  0.00163581463481890  0.00472495292289404  0.09886420099141195  1.00000000000000000
 -0.00269708849366616  0.00954653729299223  0.01996993907723054  0.03004995941865390
  0.04046328018332902  0.05144851059476262  0.06243206115033385  0.07359068533132093
  0.08515295192128139  0.09801365566592141  0.11029176858009125  0.12171752741687759
  0.13236403075753883  0.14289713498575948  0.15321177745191925  0.16382465465361198
  0.17509249221852438  0.18715550010169385  0.19967952202266884  0.21215455884438097
  0.22384526363608845  0.23463221526971073  0.24498002984262016  0.25508696310490514
  0.26520550267161824  0.27551448433413994  0.28589257092646264  0.29643758092642736
  0.30711287882667332  0.31769028931704701  0.32815033991957931  0.33832614743753642
  0.34829937809766814  0.35871019450617947  0.36902835380834353  0.37905297944338995
  0.38863963915120930  0.39816552560364693  0.40759564946872839  0.41698292514218577
  0.42642632802349950  0.43570386468827421  0.44500341010622263  0.45442210099708019
  0.46367913906594788  0.47308822086343338  0.48289463254420423  0.49323452939139945
  0.50402887002404728  0.51532295003328366  0.52682521228757251  0.53828642183699804
  0.54961123479180329  0.56092868063452850  0.57221272235297693  0.58290258901607306
  0.59277343667850435  0.60265254031063120  0.61268863827873821  0.62262017240993495
  0.63223268353274231  0.64194417517190061  0.65172113510980345  0.66159215127815341
  0.67157864130855216  0.68210669413944991  0.69267910506196995  0.70317800597781999
  0.71386579172894893  0.72485442673106970  0.73591188824933351  0.74708148360804361
  0.75851060626153932  0.77023302526842408  0.78204806497085677  0.79367903348415769
  0.80498078669928508  0.81582213672326831  0.82616603611684292  0.83633057619336260
  0.84628038048985499  0.85625689077536615  0.86596565085092103  0.87569503391110182
  0.88595042232976962  0.89663571379432050  0.90769469134135916  0.91918359074510392
  0.93059943182650540  0.94157927741804115  0.95203708053443148  0.96163485140940230
  0.97091876589037762  0.98006817558251114  0.99002792753479474  1.00000000000000000
 -0.00226466317035286  0.00925973039326146  0.01900152926813028  0.02997712651361352
  0.04007594853655055  0.04982279742590987  0.05931913176066948  0.06966962663771645
  0.08066505002679125  0.09126672205928692  0.10154567237915603  0.11183125576615287
  0.12208781810735886  0.13205203584404415  0.14174740498782631  0.15212255058435731
  0.16264950269686546  0.17312934931996032  0.18341651051319574  0.19398193792463969
  0.20447665648861285  0.21557579602880036  0.22650672771057856  0.23699600091303435
  0.24747442539179540  0.25831385361249526  0.26924829391508620  0.28009112524070301
  0.29042345571743983  0.29908619722360441  0.30749870431576787  0.31671341665845260
  0.32677817630483635  0.33711336099879380  0.34752663566812414  0.35802073755462116
  0.36937714649570497  0.38041060343130045  0.39129998903144858  0.40228843131411973
  0.41359321186831488  0.42458450206381260  0.43569504274701543  0.44682677978902485
  0.45811853511534673  0.46921856534329665  0.47991643366590975  0.49015247783057486
  0.50029324408650822  0.51027991323437694  0.51989207521928449  0.52963563843424422
  0.54001389068845762  0.55146713936776659  0.56333634362307872  0.57525420761444546
  0.58701070337913153  0.59846940305369811  0.60961969637004854  0.62072974057720465
  0.63204379010283296  0.64336266620885585  0.65397667251471059  0.66463623882459055
  0.67543378307359203  0.68627425002274778  0.69658254329728997  0.70655038214512533
  0.71660607088837636  0.72695693667413819  0.73765772159535203  0.74875527647051321
  0.76016282058796691  0.77150472832860517  0.78287444520435756  0.79417597788173599
  0.80530973992947441  0.81638486755919004  0.82736279256997203  0.83784909894585580
  0.84742791226956971  0.85690469255725732  0.86686816438566106  0.87723667663997729
  0.88735648662983801  0.89683658678368150  0.90625054566402952  0.91557535162767723
  0.92461826035875472  0.93358466839636400  0.94335854019392851  0.95441157726240933
  0.96537340410882788  0.97752567235233168  0.98880266716755061  1.00000000000000000
 -0.00288236223777264  0.01082972736721179  0.02185977119302459  0.03307686425185537
  0.04402357327222668  0.05519763815192343  0.06589012816984290  0.07579704357928002
  0.08547765612932345  0.09484756834817684  0.10260514198626274  0.11043281176708623
  0.11841175684970608  0.12755091353821163  0.13785282490514120  0.14885342655947625
  0.16023766304898973  0.17195033631861795  0.18340206289565616  0.19423159488435943
  0.20466847814696135  0.21521507355967590  0.22600740710159961  0.23675767266193884
  0.24729566719351020  0.25756662374206440  0.26801623531466234  0.27937125346494157
  0.29138728220258991  0.30307815255806442  0.31402916552749299  0.32501849566891639
  0.33634675864174407  0.34711487303051547  0.35841046110701924  0.36969045066966860
  0.38074099103063741  0.39146673040251134  0.40197560029597573  0.41242559107666177
  0.42314833543604491  0.43421862110588361  0.44555631029011389  0.45699743669639914
  0.46813275221127026  0.48017471765489683  0.49232628090260944  0.50428886791907956
  0.51584388666880032  0.52671579822942227  0.53739103984393211  0.54760532394268402
  0.55777828241333571  0.56860931619704114  0.57963575370295173  0.59033856802808427
  0.60072284353058025  0.61113738283036967  0.62164539336112601  0.63141736961953243
  0.64027422935241607  0.64901859473984114  0.65817351058777818  0.66846682294171700
  0.67963509461306737  0.69043637092168886  0.70048346326757915  0.71029710599576945
  0.72013975317963430  0.73029634284286193  0.74065635882273273  0.75087344086252028
  0.76083276264716015  0.77119812473713845  0.78170842901890036  0.79259703254611635
  0.80271495654188829  0.81262448100227758  0.82309847424517846  0.83460466078322171
  0.84659004876715838  0.85740692359218285  0.86730136741054875  0.87699587008625324
  0.88718099009587092  0.89818714133536459  0.90886097254385312  0.91922475139430360
  0.92989679300732619  0.94024454669432200  0.95004984204512255  0.96004373596196368
  0.97011582218620507  0.98024550147405254  0.99026358043469376  1.00000000000000000
  0.00003979209320969  0.00014083651946646  0.00045609248504663  0.00089517836718672
  0.00139667888070883  0.00180069293711121  0.00217989098237036  0.00259991623286705
  0.00304049652364761  0.00349647423714012  0.00396927011124558  0.00445831731139205
  0.00495424458272498  0.00545158589001663  0.00595037862510129  0.00644945764764424
  0.00694747368612810  0.00744588584791579  0.00795361402709235  0.00846904657090097
  0.00899778641483889  0.00954311892005453  0.01008683927213163  0.01064661944038730
  0.01122311006593460  0.01180734281009287  0.01240802601114285  0.01299959007552820
  0.01359126365930302  0.01419045255263662  0.01481037902613471  0.01543361428109325
  0.01609645337646142  0.01679420748621129  0.01752641520203680  0.01828670361492267
  0.01906227529424271  0.01983911026806144  0.02060087275177991  0.02134953036576341
  0.02211860617238532  0.02291666347579375  0.02369019140140593  0.02444756691835165
  0.02522233746494375  0.02602452841187777  0.02683308747936583  0.02760320916075509
  0.02835149992915138  0.02909042712476709  0.02987382443097628  0.03070135415939487
  0.03157339389594350  0.03245868782115070  0.03334330855567776  0.03425585968894503
  0.03520571251202245  0.03622730731564085  0.03730345799438839  0.03833926753187188
  0.03944165974209201  0.04058189691980243  0.04165430331741488  0.04272773291696585
  0.04378897072539244  0.04483084899951039  0.04594151860074325  0.04716756989863106
  0.04842577664904318  0.04973063886180186  0.05121104606527668  0.05275844291786917
  0.05413530448098514  0.05545216493372809  0.05683189321824392  0.05862418545886308
  0.06059800713900670  0.06241651949830750  0.06422711226051193  0.06645515096572237
  0.06905588864922986  0.07156269362794426  0.07366762494848002  0.07575997760090268
  0.07824701997665794  0.08094385010528742  0.08422805349218490  0.09054453837479649
  0.09885146757004643  0.10650936827050927  0.11421425029704375  0.12201578913579358
  0.13308045045973513  0.15798475353659205  0.37497509455209227  1.00000000000000000
 -0.00336428672027673  0.01312116437754569  0.02528529465313753  0.03762626647760381
  0.04984716969507062  0.06332298079737370  0.07583464272079601  0.08772583103788462
  0.10007489391931433  0.11220811329500217  0.12460757439701367  0.13774723289247404
  0.15112959391686107  0.16471531457313013  0.17797084468959262  0.19136213417712772
  0.20420758222044080  0.21672119512957583  0.22906904055810537  0.24116063627935766
  0.25268864760166887  0.26370271118574079  0.27438164263762432  0.28468420046072990
  0.29509297630529996  0.30536206262092414  0.31473236655484316  0.32335846143595798
  0.33218724665743637  0.34194405331955491  0.35181648786977909  0.36166296200342868
  0.37110688225884775  0.38089053683677737  0.39116581338925072  0.40078355497503659
  0.41031715696194937  0.41925493645539125  0.42802475095623793  0.43676771913898199
  0.44571535628366687  0.45489601613709713  0.46425783525180997  0.47372267039454613
  0.48322478237072658  0.49299339388910940  0.50264003583490791  0.51201744248447500
  0.52145891483709372  0.53082384292741214  0.53940610653896093  0.54771965734335359
  0.55570737437660267  0.56414325266859122  0.57326195812151670  0.58227977052708191
  0.59143328744728307  0.60080850030899557  0.61059333736256283  0.62073533798894553
  0.63115274646502850  0.64183325908864519  0.65184564840133630  0.66170301635585971
  0.67105145402764288  0.68041097753772950  0.69002141630012537  0.70003469367833704
  0.71012780672108600  0.71985196393582984  0.72933354438146591  0.73926623191461605
  0.74895129753326606  0.75959744230993409  0.77036076882490356  0.78146360727503417
  0.79228094302736585  0.80313967796057284  0.81366558715954518  0.82391368754439398
  0.83404893406797154  0.84465209635928706  0.85517989794029414  0.86627896842737229
  0.87682641584804311  0.88671061631110015  0.89713016439854110  0.90817757117403086
  0.91921946745701255  0.93032870658531031  0.94228912734267745  0.95460933966098538
  0.96648647768292939  0.97803580558776260  0.98929391954758716  1.00000000000000000
  0.06459767873234742  0.21215771265532829  0.32018132016819972  0.40293862057518592
  0.46409649605458109  0.51365882744297686  0.55491882886100197  0.59019108951209598
  0.62177612566700968  0.64962834010587600  0.67403026327045878  0.69571013750982669
  0.71544473826631738  0.73346162921894775  0.75007697937888762  0.76502439749109441
  0.77870807351706306  0.79131320150921347  0.80295197228645676  0.81382335657486149
  0.82403203911445932  0.83370807580283623  0.84258506224482033  0.85106739049307356
  0.85893524881081129  0.86614731054146210  0.87290755422417776  0.87917326752313607
  0.88498243008677502  0.89048890156099436  0.89566692437166118  0.90039313884680428
  0.90485345656156813  0.90923250713035564  0.91342995759902534  0.91742088330121585
  0.92115416733863753  0.92461179273121619  0.92794611620496270  0.93118712348535071
  0.93428055921202291  0.93716962616468791  0.93982776111130251  0.94235061258729880
  0.94479731285904822  0.94715792714100444  0.94942941144731585  0.95169496209098403
  0.95392168295037727  0.95607196341807021  0.95812042614554915  0.95999937849287897
  0.96164909953067002  0.96328401759973237  0.96485044627170069  0.96634632906022400
  0.96777098545648443  0.96917864402719334  0.97056868277780706  0.97189884522045189
  0.97315293300894179  0.97434735796944338  0.97549617024755253  0.97659744102349932
  0.97766197839763080  0.97869697525071797  0.97972079537629086  0.98070890332138050
  0.98165008370463358  0.98258527255592443  0.98350677228759664  0.98440721270119780
  0.98528542264920571  0.98612881808057762  0.98691154348934229  0.98765947420709976
  0.98837798795376519  0.98907243721073523  0.98975082549813398  0.99040787679534648
  0.99103033609815883  0.99162214445375252  0.99221065043854539  0.99280250675838322
  0.99338969754766304  0.99395943979410817  0.99450489832684952  0.99502015655961218
  0.99554154675757811  0.99606925230400412  0.99659449026221381  0.99715360592696423
  0.99774803707168314  0.99839867110095881  0.99915426266316587  1.00000000000000000
 -0.02154140071313634  0.10658324467296537  0.14668601673582918  0.17270226914703235
  0.19347489463897649  0.21124447022244983  0.22691354254049742  0.24084432514699036
  0.25359884775066899  0.26559990054110805  0.27639590693037502  0.28669618034414096
  0.29585510748725574  0.30393366815919748  0.31209434379010992  0.32047608817628104
  0.32938079267554915  0.33820724409206809  0.34680989289155023  0.35486726427349180
  0.36242922291069823  0.36989477573488916  0.37700940283715162  0.38377570689362556
  0.39045382338743889  0.39734965140131107  0.40420734342918696  0.41089314850504122
  0.41726124302308881  0.42360225111429511  0.42986077367699976  0.43617769554507674
  0.44303215182250183  0.45017979364968119  0.45738838327653414  0.46419827976627709
  0.47083846606931307  0.47750751040369538  0.48428383281503240  0.49106308362549533
  0.49768786097375500  0.50400737580237975  0.50976242743483791  0.51640535996583015
  0.52259371363557638  0.52849303527107172  0.53444092687958633  0.54066976909498310
  0.54699458494489195  0.55333613198487952  0.55955074451559461  0.56573016673705090
  0.57203948689473627  0.57842553916346617  0.58487303910472999  0.59146086332806191
  0.59780365360378007  0.60399224706911314  0.60970405715858500  0.61556137678561451
  0.62161323308614280  0.62759507732473563  0.63330675392912217  0.63912659856831122
  0.64510410715128153  0.65116601406463048  0.65716875583479750  0.66297231724748451
  0.66873319426651068  0.67468547837250259  0.68083294228525248  0.68707943860379450
  0.69338315617433732  0.69978547430106330  0.70638641914916411  0.71312406342788814
  0.71982333825331468  0.72628937165073781  0.73285028899789251  0.73973297949137151
  0.74701463659210210  0.75421795935268443  0.76120445481638099  0.76815241597337014
  0.77549747363850552  0.78343065147284818  0.79241526739648438  0.80220898840319865
  0.81247843078253101  0.82384081619667338  0.83662828072428030  0.85100879511358496
  0.86737905490450817  0.88750400607270785  0.91934402339383137  1.00000000000000000
   1.1552157943160925E-009  -1.0000000000000000     
 F F F F F F F F F F F F F F F F F F F F F F F F F F F F F F F F F F F F F F F F F F F F F F F F F F F F F F F F F F F F F F F F F F F F F F F F F F F F F F F F F F F F F F F F F F F F F F F F F F F F F F F F F F F F F F F F F F F F F F F F F F F F F F F F
  <DiscreteSampler_grid>
  grouped_processes
  1 # 1 for a reference and 2 for a running grid.
  10 # Attribute 'min_bin_probing_points' of the grid.
  1 # Attribute 'grid_mode' of the grid. 1=='default',2=='initialization'
  0.0000000000000000 # Attribute 'small_contrib_threshold' of the grid.
  0.5000000000000000 # Attribute 'damping_power' of the grid.
 # binID   n_entries weight   weight_sqr   abs_weight
    10   10   2.483246384616073E+002   1.852632995066248E+005   2.483246384616073E+002
  </DiscreteSampler_grid>
