  0.00919140735017653  0.01751353333918221  0.02767507298907402  0.03794959573682275
  0.04762284173641496  0.05800841337265286  0.06905603929705648  0.08008409506519230
  0.09077917282963013  0.10126636634968821  0.11212506265624762  0.12346823455622850
  0.13445733854906364  0.14468446453062422  0.15467229868157820  0.16480090384882326
  0.17521503803785249  0.18609881645383552  0.19702759763891903  0.20794413300149017
  0.21895218816648210  0.23007510604505815  0.24072086405721355  0.25108272668793541
  0.26158850179710602  0.27217810206320009  0.28299955866942383  0.29331875689097442
  0.30329021974713288  0.31313310606948175  0.32299654936971994  0.33272850440783797
  0.34244366460444253  0.35221730666602724  0.36244334965435099  0.37297904917829144
  0.38307321098990160  0.39294590911172522  0.40311623974058614  0.41423895898572383
  0.42577125205284411  0.43673841443492573  0.44729180425614046  0.45745899957051023
  0.46748328426066516  0.47740277312751173  0.48747482086371047  0.49770960455778473
  0.50777515232607517  0.51831614347772559  0.52899854522445844  0.53944782852280959
  0.54955980406805083  0.55944934292477477  0.56967536413661191  0.57969633444656743
  0.58988248728747961  0.59999482432332618  0.61026890451441917  0.62026983254388746
  0.63033139136491012  0.64094376407038889  0.65215536648590289  0.66442355971480260
  0.67620926666925218  0.68790913534881870  0.69917878780971987  0.70998947323519235
  0.72110974960986229  0.73215956976375607  0.74278864959495394  0.75302982742862090
  0.76328227425815887  0.77357194493966375  0.78407937177053899  0.79464685301372739
  0.80540542978696661  0.81635794119152039  0.82720746191656835  0.83823139498461496
  0.84925078644334462  0.86003985216624201  0.87002915642854073  0.87962488361622171
  0.88933301605363924  0.89973846495782339  0.91028567199424681  0.92061915800711758
  0.93095617615975212  0.94174587088265926  0.95204471584387285  0.96285515716498737
  0.97244451856739855  0.98251663977879522  0.99110696793510755  1.00000000000000000
  0.00000252563511809  0.00000260237606922  0.00000266203646625  0.00000272034994350
  0.00000278902349305  0.00000286975780219  0.00000296255190172  0.00000306866047173
  0.00000319966326420  0.00000334222996255  0.00000348576646943  0.00000363100091453
  0.00000378703750231  0.00000395974815441  0.00000414715206063  0.00000436735858032
  0.00000461226037707  0.00000486086969278  0.00000511302290917  0.00000538171738702
  0.00000567203001699  0.00000598589907004  0.00000633972704406  0.00000671790468254
  0.00000710565393456  0.00000751617190664  0.00000796385220785  0.00000844032460085
  0.00000894780312969  0.00000950060254202  0.00001012013299887  0.00001076873112702
  0.00001144049734814  0.00001213693093652  0.00001286027537323  0.00001361654288460
  0.00001440843238730  0.00001525441879530  0.00001618229105288  0.00001714240569229
  0.00001810418969094  0.00001906107820862  0.00002004454176537  0.00002108270043394
  0.00002216285228532  0.00002328247275187  0.00002449075682805  0.00002581778209972
  0.00002723703826902  0.00002867036386507  0.00003016381271882  0.00003174926935229
  0.00003340477904621  0.00003517561054078  0.00003721730867003  0.00003933338669205
  0.00004157234718306  0.00004392761975976  0.00004637968070229  0.00004893414650148
  0.00005164367765342  0.00005458396076393  0.00005775262606261  0.00006103593825856
  0.00006460012630522  0.00006853353589620  0.00007287406687274  0.00007758092860707
  0.00008251639854703  0.00008780792766917  0.00009348687610390  0.00009964563030816
  0.00010673459799354  0.00011457885858288  0.00012321543796938  0.00013303618461059
  0.00014363773257734  0.00015486578757376  0.00016746284304629  0.00018064626788661
  0.00019538493688689  0.00021170580050438  0.00023528703988726  0.00026425605325932
  0.00029939660968812  0.00034062210480888  0.00039167388582981  0.00045730444147832
  0.00054404192787642  0.00067140273544831  0.00092023553254457  0.00131933407675248
  0.00230254103173814  0.00664533721221267  0.25180381073470715  1.00000000000000000
  0.00000234133820806  0.00000266999042671  0.00000293717133915  0.00000320053471296
  0.00000345906187515  0.00000372531843546  0.00000401874933083  0.00000435017610027
  0.00000472122498895  0.00000511813516935  0.00000554028779700  0.00000599127067962
  0.00000646813353340  0.00000696230585209  0.00000746115569758  0.00000796793331173
  0.00000847444312797  0.00000898576204219  0.00000951768012745  0.00001006020010871
  0.00001061066651995  0.00001118085050876  0.00001176722385698  0.00001238438408819
  0.00001302052591489  0.00001366585534852  0.00001433232234667  0.00001502790954356
  0.00001573988682953  0.00001648309213306  0.00001731377423334  0.00001818872079889
  0.00001906479120259  0.00001997954717125  0.00002090819266804  0.00002186314649964
  0.00002285364434989  0.00002387578746097  0.00002490780519700  0.00002595958930137
  0.00002708020506014  0.00002829107791242  0.00002957921574334  0.00003094881729965
  0.00003240097505268  0.00003389156459675  0.00003553213850275  0.00003716559014573
  0.00003890603563479  0.00004071884687625  0.00004260027442343  0.00004460100968529
  0.00004672150142152  0.00004901967582171  0.00005153852742234  0.00005414667260166
  0.00005687537891010  0.00005976265912260  0.00006266003402668  0.00006559377954777
  0.00006890769387357  0.00007243476180774  0.00007619703086074  0.00008014214773786
  0.00008426092003289  0.00008869183256962  0.00009342605739786  0.00009811797073295
  0.00010290429253519  0.00010834972555277  0.00011402168571010  0.00012011598449173
  0.00012752980610220  0.00013528428082553  0.00014373880569254  0.00015344132972542
  0.00016459584318497  0.00017742885170870  0.00019205039865365  0.00020946675611375
  0.00023011477964714  0.00025383151490947  0.00027997674036276  0.00031059016177061
  0.00034795919238938  0.00039207493507966  0.00044533778634232  0.00051039090621649
  0.00059655323569230  0.00071368837394561  0.00087859447817006  0.00116935056943855
  0.00187217098650852  0.00451105151860158  0.55737866733969343  1.00000000000000000
 -0.00256878885929166  0.00976944752728180  0.02069422827837811  0.03150963542535316
  0.04298113750510243  0.05434748095359874  0.06593928244380980  0.07754749563696881
  0.08919065002763268  0.10062769077738136  0.11160437083851352  0.12235538401379090
  0.13336841460970109  0.14456626498396480  0.15593613795009625  0.16684000759367196
  0.17785602244727358  0.18882817904049243  0.19981054533998910  0.21060032420916799
  0.22110611162595814  0.23114263730575560  0.24093055015295922  0.25041682318578296
  0.25970126250498204  0.26919236192606821  0.27943406562888851  0.28987435282558643
  0.30075964661700816  0.31107546383190404  0.32124527829422078  0.33104008701727505
  0.34153196489075771  0.35163707330915944  0.36158302501934653  0.37118849642369955
  0.38124229185055070  0.39195945214423816  0.40268391319883917  0.41360609264177256
  0.42507378927321110  0.43661891993191010  0.44768136127807756  0.45848043421909324
  0.46913335753026270  0.47975063489929448  0.49008533445082630  0.49969874400138942
  0.50867496379839072  0.51661485498455351  0.52542165574394617  0.53463581703182605
  0.54497786950173899  0.55646148019968833  0.56785517385866313  0.57913609344231787
  0.59006414751311642  0.60064903117906743  0.61137679400320155  0.62236784913530419
  0.63360742887836274  0.64512774215971980  0.65659475110802212  0.66751296779635971
  0.67800238329908635  0.68849696007454708  0.69857456454981837  0.70819537836692092
  0.71719622163673036  0.72599810536472398  0.73495671875999358  0.74429142505042500
  0.75462467710864145  0.76567767788957308  0.77644527487609949  0.78648564674798471
  0.79580411510156512  0.80507825631413266  0.81479770976202970  0.82514040164078983
  0.83603274727865051  0.84737132564350337  0.85881166905914585  0.86998725996378212
  0.88087135397120442  0.89193470850785816  0.90344810044094037  0.91524708151063128
  0.92698648009519213  0.93795690797432252  0.94890341893704888  0.95920061998788164
  0.96933961484653330  0.97981948341563918  0.98992976575760028  1.00000000000000000
 -0.00264092178592891  0.00991061120156305  0.02113420293144316  0.03194884854098825
  0.04278380303256119  0.05295889409683123  0.06299923052986241  0.07324153107914741
  0.08359785823925875  0.09451774015892474  0.10521922759526556  0.11564386273071478
  0.12557061209226858  0.13540465207959573  0.14534874514476159  0.15519538616557138
  0.16551110442587630  0.17581771811988617  0.18618952911110154  0.19644377401316709
  0.20681231201672418  0.21776668985883674  0.22852460072131917  0.23909076144101740
  0.24993546741122918  0.26080676380751150  0.27169543787426181  0.28208344575203959
  0.29227006996935223  0.30302883297277361  0.31331888032815475  0.32361053857187416
  0.33358892575477433  0.34389158425317551  0.35463787323376700  0.36513665831981840
  0.37578399589579414  0.38659997690173209  0.39774671794902017  0.40888654411504638
  0.42025428170588347  0.43138219619456619  0.44202968233648082  0.45252402628672161
  0.46284038831901725  0.47300516082464861  0.48255035789651007  0.49227450706208947
  0.50212208845959949  0.51251786137732569  0.52305056324027588  0.53447481700801580
  0.54600618190524153  0.55730018714625296  0.56819095930159169  0.57936191403636927
  0.58997676612647765  0.60079664736944483  0.61063413391559374  0.62101799210952269
  0.63166833920324439  0.64303383870852404  0.65480348515049469  0.66663615552620326
  0.67855655837544282  0.69013483058471115  0.70125855197467568  0.71201396506373826
  0.72282676303602389  0.73335657930307929  0.74288489422411441  0.75209675924658514
  0.76198053696922352  0.77325737746556311  0.78515889681434725  0.79561092491270746
  0.80478048328296636  0.81386239546232120  0.82257586245649095  0.83312306707119566
  0.84389023844561606  0.85524247156067879  0.86627520579558415  0.87794071273523044
  0.88896645572840072  0.90008701435687744  0.91086800485825725  0.92138557348096017
  0.93180784091538527  0.94261280921525059  0.95314982824517336  0.96343820137978065
  0.97237802338562795  0.98139970867457771  0.99058689188089988  1.00000000000000000
 -0.00244422478889994  0.00952492267979686  0.01931025052664068  0.02984819340899488
  0.03963207534585109  0.04934095299880512  0.05889690478481072  0.06971712402554300
  0.08086711987522285  0.09099349578806884  0.09987652188754684  0.10885978836387041
  0.11803207407974070  0.12680548800328800  0.13551400024906354  0.14439223003270973
  0.15407616049600881  0.16416641307152169  0.17467123169579518  0.18550553293557351
  0.19634159055158099  0.20708660762204395  0.21794484342628123  0.22868573476321413
  0.23901653723278368  0.24923969169670257  0.25993251345601787  0.27098043136945427
  0.28232982557332637  0.29350324175946030  0.30446146208890801  0.31534026517375507
  0.32635994439384708  0.33747433828456203  0.34872681795548144  0.35970620992984398
  0.37074817662430526  0.38124949951227666  0.39184425018273955  0.40270193074412958
  0.41308351093758489  0.42359973782473936  0.43339078515770768  0.44447552977469229
  0.45564776325761619  0.46707793615715920  0.47796061988718974  0.48862834772796571
  0.49933576931500095  0.50957005341518458  0.51975967180013061  0.52957461833370478
  0.53937066834485914  0.54953072082269017  0.55977201990084247  0.57032556079599539
  0.58117891524118526  0.59231350571969099  0.60392956839832257  0.61536705035455819
  0.62667556090452359  0.63743682037351501  0.64839852003962395  0.65919261119366890
  0.67013875155353220  0.68084199374891197  0.69194051780379495  0.70291946021947316
  0.71377033817481783  0.72448139841006354  0.73527358343029559  0.74593406336327428
  0.75640083654591905  0.76674430384416292  0.77706762921049843  0.78762382981054180
  0.79789574316777767  0.80808748973058897  0.81806178744677993  0.82832357244642296
  0.83845571748792236  0.84823808620831154  0.85838427917846782  0.86900601473894312
  0.88073587843259094  0.89238060974105859  0.90242712737292685  0.91192058525664865
  0.92171031610519072  0.93182708280380955  0.94394481102745498  0.95554322704099581
  0.96655800126012126  0.97780450913228445  0.98880568618670595  1.00000000000000000
 -0.00001920017484220  0.00023331562555910  0.00058660942044945  0.00106347626228276
  0.00164910348697032  0.00222601614551172  0.00273609517930404  0.00326316027471999
  0.00380652177670099  0.00436887995322067  0.00494338224593062  0.00552292145220094
  0.00610577238614027  0.00669277063163752  0.00729584349564817  0.00790039392241728
  0.00851379791212624  0.00913915998743175  0.00977754772364063  0.01042673345270700
  0.01108599127018712  0.01175524930002121  0.01243319425825899  0.01312994873144169
  0.01383284475595364  0.01451285262467508  0.01519270589612361  0.01590413288793980
  0.01665324202467297  0.01738881255931747  0.01810228125286945  0.01880970081126891
  0.01954234355953706  0.02030606008708592  0.02102880108981755  0.02170321595797074
  0.02236589305520326  0.02299826823982245  0.02362175280391794  0.02426140602893437
  0.02492132601713441  0.02563976566227861  0.02645453227486695  0.02733369415818878
  0.02822829391286634  0.02907324580750499  0.02989637049892055  0.03074880545562482
  0.03158966045931710  0.03247015841976399  0.03339438124595499  0.03429395890679412
  0.03520618050310678  0.03617431958375646  0.03716725925517284  0.03821124842159660
  0.03930049266886972  0.04030653388123744  0.04127759994809041  0.04226098897041036
  0.04319199121491989  0.04416880396855315  0.04526659250883693  0.04634278972836305
  0.04739519100848272  0.04849267020279605  0.04962062761555066  0.05078670143337215
  0.05196434740618044  0.05322773381976382  0.05459283328887910  0.05595403682102656
  0.05728017925799237  0.05870968464435571  0.06033690887208315  0.06226103008674459
  0.06441056999999800  0.06669140131043969  0.06876007059094372  0.07068496498516082
  0.07271627679669182  0.07516454075904570  0.07739091505070461  0.07971978795895880
  0.08193975969316672  0.08505419437380128  0.09066526552760008  0.09629240454725574
  0.10058133126649417  0.10545648210812632  0.10967879701068751  0.11490945365046927
  0.12869211933931698  0.16969197794591312  0.58579195004018569  1.00000000000000000
 -0.00151520185563100  0.00766321090931558  0.01817392225160133  0.02871686995283481
  0.04024259152471456  0.05255123103631989  0.06503328937468912  0.07746503996280835
  0.08992210412044015  0.10242495673759711  0.11455403285491304  0.12681848933832926
  0.13965901253837371  0.15204742157141979  0.16333152701722653  0.17377619317183876
  0.18387679152974459  0.19405639229520733  0.20508164129339956  0.21689644907573180
  0.22907852139584806  0.24107186283259779  0.25271746491293257  0.26397173163374915
  0.27471626708694663  0.28498588273533693  0.29517895520646409  0.30539617348721593
  0.31572020264332179  0.32627592117384974  0.33636976273203839  0.34627373476583578
  0.35610695439792278  0.36577852750765105  0.37570968903821822  0.38590145775879586
  0.39606637567199177  0.40600238973446118  0.41582674207917358  0.42570404087994124
  0.43574518175919347  0.44567790092804904  0.45534016004540567  0.46578480471427408
  0.47633794168290028  0.48635720942431526  0.49572579929912580  0.50486523531504657
  0.51425012396138992  0.52390195999491962  0.53272083424834515  0.54146310316647828
  0.55053428736974030  0.56026536552622452  0.56982715428218778  0.57859258400228852
  0.58797782071106486  0.59786274587302590  0.60880446309873792  0.61959644620101006
  0.62905840736574770  0.63786213964321370  0.64682333795751179  0.65631793467129251
  0.66623500560122140  0.67613619856873131  0.68597635249503064  0.69621861896361692
  0.70666845824586755  0.71648375037545453  0.72540068106563615  0.73395666766209733
  0.74297951762052883  0.75293771464125769  0.76321476500064567  0.77353705381088944
  0.78337156483796833  0.79308866273049450  0.80310658779669541  0.81360752415725912
  0.82520148241926294  0.83681163664421354  0.84888740205119306  0.86108115101262972
  0.87285938327485313  0.88460392229068996  0.89581285061335503  0.90717698781525224
  0.91853088174219633  0.93030714207471732  0.94226475537310428  0.95497058854874961
  0.96729573291591275  0.97853375853723024  0.98928596961840676  1.00000000000000000
  0.00937756621389809  0.20390153091071644  0.31104865911797225  0.39210422089042102
  0.45546473625627842  0.50778767462659458  0.55090526323533662  0.58701540483776715
  0.61893994151812581  0.64699295551361469  0.67172083593690113  0.69383803246709241
  0.71373496963533822  0.73165944891846246  0.74801483367674937  0.76300882481576626
  0.77681248983569806  0.78955357013252569  0.80106759963053786  0.81199524170234205
  0.82213645176702799  0.83157657154452691  0.84031992873334505  0.84850581051956797
  0.85611160514358686  0.86323192237254887  0.87002698222146158  0.87641937198568509
  0.88232264320346876  0.88787743558601206  0.89323934113955550  0.89829268377156291
  0.90311734607329874  0.90770451514431327  0.91213685703080638  0.91632161189915262
  0.92013436409173111  0.92367471558641945  0.92711303328306627  0.93039247504571665
  0.93354164560346153  0.93647457049760530  0.93925240719929981  0.94177373769886252
  0.94420638720984651  0.94660136325925459  0.94895729919266225  0.95121341670169501
  0.95341166269879163  0.95555951208299306  0.95757688999208856  0.95943740475365524
  0.96116599265733949  0.96281531623556837  0.96443719624972757  0.96599687312331350
  0.96751797564002939  0.96897720912602658  0.97037556567329974  0.97172477739742646
  0.97303080536817288  0.97431649705214307  0.97556337740034449  0.97676728878412566
  0.97792853613728237  0.97903575586205471  0.98006699276322795  0.98103908423784503
  0.98198035593798294  0.98289678080816567  0.98379216429879046  0.98466658550824004
  0.98551674100627262  0.98633910397178826  0.98713207521353041  0.98788767761390950
  0.98863017768413197  0.98935958980116756  0.99005629568504938  0.99069962578103821
  0.99131409820284500  0.99190521283696442  0.99246776674491821  0.99301238432223105
  0.99355188599599942  0.99409107584887579  0.99460592994343766  0.99511996690607551
  0.99563927894794502  0.99616288412524667  0.99668424356609975  0.99721145297458291
  0.99781107293755744  0.99847953886644725  0.99920931439660721  1.00000000000000000
 -0.02182584372735715  0.10735824792036676  0.14868047132023798  0.17384527687604953
  0.19326156166248470  0.20941184765002824  0.22364048823782978  0.23747618916504290
  0.25095228039386458  0.26366581269680373  0.27563501554181979  0.28643866118299194
  0.29643373225272923  0.30583015567971017  0.31476308346785570  0.32408182921436390
  0.33332063802536327  0.34304520626813678  0.35222149833771288  0.36040046389678609
  0.36790182220750145  0.37480739475141805  0.38156386992964597  0.38834881908653845
  0.39549460702025280  0.40248820845835737  0.40939618267900163  0.41601165163099035
  0.42250473927768617  0.42902830049857898  0.43527061940242728  0.44164090652846721
  0.44777760752817969  0.45378798375838164  0.45967190252773854  0.46573016607613765
  0.47171601875943314  0.47762353683680403  0.48364494383281237  0.48949500924252870
  0.49571199618941225  0.50232599479701545  0.50912788213982429  0.51570363662559038
  0.52185830173487824  0.52754201029128189  0.53320609290744503  0.53905925666270216
  0.54496748097550640  0.55120221668963421  0.55753530206292790  0.56372331465554237
  0.56978504929659002  0.57582212232028096  0.58183446338068801  0.58762816432702147
  0.59361704835597140  0.59952138927159515  0.60547176030252170  0.61157242306641613
  0.61775431740339515  0.62408402138514940  0.63076393297438549  0.63777056900178741
  0.64468507413642040  0.65103061666015305  0.65682483246242274  0.66246794677689846
  0.66824092703176019  0.67433510961888377  0.68080180094411569  0.68724178944216574
  0.69341386119168869  0.69976403737360615  0.70635391241496781  0.71328426728633931
  0.72038457038418202  0.72724548112337362  0.73382121264464351  0.74034954774334139
  0.74705992482960781  0.75444032854995224  0.76256734878821530  0.77120057302515199
  0.78008666280555805  0.78928278075292135  0.79884724126770268  0.80860202444501561
  0.81856203938505334  0.82895111372459174  0.84022794294749814  0.85293366597314713
  0.86828642199450035  0.88839684969495136  0.92054650175437003  1.00000000000000000
   1.1697147209384416E-009  -1.0000000000000000     
 F F F F F F F F F F F F F F F F F F F F F F F F F F F F F F F F F F F F F F F F F F F F F F F F F F F F F F F F F F F F F F F F F F F F F F F F F F F F F F F F F F F F F F F F F F F F F F F F F F F F F F F F F F F F F F F F F F F F F F F F F F F F F F F F
  <DiscreteSampler_grid>
  grouped_processes
  1 # 1 for a reference and 2 for a running grid.
  10 # Attribute 'min_bin_probing_points' of the grid.
  1 # Attribute 'grid_mode' of the grid. 1=='default',2=='initialization'
  0.0000000000000000 # Attribute 'small_contrib_threshold' of the grid.
  0.5000000000000000 # Attribute 'damping_power' of the grid.
 # binID   n_entries weight   weight_sqr   abs_weight
    10   10   2.042393781442629E+005   4.031984408934694E+011   2.042393781442629E+005
  </DiscreteSampler_grid>
