  0.00923996833972879  0.01658010394683063  0.02771560961350219  0.03934690490635195
  0.05116914418615319  0.06282850306347539  0.07378599289460420  0.08496062238157578
  0.09610974879877926  0.10659381673653835  0.11464250685205242  0.12296025503381967
  0.13101386629263964  0.13907986348131851  0.14720420570378942  0.15564440759011461
  0.16386304124064280  0.17370932515479223  0.18423277721239548  0.19465819907959991
  0.20539388635080735  0.21665239498956856  0.22823100307631214  0.23946239388652721
  0.25005940494668294  0.26024361962150533  0.27045916114733098  0.28091217650551731
  0.29161839013500968  0.30222572972431072  0.31287986801626588  0.32385595515387611
  0.33466298024348018  0.34523415870132151  0.35542612594980616  0.36559945252072240
  0.37606751021158780  0.38681820154235580  0.39788817391109804  0.40871265240597843
  0.41933318277680726  0.42997874994032448  0.44097525930630088  0.45214358340937144
  0.46324976530896972  0.47444522129523126  0.48632764661175054  0.49791542771120961
  0.50941040054557540  0.52092553979846357  0.53064413246104047  0.54087906014133746
  0.55063635807163425  0.56062857389781173  0.57022875859103705  0.57974739155320665
  0.58985684771616531  0.59952580153490875  0.60936445447609855  0.61961760850489445
  0.63072332557453281  0.64163162267073237  0.65217771147994130  0.66251071498288328
  0.67264934309953928  0.68267767323166251  0.69289786234284445  0.70322877680461704
  0.71374984800412744  0.72440694833627484  0.73523317323371884  0.74625614297708764
  0.75715243160300161  0.76765395194038888  0.77810920735447830  0.78816672432624024
  0.79837414201010959  0.80860442990627834  0.81904944756847087  0.82965750789149773
  0.84052786463310181  0.85136682758751203  0.86197929038115273  0.87211012084647954
  0.88153202201608893  0.89124895388743308  0.90127475774030297  0.91194460594056048
  0.92290095063451583  0.93375672201950022  0.94480078281389757  0.95573986234441755
  0.96665663284621384  0.97748859674670052  0.98857810761093601  1.00000000000000000
  0.00000232908440224  0.00000329836777365  0.00000424410006941  0.00000605974015135
  0.00000857168303811  0.00001190705843272  0.00001589311876031  0.00002053200098839
  0.00002610991941856  0.00003198118250654  0.00003851045486278  0.00004657111765592
  0.00005574247099140  0.00006611902609421  0.00007751021872342  0.00009013752506224
  0.00010389414567665  0.00011873757811844  0.00013489702063215  0.00015263631066054
  0.00017190554948492  0.00019241890131348  0.00021470076042917  0.00023763121692089
  0.00026288677587988  0.00029074455723469  0.00032123625039535  0.00035374288957468
  0.00038924877528822  0.00042908352853760  0.00047365306149826  0.00052373658057594
  0.00057737543702269  0.00063070266194780  0.00068260011845943  0.00073678428979056
  0.00079357443679293  0.00085280482895387  0.00091561650947076  0.00098727104497512
  0.00107162473227651  0.00115989447930295  0.00124479996048324  0.00132889030234606
  0.00141424077854534  0.00150666798751918  0.00160965276876900  0.00171594499969603
  0.00183006313738402  0.00195976458183086  0.00210114013462692  0.00226813066236335
  0.00243269212937551  0.00262692886046980  0.00282406050459897  0.00302784199227113
  0.00324360168757629  0.00346682073521216  0.00369231317408547  0.00392249291109897
  0.00416665494102544  0.00444555105840905  0.00478423165640739  0.00516455168707818
  0.00556382392441784  0.00598777935379619  0.00645829380014058  0.00698411947040266
  0.00754496096095094  0.00813994784304053  0.00878576484679848  0.00946136008690286
  0.01011729256590548  0.01080952809835917  0.01157704194917477  0.01238073696714743
  0.01316244511683975  0.01403757871518986  0.01498960067988824  0.01603115849372171
  0.01719410820798243  0.01843521942205998  0.01975774717076801  0.02116855990684761
  0.02262407644426426  0.02431749302011159  0.02617133560747714  0.02798167995017256
  0.03000145703674699  0.03198511129114594  0.03402821203649013  0.04869315597005889
  0.06976271022300876  0.09801398448056314  0.29985609574074068  1.00000000000000000
  0.00000213516653557  0.00000387444373132  0.00000596444295812  0.00000857972759871
  0.00001179626665975  0.00001567000852222  0.00002002698846125  0.00002488080609115
  0.00003043639913733  0.00003672180201484  0.00004367345898910  0.00005120312120013
  0.00005957717445628  0.00006882048616022  0.00007846186197841  0.00008767251278472
  0.00009793553157607  0.00010889195295683  0.00012080482742954  0.00013411596149362
  0.00014813211222516  0.00016259208353810  0.00017793416636023  0.00019463815862882
  0.00021274507331319  0.00023234801534917  0.00025394783751729  0.00027806750667430
  0.00030462523139342  0.00033310893265367  0.00036365102732061  0.00039676212705220
  0.00043247492791326  0.00047032790876285  0.00051027309717378  0.00055276018446301
  0.00059803654419345  0.00064731156484072  0.00070062793612579  0.00075658352181238
  0.00081559471940695  0.00087813164713621  0.00094543538555851  0.00102060287856275
  0.00110235121833652  0.00119037030680280  0.00128569917570232  0.00138814136580437
  0.00149849131570965  0.00161230522501296  0.00173067584134344  0.00185434515268998
  0.00199370108148946  0.00214884684524282  0.00231542501958555  0.00249627159604015
  0.00268781266257996  0.00288873599377658  0.00310051008763278  0.00333100816263837
  0.00357940988061164  0.00384290605474302  0.00413703126036812  0.00445368067548197
  0.00480221440366057  0.00516327200110388  0.00555547822263336  0.00599033551566710
  0.00647952257276833  0.00703149174762196  0.00766232173742170  0.00833583969142501
  0.00900502423251255  0.00969850643055584  0.01040416485018088  0.01117278820028507
  0.01199288734829659  0.01284675061792129  0.01380699276684913  0.01481939934839508
  0.01593280490543200  0.01718901479534170  0.01865428519710400  0.02021773177286010
  0.02177099754427585  0.02378990804836725  0.02627194570716514  0.02937044442990238
  0.03341478835738141  0.03838613141573195  0.04433943175631101  0.05178702208848326
  0.05697139729217126  0.06598572182899512  0.09966559392160784  1.00000000000000000
 -0.00258699768430711  0.00921611098475689  0.01978693666251610  0.03014357394050259
  0.04065431432819393  0.05132496582802183  0.06249256070153533  0.07420212384821755
  0.08586687606077431  0.09722924366271903  0.10817087093891052  0.11889601580608330
  0.12946449681129468  0.14002050662838794  0.15041953026901017  0.16089609947731118
  0.17208041026634441  0.18366030594554070  0.19486761140683145  0.20570926364041150
  0.21688889958995594  0.22807594218048222  0.23867103316566288  0.24894566873769713
  0.25869647943297747  0.26866805238046237  0.27932522803704424  0.28990304036932396
  0.29971268228244047  0.30901379809093360  0.31856915848240719  0.32898840117231670
  0.33966387584813412  0.35033359615486426  0.36069371453766791  0.37084848671933107
  0.38080558198650483  0.39079489743916818  0.40101389700598628  0.41129271292411301
  0.42141588761595705  0.43139873329413680  0.44172931736303378  0.45240775024017499
  0.46290962901350891  0.47343647856071569  0.48427559078771309  0.49576072170356550
  0.50716826247541080  0.51824231447416036  0.52917163642291321  0.54002739612758499
  0.55088018541511707  0.56171008035732473  0.57269950008545056  0.58358398290990932
  0.59468808127848827  0.60577108898625953  0.61656945093843263  0.62673467126013060
  0.63675844841240614  0.64714823870546112  0.65754315724849188  0.66772350335513897
  0.67803206187385212  0.68899530669020159  0.70073083572112727  0.71232848974058094
  0.72376671687748029  0.73496157744601909  0.74607802983498339  0.75690090718731096
  0.76762419822254835  0.77850326824201355  0.78930380895757701  0.79992906602287006
  0.81053840750674144  0.82098230974140440  0.83142588432443432  0.84203367244225302
  0.85272950290657024  0.86258978273783016  0.87171959977841640  0.88103345136738476
  0.89022434100763659  0.89899023618022122  0.90733945714989717  0.91619921625070799
  0.92639701544415143  0.93707604430018598  0.94760186117158940  0.95812916140186688
  0.96852593780494889  0.97924241669029555  0.98979249108113854  1.00000000000000000
 -0.00256142412966386  0.00979355913440266  0.02112459596770822  0.03247181269741943
  0.04345062174127264  0.05403325995441705  0.06448659983962750  0.07458726255739216
  0.08508091358335945  0.09627566181560218  0.10786034130435472  0.11970571300159681
  0.13088455648031455  0.14185790044892621  0.15232971353198510  0.16270281407677584
  0.17310678296497325  0.18355454405152039  0.19415231859640195  0.20477706830861822
  0.21589302043503522  0.22754751866077272  0.23858586426281597  0.24893609745304207
  0.25928371454868027  0.26985062309017172  0.28059094229115328  0.29106440852053272
  0.30162960903076147  0.31216784761173560  0.32262782807242768  0.33314414688878685
  0.34439933929097399  0.35552281407690711  0.36635085851623916  0.37711804956081213
  0.38737272946305334  0.39742235436164869  0.40750248078333717  0.41801792804538562
  0.42887113026778551  0.43981387077018291  0.45052831144953959  0.46101134600708343
  0.47162632960103856  0.48223332677226405  0.49314013464639256  0.50371188286640978
  0.51421891509198991  0.52475252573498721  0.53558171067620197  0.54628637069561448
  0.55653988057106185  0.56633266734002397  0.57581614570185558  0.58534779196523168
  0.59486793577670105  0.60447950936290995  0.61458913931725234  0.62503428525781568
  0.63535385716090409  0.64561541727003624  0.65612237120238515  0.66670007235638173
  0.67723695926915239  0.68798838587800648  0.69881308288367572  0.70979258599810413
  0.72045145179094916  0.73146623143549583  0.74293344469873246  0.75365993863850833
  0.76200841070607206  0.77102424181749396  0.78019084056115728  0.78946790522078703
  0.79862057420418464  0.80746147483662323  0.81687612657225439  0.82871878724930359
  0.84021552947749623  0.85171439071508692  0.86313038589945335  0.87414135127673587
  0.88391491893217411  0.89297004490028242  0.90276071020295123  0.91297746700754001
  0.92372112042071841  0.93445263003298584  0.94508997990771570  0.95588609451881745
  0.96684093195321619  0.97793743626240082  0.98914877223674125  1.00000000000000000
 -0.00188139591395690  0.00846880912158527  0.01889280952879871  0.02965732401680123
  0.04139297239650579  0.05258539527602270  0.06334092713227049  0.07435237673905112
  0.08564977243447529  0.09700193311902870  0.10795508069593809  0.11924289586346504
  0.13036528243227113  0.14130458710984384  0.15161838405999303  0.16191005873565861
  0.17248750723454079  0.18274876123730208  0.19251754790633724  0.20220415840151809
  0.21286110655802040  0.22371919651760647  0.23441649543788215  0.24446145027248137
  0.25453453009661042  0.26434018031773943  0.27421854381368965  0.28411803478931191
  0.29417813074781907  0.30393571720567891  0.31384100106329771  0.32360625978389168
  0.33375262625445246  0.34348452387602701  0.35279008970383563  0.36267473506938569
  0.37257494897218735  0.38327261645326888  0.39337600991685284  0.40341918331220067
  0.41388510946785773  0.42465591968273247  0.43577908243508162  0.44586843052937220
  0.45594586353157907  0.46597985364599881  0.47642498276867395  0.48581389366171579
  0.49413601596042767  0.50272850012018588  0.51168407483005152  0.52074977451782689
  0.52953553841428969  0.53832457878649209  0.54785920106718811  0.55816449775303134
  0.56904359776292512  0.58016179920555677  0.59107977593921168  0.60188250737659799
  0.61269522841553659  0.62355659222174509  0.63446620711991808  0.64553318291194406
  0.65697589578997651  0.66875948566361632  0.68085470197920095  0.69298985211622532
  0.70478801269844737  0.71610548269650365  0.72686013058219057  0.73712378912623999
  0.74715020504376273  0.75734637938315874  0.76775734996323830  0.77836541617012567
  0.78886362504048313  0.79965093284716060  0.81058589037698237  0.82116146253074052
  0.83146900329131124  0.84177615118626359  0.85232048555201978  0.86325678354108426
  0.87456981667141542  0.88607291348073414  0.89771212240561105  0.90898394191833976
  0.92014700172921626  0.93144881836883264  0.94304892316975808  0.95507866380647266
  0.96655411524676615  0.97781275639308851  0.98887365553915729  1.00000000000000000
 -0.00033220751210742  0.00131304329984233  0.00301740431474437  0.00458585870686335
  0.00600601413298383  0.00733730598259446  0.00862406281353620  0.00985270882062012
  0.01105247602100339  0.01222662118766078  0.01337979288022060  0.01451678699919523
  0.01564124135150204  0.01675375444753293  0.01787564306093922  0.01898937217439637
  0.02008376583862902  0.02114377905173609  0.02213752538283062  0.02307046377388136
  0.02399273895111632  0.02488981562995005  0.02577771153160982  0.02665392957542548
  0.02752705021108630  0.02841302801309917  0.02931669081056733  0.03023973183235270
  0.03119689828022091  0.03216405487357429  0.03315287484943056  0.03414772173177464
  0.03513521604234227  0.03612845294980915  0.03710495559852136  0.03809860535978250
  0.03913751082338106  0.04017480736284682  0.04121955577361024  0.04232342333779843
  0.04336167815086969  0.04437055772082745  0.04530059992864021  0.04618580403283600
  0.04706986199946138  0.04791789942277731  0.04888468778521641  0.04993255089268260
  0.05105938323996769  0.05230433074918402  0.05355491393583912  0.05489250269566680
  0.05629665520760440  0.05774654095166203  0.05905666273105459  0.06037072576094350
  0.06155553572233271  0.06283966780134588  0.06411427994322526  0.06558476592306187
  0.06703041214664085  0.06834914626767886  0.06964280564573136  0.07100184391232446
  0.07263258225925950  0.07453094362873360  0.07642801286957793  0.07816260474963389
  0.07977894486547175  0.08141170823080950  0.08308572423883669  0.08504833468706294
  0.08703431349517850  0.08921956247173353  0.09160684644486668  0.09451398357964812
  0.09747007554186807  0.10041091072533076  0.10313389802574864  0.10548400099731192
  0.10751225330961484  0.10986729954235096  0.11255683111826931  0.11585729993012359
  0.11962313163290555  0.12418471712483053  0.13083553456308919  0.13634532319412759
  0.14177081805192016  0.14707548981040025  0.15216387631350650  0.17457251406659458
  0.22792975037059962  0.36209355028998741  0.85345111451083300  1.00000000000000000
 -0.00241537807167003  0.00923763103524346  0.02082420005271269  0.03340453536952643
  0.04767062539811930  0.06250260173539181  0.07852290444551688  0.09540074098927842
  0.11317514946237463  0.13170455894969610  0.15077483292205876  0.16993567491064626
  0.18796002824724847  0.20512780111405382  0.22113704156591046  0.23814503878596074
  0.25592770718417929  0.27384727588841112  0.29259816159688012  0.31180401339623043
  0.33162443638156835  0.35298204263590965  0.37567701817431937  0.39899771499502396
  0.42406517915629260  0.44927002636727054  0.47322416654180033  0.49380135502149175
  0.51250378090884141  0.52986770562211216  0.54596092313020561  0.56048858038576310
  0.57351238145461492  0.58483558029384486  0.59442910264304483  0.60336928461419959
  0.61187818443371045  0.62024685797493151  0.62828536106186617  0.63600747482076969
  0.64373756642832103  0.65153227867931396  0.65912224861284707  0.66627355022058299
  0.67301107499136748  0.67951733610737697  0.68601261492744670  0.69286426263575951
  0.69991235978740907  0.70654411327162103  0.71261775404155425  0.71833099785668431
  0.72388250976491164  0.72977049280811801  0.73584672579238963  0.74185016270168869
  0.74782985813056957  0.75316183044346519  0.75797478504910876  0.76272018740576653
  0.76746295799964992  0.77223051174828639  0.77693040805845692  0.78178909470276858
  0.78668450961175529  0.79150723502105524  0.79634677329233006  0.80106698724032233
  0.80574783376267500  0.81039389579258070  0.81546501883327172  0.82112587518929658
  0.82719440887185391  0.83339180323039386  0.83969545229115028  0.84640424206942078
  0.85285829397194068  0.85912159951761968  0.86521632892793365  0.87125195943453959
  0.87729741587088050  0.88346966782973779  0.88999611726714201  0.89684068851157972
  0.90378355144557165  0.91068726224152197  0.91766070840469871  0.92515096059821333
  0.93308377384894969  0.94126941214851456  0.95018434021223130  0.95927859277441974
  0.96906103345752492  0.97889955085074587  0.98926148291255533  1.00000000000000000
  0.04487228163672514  0.28293071624354199  0.40914201311237636  0.49578915532691065
  0.56041484972288835  0.61114635336646217  0.65244667729718542  0.68729645704169817
  0.71601608196708499  0.74116853714338427  0.76278313289019950  0.78165770798922041
  0.79834615861482772  0.81336032908015721  0.82681796671961272  0.83861375167420427
  0.84914194439926749  0.85870943891952689  0.86736106471554175  0.87551229579953316
  0.88298709187040469  0.88993656346857375  0.89637275419868301  0.90230566471450568
  0.90781667915161768  0.91302034232415918  0.91771174599982108  0.92202071059823743
  0.92606450811840813  0.92988086864827635  0.93349621190087739  0.93695375289254490
  0.94001109748922085  0.94272504802722912  0.94537399187386617  0.94793734765989679
  0.95041204430676296  0.95276243992574405  0.95501812456677038  0.95717732872770878
  0.95920494647413101  0.96080290618264019  0.96241042843738778  0.96392105360230462
  0.96535831485146895  0.96672205310291703  0.96805343093169671  0.96933748985558410
  0.97058660548150155  0.97180708095799384  0.97298176867358133  0.97411693872981064
  0.97521515658224434  0.97629548476882944  0.97734286452068153  0.97836243564838543
  0.97933863389537090  0.98022823289028516  0.98107362547564070  0.98192035494981333
  0.98274647967363182  0.98352424639631475  0.98426652988839802  0.98496705388072003
  0.98564597807283116  0.98628575459244217  0.98690179353602681  0.98749995321910211
  0.98808433774138760  0.98866072586457476  0.98923200853643545  0.98978535312094473
  0.99031319962269349  0.99084299473404402  0.99136552244395970  0.99187154144814382
  0.99236357263408936  0.99283121824067144  0.99327095901694051  0.99368693876426206
  0.99408623694106779  0.99447763850155679  0.99485686424807296  0.99523237668188336
  0.99560223188647790  0.99596391547025009  0.99632441017858431  0.99668176888455873
  0.99704018466550082  0.99740132297013118  0.99775392448306144  0.99810292820662294
  0.99846836743448708  0.99886732676982948  0.99935989096036792  1.00000000000000000
 -0.02218919059013906  0.11083946041497547  0.15199172733473520  0.17724908492768451
  0.19734215287267162  0.21477260073735666  0.23033613367588074  0.24450669819758958
  0.25715464111939479  0.26859149553809369  0.27999728748776387  0.29171409547729488
  0.30165444754761284  0.31125914688593848  0.32020729555988836  0.32913537199545656
  0.33742532020921551  0.34547850729463475  0.35304637628380353  0.36095056395563546
  0.36850141785964591  0.37591520768774356  0.38323496158026960  0.39078849614061717
  0.39817896788713425  0.40563411042638287  0.41318288399693714  0.42040831721520167
  0.42744616957144105  0.43433417610596886  0.44120996365839305  0.44825044295418937
  0.45500915542500309  0.46135990863948578  0.46735418195628003  0.47327813820050990
  0.47936635701231950  0.48552687127119709  0.49176235624939141  0.49792258393786543
  0.50387532825596038  0.50967232829905462  0.51529942782357174  0.52113192800801866
  0.52695687155337689  0.53267050424868811  0.53807910058621067  0.54356843923753684
  0.54935204338076415  0.55571774652140571  0.56167491734020381  0.56796703977377416
  0.57388591338633976  0.57964020636746272  0.58531962479297750  0.59084005060895839
  0.59640947521832144  0.60220666632214348  0.60818293111521227  0.61420430687620731
  0.62016127709309399  0.62605791671537903  0.63200594357586437  0.63807524934711624
  0.64406824587396028  0.64977287456599153  0.65517493999433285  0.66051856387061547
  0.66593650585409792  0.67160127974083150  0.67749858124703433  0.68310570907288815
  0.68842831866068632  0.69372446637397955  0.69911233141710050  0.70472372658119808
  0.71086021628925433  0.71762238832108904  0.72477883679445676  0.73231537989345008
  0.74017245827837053  0.74798698586608126  0.75575900291842435  0.76358067187585765
  0.77159233040669639  0.78005811711494921  0.78898157723676310  0.79864663902614019
  0.80904834627005684  0.82039357589136108  0.83288434901704600  0.84677693523330944
  0.86296036358882477  0.88305880270531723  0.91548605436741004  1.00000000000000000
   1.0769964087313089E-008  -1.0000000000000000     
 F F F F F F F F F F F F F F F F F F F F F F F F F F F F F F F F F F F F F F F F F F F F F F F F F F F F F F F F F F F F F F F F F F F F F F F F F F F F F F F F F F F F F F F F F F F F F F F F F F F F F F F F F F F F F F F F F F F F F F F F F F F F F F F F
  <DiscreteSampler_grid>
  grouped_processes
  1 # 1 for a reference and 2 for a running grid.
  10 # Attribute 'min_bin_probing_points' of the grid.
  1 # Attribute 'grid_mode' of the grid. 1=='default',2=='initialization'
  0.0000000000000000 # Attribute 'small_contrib_threshold' of the grid.
  0.5000000000000000 # Attribute 'damping_power' of the grid.
 # binID   n_entries weight   weight_sqr   abs_weight
    10   10   7.232320571215411E+003   4.362182897565126E+008   7.232320571215411E+003
  </DiscreteSampler_grid>
