  0.00925971876362960  0.01715768153271688  0.02745630474502071  0.03895952713772908
  0.04975055384121194  0.06112746440415145  0.07193633405778399  0.08258782917088020
  0.09363980073271845  0.10469977598076823  0.11590806069496375  0.12660225321576438
  0.13813829988120210  0.14938575632491027  0.15986496108188697  0.16976396775762603
  0.17934913612369527  0.18951190114313862  0.19944309734762289  0.20869840106865870
  0.21794652864668243  0.22705508965806218  0.23602741195286023  0.24654459138070903
  0.25622996915831447  0.26660997915434220  0.27711094618005228  0.28764704444810457
  0.29809830012497623  0.30882021258310266  0.31945701101156121  0.33036120487304821
  0.34098023896869589  0.35133136080132510  0.36098927025816896  0.37026049053106802
  0.38001942971380975  0.39079854674926562  0.40197802161418716  0.41318287581518076
  0.42461073166431029  0.43577790232281211  0.44597675870505854  0.45541803861953767
  0.46502439696768622  0.47540428277590441  0.48607651046967160  0.49635330416545642
  0.50696584924569055  0.51788977855016372  0.52856418078602041  0.53873542483895698
  0.54836333263823289  0.55800641881303104  0.56763453026516153  0.57682559163898528
  0.58601478994527678  0.59546028389701577  0.60555841568531554  0.61620374213588214
  0.62691034301124737  0.63788564267308001  0.64875730050274993  0.65970191253901433
  0.67079492122034257  0.68204786089283009  0.69345676627006281  0.70447526265399507
  0.71485398303385805  0.72505572564288101  0.73523258043746609  0.74563277658342453
  0.75603820603915628  0.76606505847685125  0.77569098189144214  0.78504052518813738
  0.79451323761504877  0.80445372539831161  0.81492370001205039  0.82555691858101932
  0.83633794197847489  0.84773322610189927  0.85937085608905517  0.87093448702592624
  0.88223102456976754  0.89331944045238931  0.90482574528409387  0.91644940088381288
  0.92810839937275558  0.93956109826834677  0.95059519519475322  0.96110207132461900
  0.97171265235288640  0.98222818981901527  0.99124322033002876  1.00000000000000000
  0.00000240266728916  0.00000248157112267  0.00000255719669221  0.00000260338653563
  0.00000264537692048  0.00000268455072621  0.00000272258443404  0.00000276117026113
  0.00000281604410706  0.00000288340099939  0.00000295972493468  0.00000304434593502
  0.00000313880955864  0.00000325534348515  0.00000340486533183  0.00000357311845508
  0.00000376953586511  0.00000399580837442  0.00000424296945035  0.00000451689119489
  0.00000481520950255  0.00000513464643975  0.00000549082932131  0.00000588296915667
  0.00000629015791849  0.00000669761169948  0.00000710472743762  0.00000753581796599
  0.00000800039334727  0.00000849634045088  0.00000903572999762  0.00000959589570119
  0.00001015108539831  0.00001076801314041  0.00001140566368386  0.00001206546059205
  0.00001275413783607  0.00001347837485670  0.00001424229880937  0.00001507155830224
  0.00001591079826700  0.00001676772912162  0.00001767648677134  0.00001862165908055
  0.00001962687396324  0.00002070845977206  0.00002184942451915  0.00002303692785458
  0.00002429753077330  0.00002563997828405  0.00002700059700631  0.00002837165432638
  0.00002978072168929  0.00003125598105956  0.00003284791515157  0.00003460840054239
  0.00003659659259302  0.00003885225266377  0.00004114070555471  0.00004367923966913
  0.00004641305730844  0.00004924358409993  0.00005220289602815  0.00005527841178121
  0.00005854964023734  0.00006209128627400  0.00006587690556986  0.00006998686588693
  0.00007427452702350  0.00007886155560328  0.00008382592472464  0.00008923743383420
  0.00009532810717422  0.00010218186016150  0.00010967524621006  0.00011792215031262
  0.00012726011448142  0.00013765651528656  0.00014952822252041  0.00016334092561335
  0.00017959391769424  0.00019854232645915  0.00022090662227041  0.00024897504602955
  0.00028477702322471  0.00032998036360510  0.00038538714500476  0.00045574442720947
  0.00055760635526216  0.00072639544936299  0.00097915860278563  0.00145872207278860
  0.00292962357997800  0.01018382420401826  0.45277182142241407  1.00000000000000000
  0.00000235527403623  0.00000263822162987  0.00000289313229877  0.00000316331892942
  0.00000343211114335  0.00000369555465201  0.00000397187225545  0.00000426221339492
  0.00000457432040294  0.00000489989240254  0.00000523458179693  0.00000560354656049
  0.00000594944446061  0.00000631716400566  0.00000671363575660  0.00000714013288004
  0.00000758614870342  0.00000806119523594  0.00000855172110949  0.00000902552939131
  0.00000958343817643  0.00001020375654803  0.00001084793486841  0.00001149491647484
  0.00001212866187024  0.00001277708096775  0.00001344863850841  0.00001413481664841
  0.00001490098679217  0.00001577955826803  0.00001664258313204  0.00001753074491302
  0.00001847200521393  0.00001943478562709  0.00002040510186277  0.00002142944301400
  0.00002250115969112  0.00002357303115184  0.00002468107418715  0.00002582013914154
  0.00002693393162197  0.00002818295431537  0.00002943510682317  0.00003077190664554
  0.00003217068597120  0.00003360067159330  0.00003505580484152  0.00003658133943649
  0.00003819109190082  0.00003984490388357  0.00004157890334755  0.00004339504557259
  0.00004518786844267  0.00004709434431244  0.00004918125486265  0.00005148557511830
  0.00005394158007884  0.00005651874505691  0.00005933677539091  0.00006229314461823
  0.00006540891151758  0.00006877230142855  0.00007240832865515  0.00007631495216052
  0.00008040235449796  0.00008473940143341  0.00008928660015541  0.00009436832704448
  0.00009970057831527  0.00010556267373314  0.00011201678842499  0.00011911923306603
  0.00012685556948671  0.00013515549345814  0.00014400332809606  0.00015379197552029
  0.00016486650763478  0.00017784702858986  0.00019325553915305  0.00021060277147273
  0.00023030894764289  0.00025132584843407  0.00027562000262681  0.00030405336131878
  0.00033778705740481  0.00038058607749338  0.00043417001887926  0.00051169699655378
  0.00060861687862171  0.00074184725143988  0.00094904283272539  0.00138534197935901
  0.00230006623904120  0.00794578376188930  0.09711399655079153  1.00000000000000000
 -0.00267964542226522  0.00965177367780558  0.02013390338924616  0.03058015609784646
  0.04121542843139795  0.05233701654725317  0.06297021599551614  0.07410002257609752
  0.08533334810748666  0.09798225063004712  0.10986013270182270  0.12117489534105838
  0.13183046109348440  0.14239360488954195  0.15286097217719782  0.16331449335544598
  0.17421744330751296  0.18558257538586098  0.19745570055478995  0.20956529204354399
  0.22106643630849673  0.23178928980734281  0.24219445180655064  0.25258304785744240
  0.26325050308032338  0.27407155073434397  0.28479547108644027  0.29563588511299410
  0.30656850480401016  0.31728684447777417  0.32780074478628229  0.33799530925311877
  0.34818840448113603  0.35860302509717712  0.36889970897464602  0.37873392840894798
  0.38824700777676940  0.39766114908749478  0.40716618320199605  0.41662766657552830
  0.42610464940900067  0.43541619049759528  0.44501895209008679  0.45470484339638639
  0.46426143693441257  0.47398661695934019  0.48429459630702365  0.49505378191504051
  0.50637632743494576  0.51787767668959328  0.52901499080978798  0.53996991550861595
  0.55092800810850107  0.56219972455828993  0.57380521929144890  0.58491746761454133
  0.59540174275235269  0.60568366958888264  0.61561349170336255  0.62540936986522877
  0.63518766675260219  0.64494270457171810  0.65480219850495680  0.66463531483636817
  0.67517738273936845  0.68594800214638740  0.69658681125063393  0.70707902536939005
  0.71805261749372573  0.72915015247423942  0.74019988062201703  0.75153031730111919
  0.76309902956283826  0.77487034624033924  0.78653147911664412  0.79804582534860913
  0.80920112628738183  0.81963367581865820  0.82964037457136752  0.83945805206905721
  0.84924494617254642  0.85937815735900747  0.86909828159670899  0.87925282713529906
  0.88992082234105896  0.90061803436313204  0.91149940009701247  0.92258156770177868
  0.93353874734727638  0.94431878854749773  0.95453313113732308  0.96397266034154583
  0.97281584024025647  0.98116908205418962  0.99029003499173873  1.00000000000000000
 -0.00226029034701711  0.00903209654751900  0.01809304391158952  0.02856394281830371
  0.03825386806371726  0.04820231887495496  0.05771023540633072  0.06805514070590814
  0.07907409068978667  0.08986425490816821  0.10002226873171689  0.10982893063004780
  0.11968736572272572  0.12956958803266702  0.13921909258557827  0.14914604499106368
  0.15940994900237138  0.16975552674672140  0.17997312188581421  0.19024547566827965
  0.20051013454908417  0.21126782119541959  0.22217528053277000  0.23287072303015063
  0.24351336041685412  0.25443797543173485  0.26550359163121001  0.27639501511966608
  0.28707400735223976  0.29603614858430166  0.30435439813388954  0.31321393235320816
  0.32305761435208541  0.33343587184496609  0.34349439898031486  0.35382356641350671
  0.36477682892116975  0.37583050919654393  0.38665570390170628  0.39730806108229139
  0.40826626923845977  0.41963966638159794  0.43125699619477414  0.44318643505152433
  0.45514227845532479  0.46661084491628851  0.47760035457132777  0.48795456278498406
  0.49812172303035923  0.50813986654322829  0.51765371826555362  0.52744027160819773
  0.53787323927714958  0.54963757569132954  0.56200684285917935  0.57390996570512098
  0.58561871925911690  0.59707068156032617  0.60856313811881202  0.62032393928340368
  0.63206138597160566  0.64366766844808443  0.65463727918126746  0.66558143425597116
  0.67658575592134385  0.68745172640799113  0.69790096291665660  0.70813534665305644
  0.71852937868524125  0.72891566429606325  0.73955439007303703  0.75057478288333146
  0.76222278865328341  0.77368722352535491  0.78490177949583140  0.79578506351827583
  0.80659875166056827  0.81777243241111675  0.82880612793904329  0.83926035186686498
  0.84857437312590211  0.85800351625011229  0.86771927874389643  0.87776300540155527
  0.88769779369813384  0.89716247830825069  0.90683379763359473  0.91614745208079351
  0.92512504815764518  0.93417046614800336  0.94399512008433184  0.95496145587214265
  0.96576606674833754  0.97763183163982736  0.98881177115707530  1.00000000000000000
 -0.00269621531450000  0.01019635567303968  0.02099920261123367  0.03181080667266709
  0.04282721374614826  0.05405566241705352  0.06501830469855967  0.07527530507871448
  0.08487481851756770  0.09404982552292188  0.10194280777390874  0.10991162094520579
  0.11793049293617031  0.12703138920729912  0.13728045023235003  0.14809491598816660
  0.15926876205354962  0.17072581561595682  0.18206044388668849  0.19286691834791539
  0.20339795141356851  0.21402663212839945  0.22503271486721688  0.23595277372620099
  0.24654563696367227  0.25675468924876177  0.26699740277364803  0.27798186474968756
  0.28974255924248865  0.30132820342242062  0.31222254998304305  0.32299076753020772
  0.33470195234539907  0.34527811500051314  0.35685925002112628  0.36821235769612304
  0.37970366576112002  0.39091786914765453  0.40194810191686736  0.41277036397507783
  0.42374274933656075  0.43487989721248660  0.44617014159760499  0.45712387294061269
  0.46805193004617179  0.47952746497337767  0.49128283214625179  0.50292850828234414
  0.51414847404335817  0.52494920625495456  0.53573997398623563  0.54653443276302727
  0.55735544672779314  0.56847968483295519  0.57955726659642892  0.59025939383526072
  0.60071332280440626  0.61132270827812751  0.62192112508421071  0.63176163881536829
  0.64072426500878721  0.64968520165311971  0.65912480201857127  0.66933754595233019
  0.68015919262686697  0.69075070090833590  0.70095428509863367  0.71099669288988521
  0.72113491244211292  0.73134918862196963  0.74157271265180980  0.75160528854576170
  0.76128706532047774  0.77132489064991661  0.78183687057840712  0.79270314577921519
  0.80309278575422716  0.81327698241183544  0.82409579662398946  0.83556154247163061
  0.84727343152442636  0.85817063042256359  0.86832252677393795  0.87844259212187348
  0.88899760788995252  0.89988429048189844  0.91033037813133322  0.92100765122061268
  0.93147641309461238  0.94169355470944427  0.95081347049238640  0.96048219989104155
  0.97048906627364517  0.98049214742453306  0.99040154119334234  1.00000000000000000
  0.00004041690388165  0.00014077848010411  0.00044061623410517  0.00086262730721967
  0.00136208983422618  0.00176522194063871  0.00213598926338568  0.00255133939123163
  0.00298566415675649  0.00343563369044240  0.00390139076299837  0.00438194882860004
  0.00488172399097193  0.00538761540729093  0.00589447067643320  0.00639986104737385
  0.00690299993501962  0.00740291257015316  0.00791464375137186  0.00845117473277824
  0.00900197677653363  0.00957056822496934  0.01015316240603869  0.01074328336269541
  0.01133791248713362  0.01191520999913108  0.01250319125017515  0.01310819068430808
  0.01371990448031125  0.01433302618894417  0.01496969529525442  0.01563526003723152
  0.01632056197543496  0.01703580315460912  0.01778284634101927  0.01853764122192275
  0.01929723982813029  0.02003578848952273  0.02078483220692080  0.02155994035774108
  0.02234904667523354  0.02314050432538927  0.02390222501271562  0.02468036058155649
  0.02548694179370349  0.02629099231310658  0.02706807486710764  0.02780956760041644
  0.02856502821203584  0.02932528313971161  0.03009766836045629  0.03091674101022203
  0.03180029829499888  0.03267206742545978  0.03354157354893924  0.03444408134237543
  0.03540184375587996  0.03644829117347266  0.03750542725388629  0.03853853872420186
  0.03961111460062520  0.04073576305604732  0.04189608708990281  0.04306275767654969
  0.04419488597273967  0.04533389067178226  0.04645182953828136  0.04762768865657065
  0.04887681931570658  0.05025784829393150  0.05191016756822600  0.05333756932471087
  0.05471081753273734  0.05610515781226727  0.05762307534081419  0.05933677088266427
  0.06125314885227141  0.06317144168334017  0.06524429250129885  0.06763245749276128
  0.07014139519599044  0.07245093908979645  0.07464345953047991  0.07735205275911336
  0.08057067445620281  0.08362502108117072  0.08914822576716823  0.09571866497442721
  0.10292960368188482  0.10996285364728192  0.11740651517152834  0.12657465111418645
  0.14132667939809637  0.19924313366051868  0.45135268767026332  1.00000000000000000
 -0.00321374301460783  0.01182587089932033  0.02381721733475355  0.03601438240949700
  0.04862859384472173  0.06240503914321667  0.07548896642564604  0.08797200559876760
  0.10030770176051575  0.11252358647186848  0.12469645755336602  0.13811451182570036
  0.15129563438305216  0.16456276668359726  0.17775169293655574  0.19127084422624782
  0.20468171145969921  0.21756568526021045  0.23000151933638779  0.24190743901056511
  0.25330764270513806  0.26423608508577878  0.27487365945982645  0.28545419767353153
  0.29617656743098059  0.30672847587619223  0.31637959889047174  0.32539846195441396
  0.33481019360653569  0.34502092031094345  0.35554072202707315  0.36587711981928928
  0.37629783831882002  0.38716612346140383  0.39782777857371227  0.40789608575085406
  0.41755310819371289  0.42677558103043517  0.43555417923397449  0.44423170536457407
  0.45322572949694756  0.46273512662733524  0.47242356115370582  0.48211750774140394
  0.49186895551526377  0.50150821318907379  0.51090087840937470  0.52045133488648221
  0.53031247428499784  0.53958809681070330  0.54799982858497609  0.55621554472965584
  0.56470332182730942  0.57362028383608965  0.58267105950961717  0.59188314942927112
  0.60139489845606997  0.61105110192685785  0.62075746512961749  0.63071300519073170
  0.64111856783603982  0.65163009985517295  0.66140048760683112  0.67095191925678477
  0.67997753921865856  0.68944801407673639  0.69893984889425198  0.70866252229266935
  0.71825272991216504  0.72764862982321332  0.73732921484322222  0.74730802189681977
  0.75719759529216935  0.76772517750453639  0.77804361041046044  0.78844857040702410
  0.79855383354975151  0.80856312734589608  0.81839056581612757  0.82802598445391706
  0.83778396246947118  0.84801689404233738  0.85816091801316330  0.86881293856695629
  0.87889278480173583  0.88853205924375478  0.89866785080791423  0.90930612008727252
  0.92004883299874807  0.93081746209199878  0.94229695620040055  0.95399870522985986
  0.96569944965279353  0.97743869093457403  0.98908440489208782  1.00000000000000000
  0.06508158859044461  0.21009162291714864  0.32020154922644395  0.40469437811212272
  0.46596682604673156  0.51632603346193084  0.55746722290071637  0.59254092447940632
  0.62425276949887620  0.65218205315225497  0.67661248488981607  0.69825277771352157
  0.71782771909297927  0.73573245443450497  0.75231314499659607  0.76737411032260727
  0.78112543930617229  0.79366477567170879  0.80520341495610404  0.81599759471225131
  0.82597011758247862  0.83543323155349047  0.84411753834587566  0.85246248336149855
  0.86020948713529266  0.86737774768322196  0.87410581051769720  0.88032241374897757
  0.88614315880610872  0.89167949233280042  0.89686020321715887  0.90160944296284184
  0.90611845903686450  0.91050262555850048  0.91466316934932368  0.91856181970018214
  0.92214829327830594  0.92545256936175624  0.92869748765024640  0.93191455015779789
  0.93499515610963857  0.93784254462548167  0.94046535558615707  0.94296542478970335
  0.94540937536589276  0.94779178526792485  0.95012336908723882  0.95246357898443224
  0.95475456945421355  0.95693791481636692  0.95894911607357514  0.96075602916847658
  0.96240166013895245  0.96401526316058794  0.96556190702744116  0.96702254665367937
  0.96842200221422203  0.96979723778205940  0.97113760791114256  0.97241290700385330
  0.97362962774828199  0.97481997153848510  0.97598037098847457  0.97709815664302713
  0.97817583848515044  0.97920736497467242  0.98021949667764841  0.98117459910124372
  0.98209823214926684  0.98300502680258339  0.98390259635602284  0.98479262566356685
  0.98565818706657793  0.98647560846040439  0.98724135263806467  0.98796310980137370
  0.98865633843500778  0.98933545355984354  0.99001044825620887  0.99066998954344676
  0.99126917743347509  0.99185362950464528  0.99242238718202425  0.99299146701975538
  0.99356029495489717  0.99411860817012188  0.99466705137151201  0.99517808300028465
  0.99568601218761787  0.99619590198570573  0.99670499322263761  0.99723062790428674
  0.99780124753860844  0.99843266329737201  0.99915889690469906  1.00000000000000000
 -0.02135988142141236  0.10501078466094368  0.14580941367696884  0.17195106002088903
  0.19256421819937694  0.21044529822030925  0.22619693897021104  0.24037477305878738
  0.25337968211240491  0.26569212267042924  0.27649235374232484  0.28690369229332635
  0.29618441175118071  0.30447309122832172  0.31274687230998310  0.32113672181057473
  0.32988966095596889  0.33847513459895917  0.34703504116205242  0.35498818137711341
  0.36268981683709367  0.37026164657522637  0.37738555315665406  0.38414999942380534
  0.39078621702193422  0.39770604459917519  0.40459633229949493  0.41128336045878738
  0.41761899842810385  0.42382653688874516  0.43015743876373136  0.43638432862723425
  0.44301301692000805  0.44967448338834004  0.45625815066215580  0.46270655546051259
  0.46902908937789667  0.47553917631271564  0.48226918704360411  0.48906589319875665
  0.49559271887159212  0.50225554200084888  0.50848742957644777  0.51527624928001403
  0.52177286260662981  0.52770592184975551  0.53361944874516465  0.53973346272134759
  0.54590605000176073  0.55214003013158508  0.55840570265129952  0.56470115368001572
  0.57114804003525699  0.57766070320971263  0.58428909599190648  0.59096373616911835
  0.59737606546219191  0.60339354728765793  0.60903530892317392  0.61481832381515500
  0.62100387484980857  0.62733065434960933  0.63339900393587789  0.63930757960695384
  0.64512208556680173  0.65096859257986472  0.65691268180524487  0.66279922263531632
  0.66861809752624268  0.67459153910522018  0.68076409877184618  0.68701155130138780
  0.69335719108053262  0.69981411255595871  0.70631821643538206  0.71284287401417457
  0.71934568898969098  0.72574778870065504  0.73227554287737295  0.73911689735098540
  0.74634894754328063  0.75366349356184048  0.76080909801772767  0.76787071913780680
  0.77514589501274866  0.78298520021956530  0.79184868664797392  0.80158601137970686
  0.81174562729532818  0.82273072625702670  0.83513068097351884  0.84927588304476176
  0.86562289421655292  0.88592912695053350  0.91865051786005925  1.00000000000000000
   1.1917524461323550E-009  -1.0000000000000000     
 F F F F F F F F F F F F F F F F F F F F F F F F F F F F F F F F F F F F F F F F F F F F F F F F F F F F F F F F F F F F F F F F F F F F F F F F F F F F F F F F F F F F F F F F F F F F F F F F F F F F F F F F F F F F F F F F F F F F F F F F F F F F F F F F
  <DiscreteSampler_grid>
  grouped_processes
  1 # 1 for a reference and 2 for a running grid.
  10 # Attribute 'min_bin_probing_points' of the grid.
  1 # Attribute 'grid_mode' of the grid. 1=='default',2=='initialization'
  0.0000000000000000 # Attribute 'small_contrib_threshold' of the grid.
  0.5000000000000000 # Attribute 'damping_power' of the grid.
 # binID   n_entries weight   weight_sqr   abs_weight
    10   10   2.651886503818624E+002   1.937384310161481E+005   2.651886503818624E+002
  </DiscreteSampler_grid>
