  0.00926622269533945  0.01720962880089248  0.02713498864963092  0.03729467757831008
  0.04700244143042565  0.05742366470402399  0.06850217364399029  0.07961849915669217
  0.09048654670152505  0.10121063082054488  0.11235864300507921  0.12384577170736975
  0.13474728752326617  0.14480693909849926  0.15471754447526392  0.16482662867431006
  0.17532086854196929  0.18614564283876081  0.19685123197239229  0.20746017384383977
  0.21816625637817957  0.22910597495148388  0.23982788121124546  0.25038805859075070
  0.26116822079914453  0.27190894055010817  0.28286643335203210  0.29321627409227941
  0.30307314684037362  0.31295081997601154  0.32301257220053270  0.33300409045523766
  0.34285274701438800  0.35264615327556648  0.36291567784177736  0.37339819647233785
  0.38341861329515575  0.39332776191894953  0.40333028108334479  0.41420837756075718
  0.42549027130203243  0.43635516080352349  0.44722437689471994  0.45781573042769685
  0.46812838462083112  0.47823601143971078  0.48860820052292064  0.49884226229960782
  0.50874905293290673  0.51918821469956100  0.52972754266627964  0.54038782865254154
  0.55044704423317969  0.56004633947068516  0.56993101559537718  0.57978964928219978
  0.59003928248788362  0.60032059299791118  0.61063356530945812  0.62088292753819463
  0.63114901037156745  0.64208311295517140  0.65348586828163790  0.66574515831251468
  0.67757280581299806  0.68903027684477447  0.69997837382626771  0.71046508367575611
  0.72138855509273936  0.73228637839775890  0.74294712262855600  0.75337221210373395
  0.76382500829627187  0.77428934305680697  0.78480620671865275  0.79531615625328578
  0.80595442178646493  0.81684307663573041  0.82772378287902126  0.83868141492107795
  0.84953495253753519  0.86032526439760992  0.87042668335194151  0.88010517018252887
  0.88971728224920599  0.89990952174951055  0.91048866490953062  0.92096863045338062
  0.93149139960036675  0.94204800324952120  0.95233453156424441  0.96332937511265671
  0.97294221917246460  0.98277717521225549  0.99104835501959065  1.00000000000000000
  0.00000252553913896  0.00000260669899402  0.00000266938890517  0.00000273125331008
  0.00000280289357285  0.00000288556090550  0.00000298079111338  0.00000309215929556
  0.00000323242166006  0.00000338131638512  0.00000352340018771  0.00000366786595543
  0.00000382354735132  0.00000399486242426  0.00000418263759384  0.00000439945338677
  0.00000464240838271  0.00000489472956027  0.00000514998425253  0.00000542423136172
  0.00000571971165013  0.00000603698228659  0.00000638456147866  0.00000675691085127
  0.00000714746983532  0.00000756482506985  0.00000802000591645  0.00000850923484703
  0.00000902208662193  0.00000959767041024  0.00001022389834985  0.00001088409631621
  0.00001157360641918  0.00001228793778038  0.00001302185871259  0.00001378195553035
  0.00001458372827231  0.00001541073510691  0.00001628972370963  0.00001724616880440
  0.00001822524646863  0.00001918571792944  0.00002018924518032  0.00002124465968284
  0.00002231854672562  0.00002341702275908  0.00002455884483839  0.00002582893197808
  0.00002727572240634  0.00002874606075601  0.00003027094469852  0.00003187325983744
  0.00003352599150785  0.00003528261454401  0.00003726148499493  0.00003944129556886
  0.00004166495626989  0.00004397731351193  0.00004634597708432  0.00004890691874145
  0.00005165634655015  0.00005462343299183  0.00005786329561178  0.00006133324944009
  0.00006499163949636  0.00006892331091326  0.00007325352415827  0.00007811958581885
  0.00008295553581525  0.00008823742171701  0.00009386368849094  0.00010002850334615
  0.00010717728748157  0.00011514424047838  0.00012403195689927  0.00013394348064175
  0.00014449537777805  0.00015579703854264  0.00016819722336744  0.00018176032156088
  0.00019670924158659  0.00021376726106371  0.00023753466701200  0.00026682843095908
  0.00030178209358909  0.00034367887583287  0.00039668345879081  0.00046382203996427
  0.00055089262347379  0.00068441151032575  0.00093267338276741  0.00133125912659903
  0.00221004745015674  0.00593040369705033  0.25239156216957409  1.00000000000000000
  0.00000235729852072  0.00000266886199018  0.00000293999612982  0.00000320653769998
  0.00000346599334864  0.00000373185037286  0.00000402479471308  0.00000436237133734
  0.00000473593515717  0.00000513578101918  0.00000556101698266  0.00000601278104406
  0.00000649299506220  0.00000699179375604  0.00000749435853797  0.00000799642117875
  0.00000849455627495  0.00000898875644087  0.00000951416741364  0.00001006206409219
  0.00001062440923905  0.00001120642270230  0.00001179837178061  0.00001242289492999
  0.00001307643655990  0.00001372836685401  0.00001438692925153  0.00001507882104178
  0.00001580269653651  0.00001656203003183  0.00001737913317099  0.00001825008322547
  0.00001915474987444  0.00002008717191019  0.00002099347713217  0.00002195403218837
  0.00002296119957827  0.00002398719125499  0.00002500978988768  0.00002612851666769
  0.00002732465112704  0.00002855513882614  0.00002984763833550  0.00003122486181719
  0.00003267012381654  0.00003413827565134  0.00003574145553021  0.00003741328405623
  0.00003918003450758  0.00004097925568353  0.00004285008372645  0.00004484214754492
  0.00004700805072180  0.00004935049567251  0.00005184025541520  0.00005445325086393
  0.00005715473534161  0.00005992643336742  0.00006281183914315  0.00006585744642413
  0.00006919735074464  0.00007280453668793  0.00007672170522474  0.00008079779445145
  0.00008504211112052  0.00008960318831531  0.00009442319875844  0.00009942199376476
  0.00010453758596079  0.00010994274119053  0.00011571920110289  0.00012195113379745
  0.00012904879730900  0.00013686309369518  0.00014540535865297  0.00015464838717531
  0.00016603762507121  0.00017930803463203  0.00019456221998958  0.00021241178351667
  0.00023319439718617  0.00025670934626477  0.00028242992946063  0.00031257337125529
  0.00035030772575319  0.00039330187209618  0.00045024724633465  0.00051937141209039
  0.00060983022540772  0.00073545212563312  0.00091354642132329  0.00123208777868403
  0.00193990170052221  0.00461780380078125  0.55768524279874798  1.00000000000000000
 -0.00256270276374713  0.00961519899080861  0.02034482855790957  0.03116939224221056
  0.04242281242264953  0.05363493967596273  0.06505531666171600  0.07654201404937321
  0.08813437698136285  0.09964175952264803  0.11068985105037875  0.12142446235573871
  0.13235114527095429  0.14361651494201116  0.15515494527849757  0.16616319824364734
  0.17707521644838717  0.18783750421523582  0.19858543014701932  0.20914175501183588
  0.21951160006088677  0.22958848968269729  0.23950906608975805  0.24915163474464844
  0.25850530800194693  0.26803806900740845  0.27817284427654276  0.28849926291236677
  0.29905868474532815  0.30945411993409050  0.31965076521791774  0.32970625781969293
  0.34050664406973119  0.35076060297426259  0.36057221892891028  0.37008445476660018
  0.38004667372369905  0.39109940500206203  0.40225285445295772  0.41325134792410340
  0.42440612051986865  0.43563921644237402  0.44667352005343441  0.45763575510557469
  0.46848259762797795  0.47925140491494822  0.48973502795564755  0.49946691014723998
  0.50854475757926543  0.51663293609142835  0.52545585185637289  0.53468195902281213
  0.54499030108754165  0.55652722672483002  0.56765396218338460  0.57871666844069480
  0.58953468469750714  0.60016353996968264  0.61092071238069867  0.62190312530078240
  0.63312504966599870  0.64462936722995068  0.65601873454809145  0.66677439341431777
  0.67704966384460907  0.68730427672431449  0.69718360775757560  0.70670452528989980
  0.71574047536727659  0.72465814269933237  0.73367585188950080  0.74306882931534157
  0.75350354324595825  0.76471091432868255  0.77550567290852679  0.78560848024450414
  0.79496363957688798  0.80428470466569002  0.81401071016521309  0.82437365975080057
  0.83517651063458553  0.84655732995917643  0.85805142833836201  0.86916975407290231
  0.88002806402394551  0.89109421042304937  0.90262322665057493  0.91456873665098659
  0.92663077490164103  0.93788494210004070  0.94887062007059886  0.95909562153646799
  0.96925989956753611  0.97977618468592287  0.98994036152709208  1.00000000000000000
 -0.00266100317081207  0.00998264505797617  0.02132516072020865  0.03218282078791190
  0.04297963304594984  0.05318273317414018  0.06323530272434306  0.07360659791499290
  0.08403154087753251  0.09494965204926763  0.10573340393124028  0.11631868562355017
  0.12650573901503481  0.13651722538530028  0.14643387413969525  0.15614376673556882
  0.16631446467687508  0.17659746089102890  0.18684901598290199  0.19710197273987387
  0.20760532139491980  0.21878777508985675  0.22974204264571890  0.24047121531724117
  0.25126120469010182  0.26239637144066752  0.27332450573769423  0.28384429267331451
  0.29414326146950387  0.30481300939928457  0.31515608254510369  0.32545159129885787
  0.33549466837833375  0.34589987068546391  0.35678695387491521  0.36758080660758469
  0.37875325650218367  0.38995059335765214  0.40092140876184801  0.41139757482208433
  0.42212181829844464  0.43298023414638698  0.44351453744954544  0.45405180861876338
  0.46420004807278709  0.47422084094725481  0.48355890297224863  0.49338253747817684
  0.50338137973583386  0.51388834936480698  0.52458003511092144  0.53605985396059608
  0.54741335458991225  0.55838675739392774  0.56926682883667079  0.58028842115961699
  0.59094729881155983  0.60180811324292438  0.61171257198387619  0.62214061264836529
  0.63275533900846126  0.64398747114708066  0.65577541533970063  0.66758998088170440
  0.67944755057247541  0.69081703727575694  0.70175355338841205  0.71238523083169125
  0.72309330577195730  0.73343155889984790  0.74274653178127981  0.75174324728130282
  0.76147308806358527  0.77271872003772435  0.78459664728152523  0.79494540950750647
  0.80401538609409851  0.81301156800512697  0.82150813606832807  0.83201667009613511
  0.84289791772159628  0.85430125594044914  0.86527592051945601  0.87689087528960563
  0.88808821546761085  0.89941888568383010  0.91031483810465375  0.92084885391650706
  0.93115898402001618  0.94188426805871805  0.95239059120769243  0.96289085397334551
  0.97181961229524483  0.98094724742925676  0.99031286838797894  1.00000000000000000
 -0.00245559302697091  0.00955586521778906  0.01926873827111231  0.02978030684210477
  0.03950833553848282  0.04923595787921232  0.05864903509829750  0.06952937179439074
  0.08078571307389606  0.09101267034700901  0.10003359877928023  0.10913436223676792
  0.11824189372270977  0.12698051643281363  0.13567022288203640  0.14446269611682069
  0.15385848298941401  0.16362455678715029  0.17388942672126576  0.18457622142472829
  0.19522846864800639  0.20560808818190981  0.21614200265234393  0.22679854555354756
  0.23720822508108394  0.24763504542165163  0.25841611438264267  0.26957090736383893
  0.28083081213740740  0.29168606750946957  0.30233342693845661  0.31302392719895666
  0.32398815382318263  0.33516808732508824  0.34641622887012247  0.35748291485356615
  0.36842093369899931  0.37914900294006587  0.38990335003741039  0.40067517694239196
  0.41103878569936991  0.42163940477932743  0.43202633132305834  0.44329465469871376
  0.45479660347367995  0.46609728463121652  0.47683164976597153  0.48748234562901799
  0.49809797112061777  0.50843220489632268  0.51839503921638808  0.52823147492786060
  0.53802873230336190  0.54813109590469256  0.55823277180230058  0.56858218237069802
  0.57935034061510093  0.59052786713433969  0.60185782274713562  0.61312972742237148
  0.62415382466365599  0.63490860987656916  0.64584339424218062  0.65693218878383319
  0.66804060937680698  0.67900523833055948  0.69012616217463474  0.70112269708759689
  0.71208992880745059  0.72274832910479969  0.73347016627707640  0.74428730825499201
  0.75482884460820410  0.76528624878855311  0.77564631949572471  0.78610331841297088
  0.79644848245985789  0.80683825536370202  0.81713666692370546  0.82778536435712191
  0.83830028136993717  0.84855170846582317  0.85892159817132674  0.86979862870762659
  0.88170792178500590  0.89334158990791979  0.90317501772270570  0.91258469786374807
  0.92216736124280529  0.93211251024485753  0.94396017568707080  0.95561313822428562
  0.96660057480342121  0.97792698678500978  0.98881158065121555  1.00000000000000000
 -0.00001402880572925  0.00022521623058517  0.00056709184750578  0.00102766802969284
  0.00160015339954673  0.00216018076674265  0.00265684650686878  0.00316819911828514
  0.00369569186454897  0.00424229667577180  0.00480018949998734  0.00536038476162770
  0.00592233570282672  0.00649000988147182  0.00708314390614824  0.00767341128777727
  0.00826368009941383  0.00885542382866524  0.00945375704027704  0.01007476274523068
  0.01070690537978292  0.01135563219177459  0.01201404610950560  0.01267981649127566
  0.01334767738688474  0.01400986703371666  0.01466965412579920  0.01535223699311482
  0.01606053918799913  0.01676478013735176  0.01745445993568461  0.01813733269955799
  0.01883364351637001  0.01956237458381920  0.02028735245745872  0.02099185310084389
  0.02167389044351208  0.02229029867736775  0.02287929183268671  0.02347366819921429
  0.02407269308037657  0.02475962302565056  0.02547096502716846  0.02637959520166381
  0.02723809731811087  0.02808562042558772  0.02890682921811117  0.02973557212697954
  0.03056841762365524  0.03142195711239146  0.03231224482554851  0.03328168478334907
  0.03419899390364273  0.03509265392605990  0.03603569306804656  0.03697039628045384
  0.03799937959131971  0.03906855353956052  0.04016812905291744  0.04122946769423609
  0.04227042765455744  0.04331227309305599  0.04440542104804105  0.04549654185252888
  0.04655008238108606  0.04763840828059857  0.04871160059623043  0.04986743987075613
  0.05110292794852917  0.05245123179856209  0.05384008166722658  0.05536888834614886
  0.05684258275169401  0.05838331066464558  0.06011654730199293  0.06215054624074158
  0.06412099076575789  0.06620639573994565  0.06828234371610262  0.07015421613587301
  0.07218009727164391  0.07467272467279702  0.07761679639693010  0.08007965629719219
  0.08217250367498564  0.08495751768999318  0.08959036737829401  0.09496236953426884
  0.09985934597440212  0.10381038748780859  0.10783312342832009  0.11286920369345017
  0.12290560873235028  0.16212790717556677  0.58717533783629605  1.00000000000000000
 -0.00164653216820565  0.00767464666218269  0.01807925191378071  0.02829647917439761
  0.03952966931660243  0.05182169536960581  0.06437084615228431  0.07664552183155397
  0.08868883575745419  0.10067507070362196  0.11233142259948017  0.12379663195238566
  0.13589623557907080  0.14778615737801665  0.15857917883461470  0.16830634561023625
  0.17770627279992449  0.18713500895815477  0.19716949646871090  0.20800827562548097
  0.21912860073331403  0.23020960407134061  0.24115252102266704  0.25191919951355518
  0.26241796242316340  0.27258925601282780  0.28236096832196278  0.29205827182799704
  0.30178309906564627  0.31162896945253865  0.32154723884751996  0.33105484897409954
  0.34042604035140095  0.34976045277966017  0.35898064234286731  0.36830910059049005
  0.37803229255810894  0.38783670772639917  0.39751691507957582  0.40687396667573605
  0.41630581324642119  0.42590636086667349  0.43521468377823075  0.44448581623480166
  0.45415397759966258  0.46389908914777128  0.47405659365880121  0.48348695293899319
  0.49296998656870678  0.50250103679711555  0.51194327169669263  0.52106431509312401
  0.52990125580979364  0.53906588275784861  0.54864571557181507  0.55815104790683201
  0.56739481908074429  0.57678229897752797  0.58700828774886171  0.59798995166803770
  0.60874507942914202  0.61869617935326204  0.62828160468606298  0.63800840594068231
  0.64829255868723346  0.65912395924044853  0.66973894184042260  0.68031448821331364
  0.69145492022034971  0.70251410674104953  0.71271027333253278  0.72171054495128728
  0.73105809749480910  0.74108934278541383  0.75212126367202503  0.76338075801712435
  0.77425287032752810  0.78489501576563270  0.79568833543590844  0.80688668707607414
  0.81885402977991595  0.83124255032402283  0.84396497845761353  0.85697241514732203
  0.86949797458539713  0.88191120190307593  0.89381140490016009  0.90583529382255701
  0.91765745538917554  0.92973388045053063  0.94192155400722077  0.95473768828095051
  0.96703926486473646  0.97841667133492072  0.98925192955400376  1.00000000000000000
  0.00964786192193756  0.20245062941568512  0.30966843740398314  0.39159747427610564
  0.45583726751736581  0.50831650186342392  0.55159334603284016  0.58797893677660162
  0.61995712655165447  0.64799253636736531  0.67266206734030731  0.69473292742112824
  0.71460335484085180  0.73247661906021300  0.74879492571347461  0.76381033444779645
  0.77761262649070562  0.79028785670198010  0.80181626557297492  0.81274394071894918
  0.82274730827351239  0.83206834544240271  0.84070789083786457  0.84883795430458864
  0.85642361727267680  0.86357220219564967  0.87041183037045455  0.87682630764688330
  0.88273522247543634  0.88828851988664892  0.89360646285282652  0.89862928551655608
  0.90341126504673597  0.90796777962760622  0.91237452747674752  0.91650320212511482
  0.92026830095051038  0.92377858855439532  0.92720799115480279  0.93047467957754126
  0.93361137179070264  0.93652299823312124  0.93926853129057741  0.94174223049373940
  0.94413043673483144  0.94650532705847779  0.94885918172296380  0.95112336820567234
  0.95333069085946076  0.95548291738377100  0.95750552314682569  0.95938081777037076
  0.96112549499732858  0.96280519178819035  0.96445864872979714  0.96604755714465296
  0.96759327052234578  0.96907511448410788  0.97049681987608283  0.97186273783322796
  0.97316974754636609  0.97444866270404129  0.97568885141254735  0.97688745199128180
  0.97803975037823487  0.97913733928356106  0.98018249736105356  0.98117136859618370
  0.98211649126308542  0.98303545393037872  0.98393082011113298  0.98480400628035447
  0.98565311654009602  0.98647462771983252  0.98727111400668699  0.98801717722254179
  0.98875163528870458  0.98947089677427158  0.99015214764643189  0.99077772200282099
  0.99138133734941858  0.99196587175457618  0.99252221954339503  0.99305915204652540
  0.99358812879013192  0.99411471159197518  0.99462012566398961  0.99512868815154920
  0.99564567451588126  0.99616781489543016  0.99668325091024990  0.99720480910777132
  0.99779725255211382  0.99846306386759154  0.99919947235614848  1.00000000000000000
 -0.02195143810080659  0.10756401571276322  0.14895372359990330  0.17402998843413950
  0.19320605075983063  0.20920840925467371  0.22345020110969238  0.23732870845072288
  0.25082540483313026  0.26364530005099318  0.27577276589726546  0.28662462816757556
  0.29673358886962964  0.30617014895017108  0.31525530683163183  0.32468698039474397
  0.33388817177514918  0.34363667007719279  0.35269482823100284  0.36093702906175756
  0.36838682542476875  0.37538541389728242  0.38221572352721461  0.38898031007590966
  0.39601761458511980  0.40302292025982567  0.40988969115769963  0.41655893099455660
  0.42301014148258254  0.42959237671687972  0.43597295734861957  0.44257220657168572
  0.44888532998437425  0.45491249748374835  0.46072805595228994  0.46673625779080974
  0.47259840308015311  0.47852862327769813  0.48450767550225426  0.49033266975144679
  0.49661285512332543  0.50324050210562199  0.51003293118923865  0.51666009129718926
  0.52280351817825210  0.52850340000581031  0.53424482675420948  0.54011806374457128
  0.54616420319472947  0.55262318912660957  0.55880223853509303  0.56491176175651003
  0.57079586323292208  0.57667602399144480  0.58247795835318361  0.58818977326466981
  0.59405733862659871  0.59990263264733512  0.60589291052201089  0.61202620577294808
  0.61819886964579773  0.62455000744333500  0.63121379915492404  0.63817005279930139
  0.64491290366599152  0.65105475933488599  0.65678498385490436  0.66243279010847744
  0.66820891147881378  0.67435632538051293  0.68085676981960719  0.68724294619508630
  0.69338804072758808  0.69976011824250806  0.70636621008213896  0.71333098583211607
  0.72047676114364745  0.72731747900390753  0.73382962298146592  0.74037450557525708
  0.74711824160106710  0.75458406529775979  0.76275449729016154  0.77136293259456501
  0.78028034016876702  0.78958275323135851  0.79939472965899516  0.80929798501412942
  0.81934274372788096  0.82977565569996725  0.84121061992046720  0.85396762768546242
  0.86893685440900092  0.88868535391107051  0.92078011538474258  1.00000000000000000
   1.1782992396544009E-009  -1.0000000000000000     
 F F F F F F F F F F F F F F F F F F F F F F F F F F F F F F F F F F F F F F F F F F F F F F F F F F F F F F F F F F F F F F F F F F F F F F F F F F F F F F F F F F F F F F F F F F F F F F F F F F F F F F F F F F F F F F F F F F F F F F F F F F F F F F F F
  <DiscreteSampler_grid>
  grouped_processes
  1 # 1 for a reference and 2 for a running grid.
  10 # Attribute 'min_bin_probing_points' of the grid.
  1 # Attribute 'grid_mode' of the grid. 1=='default',2=='initialization'
  0.0000000000000000 # Attribute 'small_contrib_threshold' of the grid.
  0.5000000000000000 # Attribute 'damping_power' of the grid.
 # binID   n_entries weight   weight_sqr   abs_weight
    10   10   2.096665044581441E+005   4.264403549823831E+011   2.096665044581441E+005
  </DiscreteSampler_grid>
