  0.00932297915641858  0.01660961751297480  0.02653860592415043  0.03681501976733695
  0.04751268440684112  0.05876705032778461  0.07044660590736154  0.08199028440589048
  0.09375847708202560  0.10530067502035607  0.11640498618438423  0.12695449352775573
  0.13696151192291925  0.14689081589586578  0.15704192862080826  0.16779033792869791
  0.17898115067454445  0.19041510922258301  0.20122022099646336  0.21220160733534671
  0.22190838673309668  0.23282723316225498  0.24330636261954455  0.25454919705666901
  0.26532866799869975  0.27637031029344772  0.28764335124360763  0.29919629106008994
  0.31078698791841369  0.32246537082056420  0.33409675003282358  0.34538573190443900
  0.35582254114684236  0.36577901582185257  0.37594657265916209  0.38696787484705158
  0.39860707780323074  0.41040482456963695  0.42197605283693712  0.43320410104881463
  0.44417521578146524  0.45486677281446719  0.46522232992485069  0.47533027412956891
  0.48546549036934339  0.49559449026337954  0.50533849024039768  0.51471520568669460
  0.52392831327567702  0.53379231531081284  0.54443236142607043  0.55475105995812768
  0.56493469328555601  0.57454090806748559  0.58374069538801210  0.59306580425355715
  0.60331867324887467  0.61428273268246292  0.62506528768805381  0.63555815117905246
  0.64636711088058318  0.65733148870654134  0.66819621367817095  0.67858525810162484
  0.68881886391126568  0.69912455300025556  0.70957201907493095  0.71994422224171006
  0.73047740077913192  0.74068953288725004  0.75060689358799693  0.76017396037597529
  0.77033151555013957  0.78124707231068424  0.79211283225129936  0.80215586286739349
  0.81174007304085838  0.82161869681744393  0.83207776727305183  0.84292086630310503
  0.85350188564931817  0.86412381705647223  0.87462212700917219  0.88460903865857354
  0.89466546492357157  0.90460177878689330  0.91480727190730649  0.92471346934918797
  0.93484953527901959  0.94514531525771039  0.95559785684948562  0.96505926269986364
  0.97411310531259609  0.98300235728791374  0.99098093986544189  1.00000000000000000
  0.00000249448511381  0.00000252716711847  0.00000255883580869  0.00000260273454403
  0.00000265498598610  0.00000270890808505  0.00000276150488358  0.00000282967151940
  0.00000290760628205  0.00000299553746401  0.00000309112810358  0.00000318556187016
  0.00000328980593386  0.00000340045926596  0.00000352438959378  0.00000365459913178
  0.00000382834005475  0.00000404503991071  0.00000427827946685  0.00000452527386821
  0.00000478051133966  0.00000506253597536  0.00000538170095093  0.00000572992287853
  0.00000610788983412  0.00000652446463247  0.00000700184670410  0.00000750611853036
  0.00000802653291566  0.00000857190652413  0.00000914236085987  0.00000974720528238
  0.00001039808599437  0.00001106793191728  0.00001176758449833  0.00001251297793647
  0.00001329490089718  0.00001411847195383  0.00001498786257729  0.00001590452353738
  0.00001688278260913  0.00001792776862100  0.00001900371428704  0.00002014385291744
  0.00002136524390645  0.00002267427918558  0.00002406447330477  0.00002550208466372
  0.00002704945173500  0.00002869531939223  0.00003046140137490  0.00003234502804119
  0.00003433250207835  0.00003652898589141  0.00003884632432224  0.00004132198849606
  0.00004395839307049  0.00004675160471478  0.00004969458620226  0.00005269609250907
  0.00005595674453584  0.00005939639367177  0.00006309873923122  0.00006707252206458
  0.00007131639751605  0.00007584410809855  0.00008068263088969  0.00008595647569992
  0.00009192022250551  0.00009866773061945  0.00010593289317045  0.00011402617948098
  0.00012332145524273  0.00013361939427292  0.00014462297202647  0.00015676240322641
  0.00017068128180992  0.00018647591468741  0.00020588275507197  0.00022886702943498
  0.00025766939177812  0.00029626261741312  0.00034158588199476  0.00039690511401818
  0.00046792606839099  0.00056004736633110  0.00069007148698053  0.00088716279836191
  0.00118464343885816  0.00163262082729470  0.00244950226227995  0.00437165636998292
  0.00880251899325898  0.02788556222841822  0.33256248176130787  1.00000000000000000
  0.00000233006633906  0.00000264348428958  0.00000291045970199  0.00000316944017532
  0.00000343284020170  0.00000371508971988  0.00000402340420572  0.00000434693788620
  0.00000468148648107  0.00000503443647750  0.00000541189191083  0.00000581695072784
  0.00000623713811924  0.00000668119232652  0.00000717450588721  0.00000769468738444
  0.00000822006471152  0.00000875570745659  0.00000930344113497  0.00000986250820544
  0.00001043253018717  0.00001101870256331  0.00001163317307303  0.00001231873734853
  0.00001308473893780  0.00001384125000036  0.00001463106199491  0.00001547095535662
  0.00001635790620938  0.00001728655559505  0.00001825647583431  0.00001926794232302
  0.00002032223533391  0.00002143822315286  0.00002256962852620  0.00002375291789516
  0.00002500289413202  0.00002632005874499  0.00002767666671678  0.00002904807198628
  0.00003050595724674  0.00003200257752296  0.00003355829941628  0.00003519768552484
  0.00003697712114005  0.00003888958394213  0.00004082814007216  0.00004288052600979
  0.00004501042101712  0.00004727679333124  0.00004969500137698  0.00005216627148942
  0.00005473234209838  0.00005756415626156  0.00006070764710295  0.00006402677559898
  0.00006751564298531  0.00007118825783946  0.00007505329559743  0.00007909976536893
  0.00008336941066003  0.00008807350907739  0.00009319737027473  0.00009866761522391
  0.00010440494500505  0.00011048409988273  0.00011709281112452  0.00012431993120725
  0.00013234070790666  0.00014109830304086  0.00015015256724866  0.00015973392192473
  0.00017124139421519  0.00018329392398516  0.00019507950508531  0.00020785370407486
  0.00022275494886896  0.00024266588117766  0.00026868359521481  0.00030002990603487
  0.00033545388928669  0.00037776187747556  0.00043068945457507  0.00049416778244387
  0.00057458156012562  0.00068639370783063  0.00083953009454773  0.00107584304275618
  0.00144870336997206  0.00201690594469425  0.00314420105362403  0.00543218221000207
  0.01177804290310427  0.03456770699390743  0.08266872034991637  1.00000000000000000
 -0.00247359702832269  0.00929773867448188  0.01933514254116146  0.02986794841438011
  0.04066236004484430  0.05201342481782249  0.06333165448772166  0.07390428686952361
  0.08373480926275070  0.09338665258004698  0.10309171064768562  0.11323474395021689
  0.12387911438677962  0.13490497377122423  0.14620215545312565  0.15742725729975493
  0.16819386914913345  0.17826543144923368  0.18819943131536529  0.19801579770425129
  0.20778284549163356  0.21763447161135532  0.22727383630278075  0.23675378333920744
  0.24611506681829878  0.25608152116451555  0.26646805501843995  0.27681574904918688
  0.28659735069341752  0.29676501332834937  0.30743700723586759  0.31795683168950584
  0.32839301785274994  0.33901318626959753  0.34918363855517137  0.35907095851058929
  0.36940383592267456  0.38047280347562906  0.39181322429141474  0.40262500767417231
  0.41347618723875612  0.42403866330362588  0.43479429493222144  0.44549028465742280
  0.45665027115072782  0.46775447867009973  0.47861985839928556  0.48929871258452801
  0.50025870829225338  0.51149793442341995  0.52272703174816704  0.53346053139750937
  0.54459161470337347  0.55521751616272685  0.56558465871474684  0.57567553320734011
  0.58649388576860773  0.59743081287428046  0.60745589725644500  0.61769695917781209
  0.62886341921904643  0.64014993964369871  0.65169272844092918  0.66278848216966479
  0.67432573124466577  0.68579419205149705  0.69759772806992892  0.70870888639447838
  0.71977498783782401  0.73019265164098857  0.74085944102041412  0.75036720121594391
  0.75921219123186090  0.76795119754522156  0.77782927237010424  0.78816537217249805
  0.79882021512248635  0.80871605476271935  0.81896333893664053  0.82933273566548615
  0.83995490110229676  0.85091962143938682  0.86182501026899572  0.87231398700113194
  0.88252624355680664  0.89221072990300299  0.90214339864722937  0.91179163305764588
  0.92207651198168117  0.93281949414617271  0.94448302021417208  0.95648053152898294
  0.96731018099147659  0.97825296542533036  0.98865826961248915  1.00000000000000000
 -0.00266173590691747  0.00991671199387643  0.01985867774506875  0.03031921492731932
  0.04061673321456780  0.05071823401169195  0.06123216015149747  0.07192364360599662
  0.08354442153075622  0.09545459744648443  0.10693947904106692  0.11746620949285719
  0.12797179556314475  0.13839848572269003  0.14864993018843903  0.15882297575792959
  0.16867817663011464  0.17821385480121296  0.18769344474690788  0.19815752422157920
  0.20899727150841849  0.21950821910049875  0.22971076996518813  0.24030528886617750
  0.25121190322036102  0.26202726905921964  0.27302766321694244  0.28446283012321216
  0.29542004277184924  0.30536913737564314  0.31491967565475504  0.32476705616996154
  0.33484157658434160  0.34548650102822109  0.35606345380125698  0.36658630066143461
  0.37693212389289088  0.38749776867072577  0.39873454522347640  0.41043777703238304
  0.42141658446524211  0.43277362810779352  0.44359981550396826  0.45461522612417565
  0.46518120363639109  0.47566310119032723  0.48652190554588942  0.49734260919118256
  0.50823986636973506  0.51913813878687165  0.52957181454197444  0.54020302928400665
  0.55070638655852588  0.56093997779875682  0.57145723916939695  0.58225646212896942
  0.59369333578500638  0.60438072465634740  0.61405536622941037  0.62402933320009268
  0.63276697850231789  0.64355558611170383  0.65402235594261648  0.66477556416356121
  0.67480210410229702  0.68421804304048583  0.69371254828093776  0.70378770061809448
  0.71403649991395646  0.72433421432861367  0.73495310468855390  0.74555133087562842
  0.75543514179136761  0.76563306964924704  0.77595540907053506  0.78631387831970456
  0.79640802325838744  0.80669549202443480  0.81655387294232573  0.82597955033810089
  0.83615648176949176  0.84696000490328016  0.85793249582271469  0.86871173187083039
  0.87940270236827434  0.89000657175386866  0.90048661775882710  0.91127358320261331
  0.92247653741622659  0.93422775453246221  0.94576355982515459  0.95716675790005623
  0.96784049003604722  0.97843793656603739  0.98863073210235841  1.00000000000000000
 -0.00222684871378177  0.00844858392020332  0.01809854261162461  0.02868410715059187
  0.03941613213699523  0.04992731121612908  0.06052423110390333  0.07120654313990141
  0.08146580119899288  0.09135727838461209  0.10140431003210970  0.11211424906619138
  0.12333880005376745  0.13409691118400646  0.14406677855760630  0.15377538554441117
  0.16390993722168712  0.17427012958695232  0.18468528639035911  0.19515435654671062
  0.20563027825520319  0.21585191313717172  0.22675043105270093  0.23822389855863435
  0.25004511828305870  0.26170908042960694  0.27342027182063100  0.28517163641101079
  0.29624966198331565  0.30688229986518700  0.31750228364694882  0.32804185079315190
  0.33813974797202029  0.34777558091239069  0.35693069479784162  0.36604554081786217
  0.37499215241946227  0.38448822376795783  0.39405860665389353  0.40402315513378340
  0.41445612321457093  0.42456985541315656  0.43525825576022359  0.44606949107928356
  0.45736809034413783  0.46720746525751583  0.47657855361323465  0.48604853719128854
  0.49614517428746685  0.50679168243421324  0.51748002986728681  0.52857453041298330
  0.53954548181147588  0.54999381497130517  0.56040010348077152  0.57116318457830151
  0.58224968051571335  0.59319539429201662  0.60441588337447683  0.61605673923595672
  0.62808791737385838  0.64013400482778859  0.65172204359537889  0.66294524751293615
  0.67324693031859717  0.68357985987513803  0.69355998968317878  0.70382941926831422
  0.71416614026998282  0.72451931121367985  0.73502105725808342  0.74592151634424941
  0.75712689963728164  0.76854134557252873  0.77960297533042622  0.79072256476383151
  0.80184817847733525  0.81311181403575317  0.82415265149713779  0.83504992458649152
  0.84546711432964716  0.85552981911437331  0.86523140180016300  0.87469738383216655
  0.88519105381644014  0.89633489231028995  0.90771433169540894  0.91853809206746373
  0.92891571933921357  0.93906384925682118  0.94907490351987134  0.95933839651592789
  0.96997643214146867  0.98037953175518522  0.99013707705699328  1.00000000000000000
  0.00001843128177033  0.00018972408898623  0.00055058993776683  0.00103129473466183
  0.00155607713369134  0.00198141915265066  0.00238043935071910  0.00280681911339940
  0.00324207458692515  0.00368181298743066  0.00412394504329333  0.00456501877240424
  0.00500110176708757  0.00544384345993256  0.00589231531058617  0.00634611624487777
  0.00681752662025660  0.00731148388131176  0.00781288186266313  0.00831568932367170
  0.00882156346814020  0.00933887266333366  0.00986807797448800  0.01041155688583400
  0.01097083011116322  0.01153959565869976  0.01210390230096492  0.01266214749861524
  0.01322225451005513  0.01377908243144479  0.01433712059280062  0.01489412606106324
  0.01543695105450104  0.01600541177819336  0.01658998113991373  0.01719449478558123
  0.01782162344246918  0.01846070721338492  0.01915841768327764  0.01986238952307376
  0.02057216185005261  0.02129679715773831  0.02204063675073250  0.02279735952137042
  0.02355685497820106  0.02431212570754995  0.02510355658968019  0.02598100109052417
  0.02691229087460068  0.02786418779781123  0.02878848334451722  0.02964954109477723
  0.03048465600715898  0.03133622150719892  0.03221668838277737  0.03320262463686058
  0.03418201273023539  0.03534070960663074  0.03649031577151045  0.03765423495328386
  0.03889987083471048  0.04007702991385673  0.04127995423328743  0.04251294516038249
  0.04372607297793273  0.04495154900691482  0.04620257913700881  0.04754647244720626
  0.04884858931125511  0.05013873033749205  0.05143718807580203  0.05275953078688040
  0.05415569163405339  0.05595571127181504  0.05811469401952930  0.06026173318891259
  0.06231592012426964  0.06435104553925637  0.06622162287066326  0.06811461489790428
  0.07081939920280617  0.07413921725696990  0.07666334823439658  0.07948466293722244
  0.08330953409941848  0.08776155941998773  0.09322055905303976  0.09781564969073511
  0.10170422790167934  0.10683832136850280  0.11380157601247635  0.12244025085627971
  0.14801385460299998  0.17194767608997713  0.50080396128898874  1.00000000000000000
 -0.00231311141085030  0.00991851687111329  0.02056114335188020  0.03166308923303975
  0.04333415387950532  0.05509546018407610  0.06628222831631003  0.07746182166862144
  0.08793782346589021  0.09822602428450596  0.10874813216969513  0.11946063639080609
  0.13015962471397172  0.14078295701441329  0.15185145018711890  0.16347366672817634
  0.17493874328480305  0.18634953408429233  0.19784172752252779  0.20925062168201095
  0.22018459712769997  0.23079670795462093  0.24143784547374364  0.25190854077090452
  0.26233506377335580  0.27291543926977224  0.28369742290033184  0.29381794328837108
  0.30312777098373073  0.31221417358964032  0.32169129008938013  0.33172022428835019
  0.34165523206706522  0.35151679012808190  0.36126129594834938  0.37099444292701245
  0.38112761382446741  0.39141833322590269  0.40201212433082767  0.41264801432672787
  0.42301605223941369  0.43265777481935619  0.44136839043172088  0.44954944248125195
  0.45766884913617711  0.46644651080717542  0.47587998178620672  0.48555499844845673
  0.49499862422838931  0.50400898395999483  0.51304012032578306  0.52243322713266205
  0.53208549298160501  0.54176891746629663  0.55133814426844052  0.56084623928159094
  0.57074997758541413  0.58107183544273544  0.59121646151384200  0.60090146548266798
  0.61060081737752447  0.62064005597266170  0.63092405953168906  0.64105389860299966
  0.65116070495124212  0.66142135579738504  0.67189400223745921  0.68267995966948369
  0.69374979787465485  0.70478931451517257  0.71553198244918337  0.72624987960275122
  0.73717016984646033  0.74799857884029797  0.75842852261000648  0.76871798425826077
  0.77927433899766130  0.78993935274385951  0.80044244188036373  0.81129551057898697
  0.82318767088855815  0.83469747459474974  0.84660824011073765  0.85831361321079092
  0.87011451293057307  0.88106785069055593  0.89239616242922271  0.90435529655415581
  0.91663422430577202  0.92904554897478531  0.94084234659825117  0.95231684645495807
  0.96357294270432881  0.97486393173400976  0.98694994097797262  1.00000000000000000
  0.04293830685207047  0.21633740530285511  0.31954410662883775  0.39665012630169050
  0.45749138189642718  0.50835680892353252  0.55139731113209334  0.58793435940088956
  0.61959753268205764  0.64676106182229420  0.67111949080687794  0.69322003640604946
  0.71306551705955734  0.73118847458358927  0.74781923865920275  0.76282897001045846
  0.77645466468751112  0.78919405711177659  0.80070269235129388  0.81151831957652520
  0.82159266279770993  0.83114935860594630  0.83987691662505437  0.84793580158003812
  0.85556891917301292  0.86262494252331801  0.86930599091988359  0.87560924417576380
  0.88156874758634618  0.88719489538155305  0.89244279285989425  0.89730211709998331
  0.90174483122001092  0.90600813951253634  0.91006223095370242  0.91397718323855803
  0.91768919148048600  0.92115055405756074  0.92454466338089758  0.92781510643554244
  0.93095798999945700  0.93395885703867354  0.93681996014207947  0.93951259852126312
  0.94204113019555813  0.94447408399538813  0.94687791468194671  0.94909961768865514
  0.95126059088880399  0.95334037506617564  0.95542000377362180  0.95739785636661912
  0.95924399540308491  0.96105017631570600  0.96278515783939322  0.96451042551762678
  0.96612791455581049  0.96768144433454484  0.96917770170706108  0.97061741549645475
  0.97201012157559974  0.97334974180723166  0.97462426198111607  0.97586305995385447
  0.97706484897619594  0.97822751788078377  0.97931345980934392  0.98034171290936534
  0.98136632173433769  0.98236311937246734  0.98331587164674472  0.98421455739525998
  0.98506717556244050  0.98588248645824983  0.98666474739068555  0.98742268037130931
  0.98817989148334018  0.98885841895607618  0.98953255236233228  0.99019409648576440
  0.99084376847059563  0.99148168115124569  0.99210128896794736  0.99271336235196961
  0.99331647258395195  0.99390413382342013  0.99447216502859370  0.99501718258437688
  0.99557172335761734  0.99611742256880798  0.99665312704368925  0.99719180151578324
  0.99778949704368280  0.99844705150713531  0.99918420027275967  1.00000000000000000
 -0.02103033797559697  0.10367948554240353  0.14266473209008593  0.16739624095853423
  0.18783464790809754  0.20517201573122187  0.21966525165870626  0.23274176982037703
  0.24496924427922059  0.25650194790057224  0.26723261979326102  0.27779644665724890
  0.28825633402867951  0.29874089195509301  0.30889499413254623  0.31848323107737941
  0.32703475594319525  0.33525787955887387  0.34306856623120935  0.35093800036329037
  0.35905681883194590  0.36723571829276830  0.37541513871514526  0.38337528413722011
  0.39102453085385008  0.39835868830876581  0.40620384397796977  0.41354067436591796
  0.42122654534113096  0.42807883224939058  0.43502748965147336  0.44191404964110209
  0.44867906521825018  0.45513316407424276  0.46138365784389379  0.46757104233026747
  0.47402957329690493  0.48061260862034771  0.48722815505720019  0.49384112134657870
  0.50036626845678611  0.50679497184610178  0.51330551748395248  0.51987205815617776
  0.52618796025253767  0.53226067837277335  0.53806151560743254  0.54367459933033557
  0.54936375274664595  0.55522913309331057  0.56134344078050591  0.56761141104710611
  0.57383860403587539  0.58010104055991496  0.58663027509516585  0.59231017212968651
  0.59824193947226689  0.60385979148075453  0.60970205952545353  0.61574600220921472
  0.62212307926607724  0.62829378342608788  0.63412128138528301  0.63961883672522468
  0.64488515804413848  0.65018633622561117  0.65560045453450733  0.66119712726228785
  0.66710592926359791  0.67329023501041763  0.67964603780545374  0.68612540096927721
  0.69274124737847664  0.69930482761830071  0.70548045959811978  0.71190968189591708
  0.71866612272655594  0.72581783021734525  0.73295749047466441  0.74003020644578754
  0.74725562961594272  0.75483286120839954  0.76273972643112264  0.77089487556298697
  0.77972185310884479  0.78912439516939914  0.79881895488017407  0.80858701147846823
  0.81870229615516277  0.82969832512888664  0.84219084481795214  0.85591525728470286
  0.87131375547888956  0.88970945537477741  0.91957784117023711  1.00000000000000000
   1.2325657480911278E-009  -1.0000000000000000     
 F F F F F F F F F F F F F F F F F F F F F F F F F F F F F F F F F F F F F F F F F F F F F F F F F F F F F F F F F F F F F F F F F F F F F F F F F F F F F F F F F F F F F F F F F F F F F F F F F F F F F F F F F F F F F F F F F F F F F F F F F F F F F F F F
  <DiscreteSampler_grid>
  grouped_processes
  1 # 1 for a reference and 2 for a running grid.
  10 # Attribute 'min_bin_probing_points' of the grid.
  1 # Attribute 'grid_mode' of the grid. 1=='default',2=='initialization'
  0.0000000000000000 # Attribute 'small_contrib_threshold' of the grid.
  0.5000000000000000 # Attribute 'damping_power' of the grid.
 # binID   n_entries weight   weight_sqr   abs_weight
    10   10   1.053419656860847E+003   7.682296907212017E+006   1.053419656860847E+003
  </DiscreteSampler_grid>
