  0.01016332182750073  0.01370367150233096  0.02035127141774157  0.02896317898011188
  0.03951244432016317  0.04959886153047018  0.05942189967178906  0.07027368589461193
  0.08149219155063810  0.09059420867745921  0.09832771087245948  0.10511401776338034
  0.10991318737469821  0.11468845701364752  0.11966520014218555  0.12570336344263280
  0.13426144262936576  0.14252579208817845  0.15309966564679431  0.16635703209852054
  0.18218279879932051  0.19904525841877405  0.21404702735669090  0.22779514812343740
  0.24165369765331468  0.25573193005264172  0.27210310358453160  0.28632175247167585
  0.29807535498960513  0.30806190481703799  0.31781235822826853  0.32802741194459695
  0.33807923593937173  0.34706530999916541  0.35518936074858931  0.36289346562942948
  0.37122136192626409  0.37819245967119641  0.38512269391937909  0.39187356347070185
  0.39754808439016770  0.40326282643702643  0.41089112718785820  0.41948725733056247
  0.42918624576852565  0.43949444867344772  0.44899255344660627  0.45796893325901644
  0.46788227832985918  0.47848736826880900  0.48999115171389729  0.50230809342820393
  0.51559155673413837  0.53100124658126857  0.54555049673000855  0.55778165899592402
  0.56676169708031610  0.57347721398981233  0.58089547188757995  0.58927434208724438
  0.59692369088426256  0.60501990180741561  0.61382275458768598  0.62330657579494220
  0.63921901673582304  0.65219596475804298  0.66311004662114126  0.67252958159979692
  0.68189663304029402  0.69105611575538894  0.70099523019910626  0.71117969079527410
  0.72141529912441849  0.73160714837346053  0.74207821965899945  0.75510433157693357
  0.76882080774546846  0.77929377314918702  0.78915553687458295  0.79903312087794187
  0.80825421675614684  0.81878497733109390  0.82933407458560071  0.84121566316085961
  0.85363915799672274  0.86562274215331636  0.87703995631656806  0.88992694069012390
  0.90196591824686001  0.91285512635691957  0.92340968562183923  0.93446087245274356
  0.94608980811370980  0.95970901093095740  0.97532976071931676  1.00000000000000000
  0.00000289010430512  0.00000384756170353  0.00000478086794304  0.00000596991710679
  0.00000772649376447  0.00000973412461242  0.00001231319338818  0.00001531081543687
  0.00001913921418843  0.00002336263495029  0.00002657167741962  0.00003061794712857
  0.00003503368179811  0.00004120704663317  0.00004897364614349  0.00005806541076146
  0.00006954396708408  0.00008309390597775  0.00009676504459634  0.00011002186932975
  0.00012204844166665  0.00013756527298504  0.00015219497235129  0.00016943512904638
  0.00019095187474862  0.00021664459588610  0.00023857067203637  0.00026027117929303
  0.00028649698867094  0.00031514791698026  0.00034868655607577  0.00038658193727620
  0.00042803930037932  0.00047375636300358  0.00052073486661932  0.00057064660893680
  0.00062073553429252  0.00067089200289362  0.00072052402617467  0.00077052597436422
  0.00082177106398214  0.00087858788022485  0.00093888013985105  0.00099599455002326
  0.00105818131683665  0.00112812531004348  0.00119965215205036  0.00128383658255542
  0.00137821196199604  0.00146064617274946  0.00154037784220026  0.00163072247191214
  0.00171728894803795  0.00179942880101967  0.00188991541536189  0.00196295925069431
  0.00206312439816508  0.00219034333366406  0.00231124106092515  0.00243077179805122
  0.00256656026488046  0.00268039182746614  0.00281165237375942  0.00299742341115727
  0.00324686491289129  0.00353397213124848  0.00381100827099868  0.00402420584598899
  0.00421064700900261  0.00440280626859553  0.00460923042025250  0.00481482756977723
  0.00502076314306144  0.00528535920479465  0.00555445366271564  0.00576341639729590
  0.00591272045241069  0.00604268380039291  0.00618463173886202  0.00633297411824771
  0.00646771616399438  0.00661234271394667  0.00675926261531034  0.00699249825269967
  0.00742257542015916  0.00798306307961250  0.00857085009923899  0.00935476357974349
  0.01025258777221835  0.01120483623125568  0.01201411989918749  0.01277426130608000
  0.01341479560136062  0.02311186559523586  0.03912573277713889  1.00000000000000000
  0.00000221010201727  0.00000348953994816  0.00000443759429858  0.00000571745708717
  0.00000729634539290  0.00000923560932296  0.00001161527410084  0.00001398033559530
  0.00001624867445714  0.00001853998272322  0.00002156743933604  0.00002556599806694
  0.00003184516821113  0.00003898384646627  0.00004708878324305  0.00005433055936403
  0.00006142383044128  0.00006922131059437  0.00007713283984053  0.00008898409075537
  0.00010204431991937  0.00011560063835211  0.00013093538756490  0.00014765261276157
  0.00016514567418903  0.00018543007710925  0.00020966945317734  0.00023784912935847
  0.00026566701178626  0.00029108922433908  0.00031716128871137  0.00035124004896558
  0.00038614310585925  0.00041838511284180  0.00044793413574296  0.00048516470168475
  0.00053027347237825  0.00057390187308923  0.00061878597236905  0.00067186110818614
  0.00073622149980668  0.00080295915208356  0.00086376119878480  0.00091493708092281
  0.00096554425356318  0.00103136520160802  0.00110316173174986  0.00117789590581333
  0.00125179128334611  0.00134644499570081  0.00147376419227038  0.00158003597485931
  0.00165689220910797  0.00175262764402216  0.00187076409618016  0.00199233904199772
  0.00210697743603774  0.00219873346919681  0.00227425858991471  0.00234473576140399
  0.00244615637569589  0.00256591843442230  0.00268069261044224  0.00279552718638126
  0.00301031287526524  0.00325218402315913  0.00341545962050116  0.00350865853398908
  0.00372149703637954  0.00395539591503784  0.00419645882961671  0.00444202973302744
  0.00469783784963901  0.00497494796578509  0.00523047290727109  0.00550401195736901
  0.00574877458584894  0.00597287612048633  0.00618872216224386  0.00640843431963152
  0.00664172138816467  0.00686958991539441  0.00718269394792165  0.00748933665923763
  0.00764117661122021  0.00803240189161930  0.00857081466515489  0.00921614060758240
  0.01012419182333366  0.01067257544398810  0.01111618006133606  0.01298850810529591
  0.02103801599065811  0.02908752387602032  0.04171851487294758  1.00000000000000000
 -0.00237063674953505  0.01043348822509303  0.02197394025235110  0.03312397858157685
  0.04712625273545711  0.06148047177079546  0.07784280323145595  0.09395289510951298
  0.10925035199139382  0.12589620119535999  0.14414232711035502  0.16267179093243792
  0.17687338981191025  0.18649161884410784  0.19597685227843650  0.20486031910298452
  0.21600148144586223  0.22685719396556045  0.23904991650242749  0.25337966848106075
  0.26854790468405643  0.28050755247805698  0.28996206643794442  0.29896124428020476
  0.30870759428666844  0.31994680609955445  0.33249388321180978  0.34592834165740954
  0.35835845253395060  0.36867169785369774  0.37803110508228149  0.38754256757705574
  0.39842056461181274  0.41267903583454602  0.42472760606455517  0.43490601190038841
  0.44297587336307948  0.45037755420482528  0.45659561556351619  0.46336177965341591
  0.47018924238717053  0.47786935727876034  0.48556472818234475  0.49297173344659967
  0.50011618300820493  0.50977024917389036  0.51923808566503582  0.53013804698443390
  0.54188478947119945  0.55336649906827051  0.56462304561215337  0.57491694431419671
  0.58681751557129536  0.59968482197336248  0.61221961309089923  0.62365750954141019
  0.63649959901249853  0.64945878681046609  0.66181617076083454  0.67663660288485294
  0.68974433890060960  0.70147682717027249  0.71315725761815174  0.72479658574141737
  0.73633198544150480  0.74820630771071084  0.75969648374922194  0.76946228749610901
  0.77698242715593480  0.78401148775828522  0.79267709067583014  0.80105822597415266
  0.80905760167816110  0.81688953697481559  0.82705691061311049  0.83976948392688588
  0.85092534707889378  0.86029699597420095  0.86765483508606034  0.87469736753204708
  0.88289543929579717  0.89112796079849022  0.90075165610443386  0.91234348706826862
  0.92266362841447669  0.93228246204787402  0.94133483069517032  0.94944087925358089
  0.95596480147589602  0.96113370008499466  0.96585518202415865  0.97168965309710364
  0.97805397494729851  0.98480190931220035  0.99246437038475599  1.00000000000000000
 -0.00261228658953455  0.01409814575389812  0.02640677610801737  0.03641557617722301
  0.04726374551934709  0.05662067813998497  0.06687481813270869  0.07485480489009408
  0.08360224542745295  0.09384978249655926  0.10633969921319666  0.11924481526779832
  0.13048124055321131  0.14064995653530260  0.15115650100301656  0.16212643953329225
  0.17314431820012505  0.18175059959025189  0.18740637121124495  0.19331231400782897
  0.19876753541177133  0.20409811724192675  0.21054518045277687  0.21937327715408128
  0.22980473918013863  0.24166764963331952  0.25481085598373732  0.26848549031619706
  0.28004469410865218  0.28891256089385076  0.29671292010680156  0.30432615212982189
  0.31258301392354487  0.32248681910427796  0.33419283931345256  0.34649395164582586
  0.35823682237970894  0.36953209737451098  0.38128906087481473  0.39271793875717248
  0.40358851380644550  0.41610485646446571  0.43151798156642396  0.44772547358866199
  0.46126319966774687  0.47339522775869064  0.48559439521712805  0.49739650542446556
  0.50892525712456971  0.51990346736838788  0.52917967312350400  0.53955222200959518
  0.54944463556454692  0.56010856451364976  0.57237748541219202  0.58562183622197028
  0.59838997138390981  0.61003591898968823  0.62047070969856633  0.63009478645368477
  0.63750246579578640  0.64655905775269862  0.65733404321529143  0.66922185348325547
  0.68054066227858545  0.69025300231446240  0.69922917091857018  0.70842439243518307
  0.71728209833432144  0.72563336979847559  0.73486351988185572  0.74452373187965493
  0.75552224964520875  0.77062416350861351  0.78432270533880788  0.79929083632990572
  0.81107478535000044  0.81948346721861665  0.82910187261232149  0.83866725582689305
  0.84716683404045068  0.85539317739915177  0.86442438687307355  0.87222093716275129
  0.88334739107525873  0.89648971450240822  0.90804044942970441  0.92090621640544312
  0.93367254723228632  0.94575324112816272  0.95712253527892688  0.96658402139880928
  0.97378296913125972  0.98154039224689060  0.99045199688951779  1.00000000000000000
 -0.00175644066363870  0.00638413035223906  0.01646688104473516  0.02619455454378732
  0.03523769208111484  0.04409515780631956  0.05316175814943427  0.06203368290728173
  0.07041556673389432  0.07875135846524778  0.08711387498496807  0.09548072191799883
  0.10272987181250079  0.10998181727267785  0.11747507098729519  0.12614620067829402
  0.13992016778074368  0.15104374643418933  0.16004265195474007  0.16885917150857363
  0.17861237729774199  0.18927571633046991  0.19813107372992725  0.20797433211318433
  0.21766260618437072  0.22466610698528186  0.23120851832283798  0.23796040766026999
  0.24642956388839563  0.25642487982926443  0.26644750401279699  0.27797209608687712
  0.28926338994614487  0.30009473027743122  0.31261626971053180  0.32842011838884699
  0.34554382222431801  0.35682527528989005  0.36421543482261370  0.37254626255215190
  0.38021312101857507  0.38761806846806823  0.39650421867940439  0.40729480206181845
  0.41768197880937469  0.43125490733874550  0.44316921266863507  0.45319699793553170
  0.46412019236185309  0.47668922347675213  0.49179420148451369  0.50628426170637320
  0.51995371335081075  0.53202227191105911  0.54197098697948909  0.55274507507160064
  0.56398261546969264  0.57571435610809651  0.59111866833478699  0.60575050150872278
  0.61869077114925597  0.63009184713166810  0.64145270830853496  0.65367280763051472
  0.66867706756989431  0.68280463468031916  0.69787308466113596  0.71252810611134287
  0.72763545211682312  0.73718524074346448  0.74510047889222419  0.75164761120440171
  0.75788041478120893  0.76478675254853279  0.77291124535401745  0.78194825964851655
  0.79025048319127356  0.79994789148953938  0.81132350876184844  0.82082224475100196
  0.83125283180928733  0.84311379481390658  0.85587810762336058  0.87157338843980636
  0.87818578666230984  0.88524536793508168  0.89209236797582792  0.89987972598454102
  0.90904622778524891  0.92107487375107866  0.93333212289463408  0.94553320106603456
  0.95919922475774189  0.97184007576481246  0.98637220111254487  1.00000000000000000
 -0.00059818120198181  0.00230007502539223  0.00464606697118730  0.00652624147912970
  0.00829971267640495  0.00979009530872915  0.01116315938950056  0.01245035259717812
  0.01364462414241260  0.01478993360876376  0.01585760398346107  0.01682182130629450
  0.01780974247771125  0.01881069209264819  0.01978914687855632  0.02064343947843047
  0.02130777883968530  0.02187054501703848  0.02242732349292131  0.02293658945445814
  0.02349998449486367  0.02412315968457435  0.02475239767807821  0.02537827027250919
  0.02618308663416886  0.02669669066172791  0.02718624697899368  0.02764145146971342
  0.02811680529075998  0.02870507149598334  0.02930672647893055  0.02992847211887322
  0.03071688401466599  0.03151792766558174  0.03233013034521182  0.03315825361220809
  0.03395514821522522  0.03477206763672124  0.03562701021285167  0.03625940395574120
  0.03684674778829979  0.03742821730414358  0.03794663763137456  0.03856711085351953
  0.03933021363062971  0.04007799063428834  0.04051408255140380  0.04093307788874648
  0.04132031815499133  0.04170557157915026  0.04208876554137726  0.04267668482753886
  0.04355799828960614  0.04451747982221903  0.04552945493809025  0.04675046919938605
  0.04788710102438692  0.04891479415657596  0.04992557190915332  0.05131744502846309
  0.05297542214852741  0.05412848358956251  0.05493109664670216  0.05552843149808402
  0.05600685196655902  0.05657129302958551  0.05712838709364430  0.05772916549540984
  0.05831917429702890  0.05917313707203799  0.05991390913177405  0.06073809137487459
  0.06164594978651845  0.06240326507593193  0.06309151292592236  0.06383431636646354
  0.06432388928516929  0.06479309332248126  0.06537010446682984  0.06625605601133008
  0.06708802079094639  0.06817858164875520  0.06968111043502385  0.07237985841611622
  0.07401648557161222  0.07516293968581093  0.07612918290108607  0.07906454310064376
  0.08082396355178170  0.08254629797953744  0.08627718568673488  0.08840368593799146
  0.09022526955870708  0.09362334044027251  0.09444737946243902  1.00000000000000000
 -0.00110927985139507  0.00419394576780840  0.00917856689051039  0.01473839978727991
  0.01890699681915217  0.02306695643900089  0.02734034479079799  0.03115450186588542
  0.03507772053131074  0.03949835000547074  0.04641073474478394  0.05365460098811787
  0.06015302420297271  0.06746756771972957  0.07598468709215332  0.08336899085673252
  0.08939305406344537  0.09540500425341000  0.10203859606290541  0.10991225978300112
  0.12482164442952809  0.13682953444757626  0.14724094599865922  0.15679768255408130
  0.16785178322005401  0.18124675766746937  0.19402666194759452  0.20707550240997730
  0.22102040595240227  0.23689221421616333  0.25365413188180630  0.27206764505910325
  0.28958590315250371  0.30626421966915152  0.32426435166341172  0.33806456190574097
  0.35054752545239942  0.36448317709263828  0.37879401819832242  0.40154808036976408
  0.42657818937593694  0.45048138206032340  0.47066829762397960  0.48748110515834447
  0.50189753319727903  0.51607888779828948  0.53197746106473864  0.55162716479287122
  0.57026644210300026  0.58977657302972963  0.60524435304091950  0.62028939485776202
  0.63553363455921352  0.64989530323872224  0.66271125827505972  0.67394909609520148
  0.68498654830912842  0.69524599206776116  0.70610518148186108  0.71766981938352059
  0.72969885322699346  0.74290223579013159  0.75470727818559102  0.76395181353764952
  0.77165775696369787  0.78034914628088758  0.78977903038604724  0.79855508420213539
  0.80809648370571041  0.81837561704536965  0.82686987959112479  0.83756986537067113
  0.84706503306559888  0.85761769224349793  0.86683620405280104  0.87680823504655769
  0.88612456799832906  0.89437635687378847  0.90146842440294417  0.90771148247964761
  0.91409624109772747  0.91972732944817015  0.92520748294956368  0.93155196871802981
  0.93797397897690782  0.94407307000835639  0.95007103076862143  0.95604371001186139
  0.96125680712824357  0.96544374866511573  0.96986237378873030  0.97472573312499311
  0.98036870861478576  0.98731315614197446  0.99375403798399375  1.00000000000000000
  0.05438674902682735  0.21884596621982463  0.30015110116384830  0.37151148085648555
  0.43197431899605099  0.48440971086759704  0.53013235700937356  0.57222738894176839
  0.61249276856719259  0.65019976192094986  0.68256367499164383  0.71295950302411037
  0.74259409149100164  0.76941741771334549  0.79085161531781112  0.80989655641257963
  0.82695766414509941  0.84305423087183062  0.85742560120098277  0.86932664678233929
  0.87976263868373750  0.88963468522681655  0.89928432424592886  0.90814901737845899
  0.91605845440645051  0.92272480551805192  0.92895369520246263  0.93510459837760718
  0.93994402095876550  0.94422978713532368  0.94795183694490504  0.95154210755648283
  0.95482106229814501  0.95777757475767145  0.95975754671689628  0.96158206610341979
  0.96344817513693404  0.96538239033710738  0.96714844625318308  0.96849569848569350
  0.96970261987900319  0.97085123902757808  0.97205865082583476  0.97344988010990030
  0.97469188643298710  0.97591876553567158  0.97710054366425614  0.97831618034224388
  0.97940736520880345  0.98042654238076621  0.98134300448786371  0.98222080630883224
  0.98308619317678680  0.98395432559438767  0.98483214892627025  0.98566927724332698
  0.98642197577672019  0.98718787172696842  0.98792742022453972  0.98860037888402730
  0.98920148445293432  0.98974841833775218  0.99025130696957653  0.99071000444362989
  0.99111986798512408  0.99151871982210360  0.99192258057295268  0.99224273874065272
  0.99254648617157359  0.99283932299618805  0.99312617103475587  0.99340166800666185
  0.99366958469903288  0.99391586013471789  0.99416165850736737  0.99440654099376369
  0.99465359005670118  0.99490266272014782  0.99519976462208981  0.99550010688238488
  0.99577442658786197  0.99602142948592542  0.99629283971237437  0.99656415381527685
  0.99683265085368145  0.99711659642815798  0.99739994497238171  0.99762868634401947
  0.99785721672589756  0.99808297743343466  0.99830873814097165  0.99854573533710789
  0.99878294684315283  0.99916678393209002  0.99957934157230943  1.00000000000000000
 -0.01716578242654852  0.10534911725558181  0.13878465326010767  0.15765717125706480
  0.17336096775325771  0.18912161217735410  0.20407335701877197  0.22128644530301433
  0.23697014190081719  0.25217428441700451  0.26763419318044979  0.27879882785458054
  0.28653296318848948  0.29398974891133445  0.30184373746515808  0.31018046427981644
  0.31835127392445567  0.32546019360828310  0.32962201209305331  0.33404173244696450
  0.33805736026252692  0.34232269170684682  0.34667257790687717  0.35428831879821970
  0.36445383572693618  0.37517053903786723  0.38446886030636052  0.39259981229709889
  0.39978278964320524  0.40606229607835242  0.41330593269155180  0.41927132105846043
  0.42436525918640272  0.43023133780690920  0.43743317737635407  0.44491149802672120
  0.45175344801342632  0.45848898379413783  0.46469587248037131  0.47119233144660549
  0.47759284486551989  0.48467030925959165  0.49231297872863861  0.50063119420347546
  0.50933340553651363  0.51789758664653163  0.52412213876734493  0.52921298637405034
  0.53467576468718758  0.53917760421826733  0.54304869601770278  0.54639298318761975
  0.54966265019682803  0.55308707432967330  0.55707516051050576  0.56136835150873743
  0.56611088410106580  0.57110088272649639  0.57605574982499164  0.58139007670747522
  0.58840699074276848  0.59711371113715306  0.60568868965253153  0.61353482443583951
  0.62178783795035231  0.63073607615320149  0.63966266541035588  0.64800147093045046
  0.65604708378842846  0.66397196444496787  0.67124729621807577  0.67853519391854455
  0.68635829270273607  0.69445612750222829  0.70132738943080430  0.70732029780790306
  0.71338966269090265  0.71994613208731506  0.72662295649810049  0.73581715234309275
  0.74659575459457028  0.75611562152235512  0.76559741279126892  0.77479974545038643
  0.78320778999763940  0.79019395410030802  0.79690282366272369  0.80354581049251761
  0.81195264284285318  0.82324621040819612  0.83485720521797535  0.84731645383203180
  0.86268806534045483  0.88497425497413218  0.92235637558799155  1.00000000000000000
   8.1150223752054558E-008  -1.0000000000000000     
 F F F F F F F F F F F F F F F F F F F F F F F F F F F F F F F F F F F F F F F F F F F F F F F F F F F F F F F F F F F F F F F F F F F F F F F F F F F F F F F F F F F F F F F F F F F F F F F F F F F F F F F F F F F F F F F F F F F F F F F F F F F F F F F F
  <DiscreteSampler_grid>
  grouped_processes
  1 # 1 for a reference and 2 for a running grid.
  10 # Attribute 'min_bin_probing_points' of the grid.
  1 # Attribute 'grid_mode' of the grid. 1=='default',2=='initialization'
  0.0000000000000000 # Attribute 'small_contrib_threshold' of the grid.
  0.5000000000000000 # Attribute 'damping_power' of the grid.
 # binID   n_entries weight   weight_sqr   abs_weight
    10   10   8.692433919639444E+005   7.552537421093648E+012   8.692433919639444E+005
  </DiscreteSampler_grid>
