  0.00889896663127154  0.01780871995486611  0.02745122202009041  0.03767510286558977
  0.04795940343473505  0.05877754832260254  0.07024474563194057  0.08140672009171740
  0.09207550972151894  0.10264084252755504  0.11309651955946673  0.12335366574277871
  0.13318995314815255  0.14302242970133222  0.15326337418322011  0.16400334751596532
  0.17482454657502369  0.18573022046977791  0.19641978663482784  0.20677946180515291
  0.21706339570098626  0.22751304879340328  0.23832794411850181  0.24939993625263948
  0.26106990358528387  0.27293383507955155  0.28460256702638120  0.29607337790346283
  0.30733182516514496  0.31835027930368193  0.32938456469107191  0.34083552853836208
  0.35280294455509648  0.36530199593237289  0.37810332492754734  0.39027230245565298
  0.40154185009767440  0.41218972417008781  0.42270890582820064  0.43325335692967537
  0.44357577553764493  0.45347034487234483  0.46310937309314409  0.47256783288552512
  0.48194017835781250  0.49145449580427036  0.50135309046385090  0.51158984483262504
  0.52153031704602060  0.53094834833066284  0.54044350630401661  0.55025809952994376
  0.56040578527839280  0.57116145452404499  0.58202514557438034  0.59253848419600275
  0.60245065475496773  0.61255189920282938  0.62319534302010171  0.63382313521016675
  0.64380071493257485  0.65309044795521665  0.66235598843761800  0.67219432385821454
  0.68204218780804160  0.69224248406572952  0.70287318192457304  0.71382340885056517
  0.72438855505699784  0.73488259478995277  0.74568662005152075  0.75571079505092209
  0.76486688689455817  0.77402385514791028  0.78282380386685013  0.79105840194950117
  0.79919227927935343  0.80781098882117786  0.81741783841441606  0.82859165916716293
  0.83976164177994661  0.85104711050424464  0.86208448256916592  0.87235099620830581
  0.88304245545298077  0.89337063127888605  0.90354125115809958  0.91381016400492998
  0.92386897791863876  0.93449456349271853  0.94511080135939973  0.95580176826632168
  0.96671558905692279  0.97738916414857446  0.98883415665052365  1.00000000000000000
  0.00000266296494306  0.00000274025964786  0.00000281657349094  0.00000289698596078
  0.00000297930533301  0.00000306001694567  0.00000313884161758  0.00000324429380700
  0.00000338247758758  0.00000353613360944  0.00000369133034623  0.00000387637940939
  0.00000406987313156  0.00000427603698822  0.00000450702027807  0.00000473825821340
  0.00000497966887517  0.00000525180021365  0.00000554154858827  0.00000584092247690
  0.00000615689366318  0.00000649045851878  0.00000684408572775  0.00000726123803943
  0.00000769265352917  0.00000815864527521  0.00000862020533443  0.00000909929654679
  0.00000961749879639  0.00001016583405930  0.00001074847076657  0.00001137606843947
  0.00001204746792965  0.00001276549950581  0.00001348188909875  0.00001419722787707
  0.00001492464365067  0.00001567684019612  0.00001647625788429  0.00001732696521431
  0.00001820104931117  0.00001911110345839  0.00002010882033060  0.00002119959529811
  0.00002234794553708  0.00002351497384378  0.00002489524625947  0.00002632542683244
  0.00002780768920449  0.00002937243237950  0.00003100442387659  0.00003268946809746
  0.00003456192861274  0.00003652333044395  0.00003846651505829  0.00004036496449518
  0.00004226860976347  0.00004426502290976  0.00004638846199867  0.00004862556615986
  0.00005102905774366  0.00005374971164088  0.00005656986548727  0.00005967277391326
  0.00006285916762657  0.00006624183645040  0.00006987189337220  0.00007357974994513
  0.00007811938148292  0.00008336885895371  0.00008886605378004  0.00009495335256286
  0.00010156469732303  0.00010878369427552  0.00011678275530128  0.00012566400070532
  0.00013548647921943  0.00014625684437237  0.00015803052646929  0.00017143117000597
  0.00018698935804509  0.00020506143065263  0.00022638983839810  0.00025339737151818
  0.00028649782396033  0.00032964905903561  0.00038641184727603  0.00046009213913767
  0.00054510265980576  0.00065575392862735  0.00083854074196471  0.00113386400700647
  0.00181510573423892  0.00601060891470597  0.17616030420964199  1.00000000000000000
  0.00000234409706390  0.00000261058569231  0.00000286892622829  0.00000313646325154
  0.00000339672155999  0.00000365660483018  0.00000395269788888  0.00000425320141703
  0.00000456690833687  0.00000489011966194  0.00000527025766994  0.00000569256703782
  0.00000613859351949  0.00000657638623479  0.00000703541439730  0.00000752106572775
  0.00000799221191622  0.00000844417211170  0.00000891172651274  0.00000942833412738
  0.00000996620408159  0.00001049505238613  0.00001102434557766  0.00001154903753680
  0.00001208228287793  0.00001265400773810  0.00001327020591899  0.00001393123024698
  0.00001465149067684  0.00001541820902688  0.00001620074736637  0.00001702918232707
  0.00001790902746792  0.00001882663882704  0.00001979751983572  0.00002075957672004
  0.00002175467638052  0.00002276642911787  0.00002382205234703  0.00002493956261504
  0.00002610023177558  0.00002728593543017  0.00002850064508898  0.00002977904118045
  0.00003116101546128  0.00003260487129471  0.00003413631810810  0.00003571748328326
  0.00003737204162327  0.00003908691990739  0.00004086270068830  0.00004277087267588
  0.00004483551699395  0.00004700755744205  0.00004924178549940  0.00005152562698747
  0.00005390358230341  0.00005634864959970  0.00005884990082649  0.00006150796216601
  0.00006418430628962  0.00006727345894146  0.00007054404077695  0.00007396807404303
  0.00007767810340997  0.00008175195061214  0.00008615315193715  0.00009100897829012
  0.00009635626756919  0.00010178648592111  0.00010775367333380  0.00011414319663918
  0.00012053637229445  0.00012789176984492  0.00013594227384950  0.00014502848775303
  0.00015535483416888  0.00016682281090217  0.00017918619263286  0.00019302492304069
  0.00020918199060816  0.00022910446114710  0.00025248665625782  0.00027944272824434
  0.00031235686391760  0.00035201609566056  0.00040061607298128  0.00045912410877210
  0.00053947352944700  0.00066059986487994  0.00083584229650255  0.00112254782398610
  0.00167200372813657  0.00482485348226492  0.23890583471896129  1.00000000000000000
 -0.00272594931254750  0.01021455632823707  0.02138205613183634  0.03160096166710116
  0.04186588862160100  0.05185392909629945  0.06222405355987076  0.07304146139918057
  0.08477699398103099  0.09668380485759863  0.10786609340457939  0.11843964786444799
  0.12887184201770327  0.13972075703091688  0.15139506076797815  0.16312746213801624
  0.17477078793155093  0.18577850912104310  0.19649488885501284  0.20758384030263832
  0.21890799021879231  0.22985716218767518  0.23970262703282141  0.24887742597001764
  0.25801285339668673  0.26735713677125666  0.27683519479736607  0.28615245661355970
  0.29679622048489068  0.30865570735924147  0.32046897853687673  0.33241675922326713
  0.34369194945784920  0.35457178741046669  0.36506828308995204  0.37614770008648274
  0.38730321146726526  0.39812868769752036  0.40831154315052159  0.41838653408988985
  0.42863485171956733  0.43949159205344662  0.45020152276263431  0.46079745492227725
  0.47093640572471357  0.48160951297025628  0.49249688637242733  0.50347143014375362
  0.51420032816048300  0.52513690481810837  0.53585077870631226  0.54649271168615354
  0.55712125173647464  0.56791796293504504  0.57878942843283643  0.58871601428948650
  0.59839819967200891  0.60803007151310751  0.61775752367657322  0.62743316131786953
  0.63763441394838216  0.64783384757285845  0.65866814103804838  0.66932482767639001
  0.67965698722025902  0.69009973960000603  0.70064554060099515  0.71140394338367186
  0.72236486018263402  0.73335132069519260  0.74435507652425459  0.75495935923043156
  0.76516164568002099  0.77544951657158279  0.78622965649122645  0.79742151319537358
  0.80847231070980952  0.81925542346708347  0.82968928805853537  0.83937619372859762
  0.84876356220765825  0.85841567935837759  0.86826332281619978  0.87868012295375997
  0.88868820893402878  0.89816239624268845  0.90767048283404561  0.91812460093004711
  0.92936733243622915  0.94044614662927639  0.95074200686993460  0.96056431331113723
  0.97027576227523671  0.98052149873316263  0.99012659768914046  1.00000000000000000
 -0.00270720298730108  0.00992060258324597  0.02106471746317459  0.03221487215548009
  0.04388346743072939  0.05575380444479504  0.06719078930193048  0.07797083404085199
  0.08853453754790142  0.09888534268917774  0.10907247412201561  0.11968656865200293
  0.13077587343782104  0.14200514348346002  0.15318023436544875  0.16387908040275131
  0.17396206452085405  0.18372506357264165  0.19318815996441152  0.20354874025819819
  0.21463949066502436  0.22565045942250675  0.23679747768680462  0.24817340639352567
  0.25964656221123011  0.27091030812751293  0.28202132159439680  0.29321872234627883
  0.30459992367997557  0.31623026936953441  0.32786644468365617  0.33894677559667602
  0.34916634547096659  0.35870780877094904  0.36828201631661012  0.37839321465784775
  0.38858695040253727  0.39903362368069772  0.40949709313562799  0.42053369879546160
  0.43173053973048181  0.44315361101427980  0.45449527684425739  0.46535945954205205
  0.47583781058360192  0.48631113542334009  0.49764475889419940  0.50974792603623542
  0.52151084146631066  0.53261933755478985  0.54321578975773577  0.55336362319517485
  0.56319802020561027  0.57293346143755508  0.58313765128514838  0.59405802812439068
  0.60533852238889363  0.61659442087983074  0.62748824165585881  0.63781814208697740
  0.64729154610999162  0.65654271306093825  0.66588072337356674  0.67567038113323163
  0.68575636727831013  0.69614749506703888  0.70675877490960926  0.71721806717898362
  0.72735623138589822  0.73707817413269272  0.74643474298544987  0.75595645737973283
  0.76600305944491398  0.77691711876107628  0.78768808057702622  0.79722324197731709
  0.80655557977037817  0.81616126529366273  0.82575876781261015  0.83539233459097273
  0.84506062446245334  0.85484841741264050  0.86540666055646787  0.87607542036134600
  0.88633312605481829  0.89655601193630385  0.90634868166393712  0.91658371712488573
  0.92702949427171522  0.93720640472818562  0.94721459236833772  0.95742499675832826
  0.96836652596061723  0.97931847638133795  0.98970019095303352  1.00000000000000000
 -0.00224469760566683  0.00924251058637965  0.01950490497810541  0.03010763063553220
  0.04082585076409252  0.05177530270086057  0.06261177711828800  0.07338544898079967
  0.08456963494009288  0.09416908403513281  0.10431583534177556  0.11405863528871517
  0.12434715919043099  0.13492029914625181  0.14533922027073398  0.15579745553648716
  0.16585486370583544  0.17538869512546731  0.18485675861212131  0.19427781591945320
  0.20366321520771774  0.21324645994135874  0.22292397898459115  0.23274946571042207
  0.24298465192407950  0.25340432291595033  0.26394658205945409  0.27447015563244215
  0.28489165940740624  0.29579623679512218  0.30712389363367137  0.31868776071817756
  0.33040123342223499  0.34214887595407784  0.35362785798919089  0.36492819720818526
  0.37612881346186078  0.38708053325721636  0.39812162567828868  0.40872437850125937
  0.41977582922516377  0.43047515039536632  0.44069184226940294  0.45033154894434579
  0.46070523175208983  0.47154935582622776  0.48325215543649952  0.49429883596430502
  0.50430869588508764  0.51474679723185957  0.52478456390812078  0.53567397971985731
  0.54624082489138825  0.55596067102651281  0.56559136852945679  0.57605611531678036
  0.58640239001139283  0.59617553665702216  0.60603516962822113  0.61594308056044034
  0.62588718542124699  0.63543327711692954  0.64493137893203967  0.65593194523117748
  0.66772399928370751  0.67947691343514960  0.69088388910656684  0.70161840324486835
  0.71194352941281391  0.72244502390281773  0.73330436649255670  0.74441132181873926
  0.75555544858184909  0.76650852440334094  0.77727903547901633  0.78764335267345953
  0.79775575558078404  0.80771819588433291  0.81796688267131257  0.82893653168769299
  0.84022905497711908  0.85123244766498130  0.86194044170986539  0.87268729123269950
  0.88345553546507927  0.89425097343645543  0.90476439845976997  0.91535984021869221
  0.92634879930674596  0.93811994882211047  0.94968399317841667  0.96077470564373446
  0.97087384833730173  0.98056779509088243  0.99004601200480480  1.00000000000000000
  0.00003439973314569  0.00014540042508444  0.00047827234604986  0.00094778594956549
  0.00148774656957786  0.00192836503351634  0.00232262294307122  0.00277079861438004
  0.00323532194315330  0.00371072382810728  0.00419409780772740  0.00468091550230224
  0.00518404789983194  0.00569506267756041  0.00621475324480804  0.00673904280094374
  0.00725933590114503  0.00776971774119331  0.00828775764233425  0.00879945816741853
  0.00930728848959653  0.00981155673135382  0.01031423179633988  0.01082368195602234
  0.01134356509908813  0.01187679383112831  0.01244220186691450  0.01299903539614671
  0.01358560460503797  0.01418672004998589  0.01479632839186377  0.01542197160709747
  0.01606709383731563  0.01671942364079467  0.01737708063570675  0.01803118906623625
  0.01869423069092756  0.01937888673658406  0.02011417200053656  0.02082028317210206
  0.02151824973517146  0.02218700616988138  0.02282845335836514  0.02347213372221370
  0.02411880590857481  0.02476326419874456  0.02540302864768838  0.02606698413713710
  0.02677000179792169  0.02750300501584802  0.02821272050179576  0.02891059312765396
  0.02959934117501679  0.03029563014570901  0.03102943969255486  0.03181409886051410
  0.03264822268631491  0.03349353847209655  0.03434235285319286  0.03522481123935992
  0.03614895129723798  0.03710302664365318  0.03810023110328319  0.03910169347109661
  0.04007115206914882  0.04096417475996094  0.04184039724514602  0.04282264334879957
  0.04394053960902206  0.04520747499578495  0.04657929318571996  0.04799390610968279
  0.04944568609885205  0.05092489603072339  0.05241409256336688  0.05390703541026227
  0.05553225774182088  0.05710294036083418  0.05867259517694182  0.06032543147960614
  0.06202522573438077  0.06381659611274036  0.06583597555180883  0.06786106252237852
  0.07078259637714016  0.07405683480322346  0.07719838843429148  0.08002417581640116
  0.08248605448743881  0.08764000403461857  0.09476028362002080  0.10286648324223108
  0.11388869950807846  0.14041233335293832  0.19148499220832707  1.00000000000000000
 -0.00252205577874364  0.01027117164875508  0.02234340365794354  0.03439551535658943
  0.04685743522989567  0.05916458359554969  0.07139471878708824  0.08371740248555000
  0.09533326549526229  0.10760341080642001  0.11989466753889028  0.13174054645003619
  0.14266248433369833  0.15317716996998448  0.16356042320300782  0.17434421945601472
  0.18583365898441917  0.19830703910588093  0.21066922785949094  0.22223668764523258
  0.23328103717377693  0.24447978254628572  0.25584082176971207  0.26661452407088587
  0.27754581338478951  0.28851591307308133  0.29960283039527147  0.31076576674898804
  0.32056350444429438  0.33025312583808025  0.34006641010138805  0.35005963670727502
  0.35932240397234888  0.36778534781896188  0.37651064111486948  0.38624299591635369
  0.39646458806281898  0.40634606303919868  0.41582973917951593  0.42500873038353065
  0.43413964764370661  0.44342076521038998  0.45294697261811645  0.46293283769403443
  0.47314761664325800  0.48340586604332508  0.49314169935725799  0.50198503554822616
  0.51048857480558885  0.51925187180342824  0.52833912592701582  0.53728234613666082
  0.54591684258902196  0.55437745819688222  0.56296353147964107  0.57207237005801936
  0.58190186373660147  0.59203783695901036  0.60239045590135276  0.61272031522437875
  0.62239265651972775  0.63235470687031192  0.64228612730202417  0.65187028197359675
  0.66102241473954193  0.67002287571218699  0.67903630956409233  0.68797189705063588
  0.69653092474513123  0.70498311811883640  0.71421589058650581  0.72436091406085223
  0.73444141999645551  0.74408199141326048  0.75414478176267252  0.76452239500923269
  0.77476679881626331  0.78481356171029004  0.79498320200018213  0.80592427576569414
  0.81769942606987489  0.83022449148369049  0.84269354150836218  0.85468151840212325
  0.86654924351347062  0.87893408546676011  0.89195992003740165  0.90464463782551541
  0.91680351815484218  0.92882094773842994  0.94133370229723079  0.95404476922398296
  0.96560842880950226  0.97689785932981965  0.98798902180313530  1.00000000000000000
  0.00367405288196798  0.24357549679011586  0.34108683101090581  0.41690085756572187
  0.47631432432597115  0.52502856355958949  0.56566590062262256  0.59997048539482312
  0.63023286396494627  0.65680004868959285  0.68023295651415483  0.70173438176340730
  0.72101073491125045  0.73834468008059795  0.75429747243074807  0.76871439800127883
  0.78185177802608352  0.79407726684406155  0.80537855992158069  0.81594379268847117
  0.82568077448517252  0.83476926691318598  0.84332752598248051  0.85158634466546423
  0.85930485700359815  0.86650106386739401  0.87325185703172958  0.87954147462411869
  0.88539970539649515  0.89086027493362274  0.89602057740539354  0.90088461886053450
  0.90550787511994713  0.90987186673440124  0.91393730133617923  0.91766741139514518
  0.92115179659330426  0.92446672904441318  0.92770035922180893  0.93085595382585085
  0.93390094051883532  0.93682624506604828  0.93951895406448249  0.94195493355703264
  0.94438142290532079  0.94672492363438310  0.94908755317187199  0.95138084800638190
  0.95363660829907804  0.95590741812514513  0.95803839932422086  0.95979961549557136
  0.96150885436280942  0.96320468353829169  0.96479467424661536  0.96628741888022629
  0.96772056428726350  0.96909115196920081  0.97042580843746440  0.97174468324693808
  0.97299580739523839  0.97418882737930446  0.97529242721273957  0.97632589328581698
  0.97735345487322522  0.97837922116028053  0.97938548337210340  0.98037902587207060
  0.98134231513200598  0.98227401693651117  0.98318001659436327  0.98404900432054898
  0.98487440058024600  0.98567116983903036  0.98642543249118853  0.98717414278040072
  0.98790723683807724  0.98862204494610539  0.98932445602215657  0.99002471490743371
  0.99067612164462771  0.99132587137982975  0.99198202094829491  0.99263782889616403
  0.99326677777344408  0.99387030176155000  0.99443305298240614  0.99497848217232188
  0.99550929635625918  0.99601733586797880  0.99655859502802391  0.99710083136920569
  0.99767956105283562  0.99833404581237850  0.99909066739192431  1.00000000000000000
 -0.02166293510256002  0.10597375484963911  0.14430888199371655  0.16996330775518637
  0.18991331386451463  0.20748730565860948  0.22401283459847904  0.23864959845670530
  0.25136093095661177  0.26272012608508222  0.27358359187367270  0.28420393807352279
  0.29431802674822216  0.30386894066737802  0.31293664042945973  0.32168416653703175
  0.33030289231811255  0.33882858186592879  0.34754170896627218  0.35589119657364038
  0.36343254794047458  0.37064718264738217  0.37808762850352995  0.38547872626199720
  0.39291510175422595  0.40026223844048031  0.40755467994942585  0.41468971122628223
  0.42127858510308791  0.42769380394738127  0.43464626953224211  0.44113783647392119
  0.44728748763649029  0.45327222158869135  0.45936147929474358  0.46552149935883397
  0.47159907752025820  0.47732355506905472  0.48340246874072967  0.48985114448554268
  0.49648081140471972  0.50303830767792757  0.50929668598263378  0.51542072268795158
  0.52157465977106099  0.52783203722042460  0.53415233160142317  0.54043838912192166
  0.54642130637749164  0.55218587936057284  0.55761344643535138  0.56299633208306910
  0.56848213242083367  0.57382885914021708  0.57913361270922614  0.58472426940299227
  0.59052787069887158  0.59630131329785885  0.60198932049035025  0.60766507645696211
  0.61344535456403537  0.61940391497221947  0.62566787829175219  0.63225060695483060
  0.63876866141287669  0.64511144742369841  0.65135795164008803  0.65730673787562499
  0.66363122058539303  0.67008451333134178  0.67699961588037960  0.68407271856214580
  0.69104329666734454  0.69789471923815904  0.70465582361873169  0.71148376200255758
  0.71865234721606630  0.72590809832694481  0.73304685115876711  0.74012709983129232
  0.74701437520899272  0.75391230366583784  0.76108218468348321  0.76885512947256751
  0.77735835803508213  0.78627682495721551  0.79540035155473676  0.80490165411047065
  0.81509794342104203  0.82608945193903183  0.83821184508705937  0.85181726904806299
  0.86798846811527319  0.88871522445791806  0.92113186524890256  1.00000000000000000
   1.1264694651297856E-009  -1.0000000000000000     
 F F F F F F F F F F F F F F F F F F F F F F F F F F F F F F F F F F F F F F F F F F F F F F F F F F F F F F F F F F F F F F F F F F F F F F F F F F F F F F F F F F F F F F F F F F F F F F F F F F F F F F F F F F F F F F F F F F F F F F F F F F F F F F F F
  <DiscreteSampler_grid>
  grouped_processes
  1 # 1 for a reference and 2 for a running grid.
  10 # Attribute 'min_bin_probing_points' of the grid.
  1 # Attribute 'grid_mode' of the grid. 1=='default',2=='initialization'
  0.0000000000000000 # Attribute 'small_contrib_threshold' of the grid.
  0.5000000000000000 # Attribute 'damping_power' of the grid.
 # binID   n_entries weight   weight_sqr   abs_weight
    10   10   6.605820055932606E+002   1.920214812146180E+006   6.605820055932606E+002
  </DiscreteSampler_grid>
